641,266
641,267
641,268
641,269
641,270
641,271
641,272
641,273
641,274
641,275
641,276
641,277
641,278
641,279
641,280
641,281
641,282
641,283
641,284
641,285
641,286
641,287
641,288
641,289
641,290
641,291
641,292
641,293
641,294
641,295
641,296
641,297
641,298
641,299
641,300
641,301
641,302
641,303
641,304
641,305
641,306
641,307
641,308
641,309
641,310
641,311
641,312
641,313
641,314
641,315
641,316
641,317
641,318
641,319
641,320
641,321
641,322
641,323
641,324
641,325
641,326
641,327
641,328
641,329
641,330
641,331
641,332
641,333
641,334
641,335
641,336
641,337
641,338
641,339
641,340
641,341
641,342
641,343
641,344
641,345
641,346
641,347
641,348
641,349
641,350
641,351
641,352
641,353
641,354
641,355
641,356
641,357
641,358
641,359
641,360
641,361
641,362
641,363
641,364
641,365
641,366
641,367
641,368
641,369
641,370
641,371
641,372
641,373
641,374
641,375
641,376
641,377
641,378
641,379
641,380
641,381
641,382
641,383
641,384
641,385
641,386
641,387
641,388
641,389
641,390
641,391
641,392
641,393
638,356
639,356
640,356
642,356
643,356
644,356
645,356
646,356
647,356
648,356
649,356
650,356
651,356
652,356
653,356
654,356
655,356
656,356
657,356
658,356
659,356
660,356
661,356
662,356
663,356
664,356
665,356
666,356
667,356
668,356
669,356
670,356
671,356
672,356
673,356
674,356
675,356
676,356
677,356
678,356
679,356
680,356
681,356
682,356
683,356
684,356
685,356
686,356
687,356
688,356
689,356
690,356
691,356
692,356
693,356
694,356
695,356
696,356
697,356
698,356
699,356
700,356
701,356
702,356
703,356
704,356
705,356
706,356
707,356
708,356
709,356
710,356
711,356
712,356
713,356
714,356
715,356
716,356
717,356
718,356
719,356
720,356
721,356
722,356
723,356
724,356
725,356
726,356
727,356
728,356
729,356
730,356
731,356
732,356
733,356
734,356
735,356
736,356
737,356
738,356
739,356
740,356
741,356
742,356
743,356
744,356
745,356
746,356
747,356
748,356
749,356
750,356
751,356
752,356
753,356
754,356
755,356
756,356
757,356
758,356
759,356
760,356
761,356
762,356
763,356
764,356
765,356
69,402
69,403
69,404
69,405
69,406
69,407
69,408
69,409
69,410
69,411
69,412
69,413
69,414
69,415
69,416
69,417
69,418
69,419
69,420
69,421
69,422
69,423
69,424
69,425
69,426
69,427
69,428
69,429
69,430
69,431
69,432
69,433
69,434
69,435
69,436
69,437
69,438
69,439
69,440
69,441
69,442
69,443
69,444
69,445
69,446
69,447
69,448
69,449
69,450
69,451
69,452
69,453
69,454
69,455
69,456
69,457
69,458
69,459
69,460
69,461
69,462
69,463
69,464
69,465
69,466
69,467
69,468
69,469
69,470
69,471
69,472
69,473
69,474
69,475
69,476
69,477
69,478
69,479
69,480
69,481
69,482
69,483
69,484
69,485
69,486
69,487
69,488
69,489
69,490
69,491
69,492
69,493
69,494
69,495
69,496
69,497
69,498
69,499
69,500
69,501
69,502
69,503
69,504
69,505
69,506
69,507
69,508
69,509
69,510
69,511
69,512
69,513
69,514
69,515
69,516
69,517
69,518
69,519
69,520
69,521
69,522
69,523
69,524
69,525
69,526
69,527
69,528
69,529
35,520
36,520
37,520
38,520
39,520
40,520
41,520
42,520
43,520
44,520
45,520
46,520
47,520
48,520
49,520
50,520
51,520
52,520
53,520
54,520
55,520
56,520
57,520
58,520
59,520
60,520
61,520
62,520
63,520
64,520
65,520
66,520
67,520
68,520
70,520
71,520
72,520
73,520
74,520
75,520
76,520
77,520
78,520
79,520
80,520
81,520
82,520
83,520
84,520
85,520
86,520
87,520
88,520
89,520
90,520
91,520
92,520
93,520
94,520
95,520
96,520
97,520
98,520
99,520
100,520
101,520
102,520
103,520
104,520
105,520
106,520
107,520
108,520
109,520
110,520
111,520
112,520
113,520
114,520
115,520
116,520
117,520
118,520
119,520
120,520
121,520
122,520
123,520
124,520
125,520
126,520
127,520
128,520
129,520
130,520
131,520
132,520
133,520
134,520
135,520
136,520
137,520
138,520
139,520
140,520
141,520
142,520
143,520
144,520
145,520
146,520
147,520
148,520
149,520
150,520
151,520
152,520
153,520
154,520
155,520
156,520
157,520
158,520
159,520
160,520
161,520
162,520
364,568
364,569
364,570
364,571
364,572
364,573
364,574
364,575
364,576
364,577
364,578
364,579
364,580
364,581
364,582
364,583
364,584
364,585
364,586
364,587
364,588
364,589
364,590
364,591
364,592
364,593
364,594
364,595
364,596
364,597
364,598
364,599
364,600
364,601
364,602
364,603
364,604
364,605
364,606
364,607
364,608
364,609
364,610
364,611
364,612
364,613
364,614
364,615
364,616
364,617
364,618
364,619
364,620
364,621
364,622
364,623
364,624
364,625
364,626
364,627
364,628
364,629
364,630
364,631
364,632
364,633
364,634
364,635
364,636
364,637
364,638
364,639
364,640
364,641
364,642
364,643
364,644
364,645
364,646
364,647
364,648
364,649
364,650
364,651
364,652
364,653
364,654
364,655
364,656
364,657
364,658
364,659
364,660
364,661
364,662
364,663
364,664
364,665
364,666
364,667
364,668
364,669
364,670
364,671
364,672
364,673
364,674
364,675
364,676
364,677
364,678
364,679
364,680
364,681
364,682
364,683
364,684
364,685
364,686
364,687
364,688
364,689
364,690
364,691
364,692
364,693
364,694
364,695
336,690
337,690
338,690
339,690
340,690
341,690
342,690
343,690
344,690
345,690
346,690
347,690
348,690
349,690
350,690
351,690
352,690
353,690
354,690
355,690
356,690
357,690
358,690
359,690
360,690
361,690
362,690
363,690
365,690
366,690
367,690
368,690
369,690
370,690
371,690
372,690
373,690
374,690
375,690
376,690
377,690
378,690
379,690
380,690
381,690
382,690
383,690
384,690
385,690
386,690
387,690
388,690
389,690
390,690
391,690
392,690
393,690
394,690
395,690
396,690
397,690
398,690
399,690
400,690
401,690
402,690
403,690
404,690
405,690
406,690
407,690
408,690
409,690
410,690
411,690
412,690
413,690
414,690
415,690
416,690
417,690
418,690
419,690
420,690
421,690
422,690
423,690
424,690
425,690
426,690
427,690
428,690
429,690
430,690
431,690
432,690
433,690
434,690
435,690
436,690
437,690
438,690
439,690
440,690
441,690
442,690
443,690
444,690
445,690
446,690
447,690
448,690
449,690
450,690
451,690
452,690
453,690
454,690
455,690
456,690
457,690
458,690
459,690
460,690
461,690
462,690
463,690
246,482
246,483
246,484
246,485
246,486
246,487
246,488
246,489
246,490
246,491
246,492
246,493
246,494
246,495
246,496
246,497
246,498
246,499
246,500
246,501
246,502
246,503
246,504
246,505
246,506
246,507
246,508
246,509
246,510
246,511
246,512
246,513
246,514
246,515
246,516
246,517
246,518
246,519
246,520
246,521
246,522
246,523
246,524
246,525
246,526
246,527
246,528
246,529
246,530
246,531
246,532
246,533
246,534
246,535
246,536
246,537
246,538
246,539
246,540
246,541
246,542
246,543
246,544
246,545
246,546
246,547
246,548
246,549
246,550
246,551
246,552
246,553
246,554
246,555
246,556
246,557
246,558
246,559
246,560
246,561
246,562
246,563
246,564
246,565
246,566
246,567
246,568
246,569
246,570
246,571
246,572
246,573
246,574
246,575
246,576
246,577
246,578
246,579
246,580
246,581
246,582
246,583
246,584
246,585
246,586
246,587
246,588
246,589
246,590
246,591
246,592
246,593
246,594
246,595
246,596
246,597
246,598
246,599
246,600
246,601
246,602
246,603
246,604
246,605
246,606
246,607
246,608
246,609
225,538
226,538
227,538
228,538
229,538
230,538
231,538
232,538
233,538
234,538
235,538
236,538
237,538
238,538
239,538
240,538
241,538
242,538
243,538
244,538
245,538
247,538
248,538
249,538
250,538
251,538
252,538
253,538
254,538
255,538
256,538
257,538
258,538
259,538
260,538
261,538
262,538
263,538
264,538
265,538
266,538
267,538
268,538
269,538
270,538
271,538
272,538
273,538
274,538
275,538
276,538
277,538
278,538
279,538
280,538
281,538
282,538
283,538
284,538
285,538
286,538
287,538
288,538
289,538
290,538
291,538
292,538
293,538
294,538
295,538
296,538
297,538
298,538
299,538
300,538
301,538
302,538
303,538
304,538
305,538
306,538
307,538
308,538
309,538
310,538
311,538
312,538
313,538
314,538
315,538
316,538
317,538
318,538
319,538
320,538
321,538
322,538
323,538
324,538
325,538
326,538
327,538
328,538
329,538
330,538
331,538
332,538
333,538
334,538
335,538
336,538
337,538
338,538
339,538
340,538
341,538
342,538
343,538
344,538
345,538
346,538
347,538
348,538
349,538
350,538
351,538
352,538
75,770
75,771
75,772
75,773
75,774
75,775
75,776
75,777
75,778
75,779
75,780
75,781
75,782
75,783
75,784
75,785
75,786
75,787
75,788
75,789
75,790
75,791
75,792
75,793
75,794
75,795
75,796
75,797
75,798
75,799
75,800
75,801
75,802
75,803
75,804
75,805
75,806
75,807
75,808
75,809
75,810
75,811
75,812
75,813
75,814
75,815
75,816
75,817
75,818
75,819
75,820
75,821
75,822
75,823
75,824
75,825
75,826
75,827
75,828
75,829
75,830
75,831
75,832
75,833
75,834
75,835
75,836
75,837
75,838
75,839
75,840
75,841
75,842
75,843
75,844
75,845
75,846
75,847
75,848
75,849
75,850
75,851
75,852
75,853
75,854
75,855
75,856
75,857
75,858
75,859
75,860
75,861
75,862
75,863
75,864
75,865
75,866
75,867
75,868
75,869
75,870
75,871
75,872
75,873
75,874
75,875
75,876
75,877
75,878
75,879
75,880
75,881
75,882
75,883
75,884
75,885
75,886
75,887
75,888
75,889
75,890
75,891
75,892
75,893
75,894
75,895
75,896
75,897
31,866
32,866
33,866
34,866
35,866
36,866
37,866
38,866
39,866
40,866
41,866
42,866
43,866
44,866
45,866
46,866
47,866
48,866
49,866
50,866
51,866
52,866
53,866
54,866
55,866
56,866
57,866
58,866
59,866
60,866
61,866
62,866
63,866
64,866
65,866
66,866
67,866
68,866
69,866
70,866
71,866
72,866
73,866
74,866
76,866
77,866
78,866
79,866
80,866
81,866
82,866
83,866
84,866
85,866
86,866
87,866
88,866
89,866
90,866
91,866
92,866
93,866
94,866
95,866
96,866
97,866
98,866
99,866
100,866
101,866
102,866
103,866
104,866
105,866
106,866
107,866
108,866
109,866
110,866
111,866
112,866
113,866
114,866
115,866
116,866
117,866
118,866
119,866
120,866
121,866
122,866
123,866
124,866
125,866
126,866
127,866
128,866
129,866
130,866
131,866
132,866
133,866
134,866
135,866
136,866
137,866
138,866
139,866
140,866
141,866
142,866
143,866
144,866
145,866
146,866
147,866
148,866
149,866
150,866
151,866
152,866
153,866
154,866
155,866
156,866
157,866
158,866
619,541
619,542
619,543
619,544
619,545
619,546
619,547
619,548
619,549
619,550
619,551
619,552
619,553
619,554
619,555
619,556
619,557
619,558
619,559
619,560
619,561
619,562
619,563
619,564
619,565
619,566
619,567
619,568
619,569
619,570
619,571
619,572
619,573
619,574
619,575
619,576
619,577
619,578
619,579
619,580
619,581
619,582
619,583
619,584
619,585
619,586
619,587
619,588
619,589
619,590
619,591
619,592
619,593
619,594
619,595
619,596
619,597
619,598
619,599
619,600
619,601
619,602
619,603
619,604
619,605
619,606
619,607
619,608
619,609
619,610
619,611
619,612
619,613
619,614
619,615
619,616
619,617
619,618
619,619
619,620
619,621
619,622
619,623
619,624
619,625
619,626
619,627
619,628
619,629
619,630
619,631
619,632
619,633
619,634
619,635
619,636
619,637
619,638
619,639
619,640
619,641
619,642
619,643
619,644
619,645
619,646
619,647
619,648
619,649
619,650
619,651
619,652
619,653
619,654
619,655
619,656
619,657
619,658
619,659
619,660
619,661
619,662
619,663
619,664
619,665
619,666
619,667
619,668
571,637
572,637
573,637
574,637
575,637
576,637
577,637
578,637
579,637
580,637
581,637
582,637
583,637
584,637
585,637
586,637
587,637
588,637
589,637
590,637
591,637
592,637
593,637
594,637
595,637
596,637
597,637
598,637
599,637
600,637
601,637
602,637
603,637
604,637
605,637
606,637
607,637
608,637
609,637
610,637
611,637
612,637
613,637
614,637
615,637
616,637
617,637
618,637
620,637
621,637
622,637
623,637
624,637
625,637
626,637
627,637
628,637
629,637
630,637
631,637
632,637
633,637
634,637
635,637
636,637
637,637
638,637
639,637
640,637
641,637
642,637
643,637
644,637
645,637
646,637
647,637
648,637
649,637
650,637
651,637
652,637
653,637
654,637
655,637
656,637
657,637
658,637
659,637
660,637
661,637
662,637
663,637
664,637
665,637
666,637
667,637
668,637
669,637
670,637
671,637
672,637
673,637
674,637
675,637
676,637
677,637
678,637
679,637
680,637
681,637
682,637
683,637
684,637
685,637
686,637
687,637
688,637
689,637
690,637
691,637
692,637
693,637
694,637
695,637
696,637
697,637
698,637
888,255
888,256
888,257
888,258
888,259
888,260
888,261
888,262
888,263
888,264
888,265
888,266
888,267
888,268
888,269
888,270
888,271
888,272
888,273
888,274
888,275
888,276
888,277
888,278
888,279
888,280
888,281
888,282
888,283
888,284
888,285
888,286
888,287
888,288
888,289
888,290
888,291
888,292
888,293
888,294
888,295
888,296
888,297
888,298
888,299
888,300
888,301
888,302
888,303
888,304
888,305
888,306
888,307
888,308
888,309
888,310
888,311
888,312
888,313
888,314
888,315
888,316
888,317
888,318
888,319
888,320
888,321
888,322
888,323
888,324
888,325
888,326
888,327
888,328
888,329
888,330
888,331
888,332
888,333
888,334
888,335
888,336
888,337
888,338
888,339
888,340
888,341
888,342
888,343
888,344
888,345
888,346
888,347
888,348
888,349
888,350
888,351
888,352
888,353
888,354
888,355
888,356
888,357
888,358
888,359
888,360
888,361
888,362
888,363
888,364
888,365
888,366
888,367
888,368
888,369
888,370
888,371
888,372
888,373
888,374
888,375
888,376
888,377
888,378
888,379
888,380
888,381
888,382
861,371
862,371
863,371
864,371
865,371
866,371
867,371
868,371
869,371
870,371
871,371
872,371
873,371
874,371
875,371
876,371
877,371
878,371
879,371
880,371
881,371
882,371
883,371
884,371
885,371
886,371
887,371
889,371
890,371
891,371
892,371
893,371
894,371
895,371
896,371
897,371
898,371
899,371
900,371
901,371
902,371
903,371
904,371
905,371
906,371
907,371
908,371
909,371
910,371
911,371
912,371
913,371
914,371
915,371
916,371
917,371
918,371
919,371
920,371
921,371
922,371
923,371
924,371
925,371
926,371
927,371
928,371
929,371
930,371
931,371
932,371
933,371
934,371
935,371
936,371
937,371
938,371
939,371
940,371
941,371
942,371
943,371
944,371
945,371
946,371
947,371
948,371
949,371
950,371
951,371
952,371
953,371
954,371
955,371
956,371
957,371
958,371
959,371
960,371
961,371
962,371
963,371
964,371
965,371
966,371
967,371
968,371
969,371
970,371
971,371
972,371
973,371
974,371
975,371
976,371
977,371
978,371
979,371
980,371
981,371
982,371
983,371
984,371
985,371
986,371
987,371
988,371
758,808
758,809
758,810
758,811
758,812
758,813
758,814
758,815
758,816
758,817
758,818
758,819
758,820
758,821
758,822
758,823
758,824
758,825
758,826
758,827
758,828
758,829
758,830
758,831
758,832
758,833
758,834
758,835
758,836
758,837
758,838
758,839
758,840
758,841
758,842
758,843
758,844
758,845
758,846
758,847
758,848
758,849
758,850
758,851
758,852
758,853
758,854
758,855
758,856
758,857
758,858
758,859
758,860
758,861
758,862
758,863
758,864
758,865
758,866
758,867
758,868
758,869
758,870
758,871
758,872
758,873
758,874
758,875
758,876
758,877
758,878
758,879
758,880
758,881
758,882
758,883
758,884
758,885
758,886
758,887
758,888
758,889
758,890
758,891
758,892
758,893
758,894
758,895
758,896
758,897
758,898
758,899
758,900
758,901
758,902
758,903
758,904
758,905
758,906
758,907
758,908
758,909
758,910
758,911
758,912
758,913
758,914
758,915
758,916
758,917
758,918
758,919
758,920
758,921
758,922
758,923
758,924
758,925
758,926
758,927
758,928
758,929
758,930
758,931
758,932
758,933
758,934
758,935
689,833
690,833
691,833
692,833
693,833
694,833
695,833
696,833
697,833
698,833
699,833
700,833
701,833
702,833
703,833
704,833
705,833
706,833
707,833
708,833
709,833
710,833
711,833
712,833
713,833
714,833
715,833
716,833
717,833
718,833
719,833
720,833
721,833
722,833
723,833
724,833
725,833
726,833
727,833
728,833
729,833
730,833
731,833
732,833
733,833
734,833
735,833
736,833
737,833
738,833
739,833
740,833
741,833
742,833
743,833
744,833
745,833
746,833
747,833
748,833
749,833
750,833
751,833
752,833
753,833
754,833
755,833
756,833
757,833
759,833
760,833
761,833
762,833
763,833
764,833
765,833
766,833
767,833
768,833
769,833
770,833
771,833
772,833
773,833
774,833
775,833
776,833
777,833
778,833
779,833
780,833
781,833
782,833
783,833
784,833
785,833
786,833
787,833
788,833
789,833
790,833
791,833
792,833
793,833
794,833
795,833
796,833
797,833
798,833
799,833
800,833
801,833
802,833
803,833
804,833
805,833
806,833
807,833
808,833
809,833
810,833
811,833
812,833
813,833
814,833
815,833
816,833
505,120
505,121
505,122
505,123
505,124
505,125
505,126
505,127
505,128
505,129
505,130
505,131
505,132
505,133
505,134
505,135
505,136
505,137
505,138
505,139
505,140
505,141
505,142
505,143
505,144
505,145
505,146
505,147
505,148
505,149
505,150
505,151
505,152
505,153
505,154
505,155
505,156
505,157
505,158
505,159
505,160
505,161
505,162
505,163
505,164
505,165
505,166
505,167
505,168
505,169
505,170
505,171
505,172
505,173
505,174
505,175
505,176
505,177
505,178
505,179
505,180
505,181
505,182
505,183
505,184
505,185
505,186
505,187
505,188
505,189
505,190
505,191
505,192
505,193
505,194
505,195
505,196
505,197
505,198
505,199
505,200
505,201
505,202
505,203
505,204
505,205
505,206
505,207
505,208
505,209
505,210
505,211
505,212
505,213
505,214
505,215
505,216
505,217
505,218
505,219
505,220
505,221
505,222
505,223
505,224
505,225
505,226
505,227
505,228
505,229
505,230
505,231
505,232
505,233
505,234
505,235
505,236
505,237
505,238
505,239
505,240
505,241
505,242
505,243
505,244
505,245
505,246
505,247
438,124
439,124
440,124
441,124
442,124
443,124
444,124
445,124
446,124
447,124
448,124
449,124
450,124
451,124
452,124
453,124
454,124
455,124
456,124
457,124
458,124
459,124
460,124
461,124
462,124
463,124
464,124
465,124
466,124
467,124
468,124
469,124
470,124
471,124
472,124
473,124
474,124
475,124
476,124
477,124
478,124
479,124
480,124
481,124
482,124
483,124
484,124
485,124
486,124
487,124
488,124
489,124
490,124
491,124
492,124
493,124
494,124
495,124
496,124
497,124
498,124
499,124
500,124
501,124
502,124
503,124
504,124
506,124
507,124
508,124
509,124
510,124
511,124
512,124
513,124
514,124
515,124
516,124
517,124
518,124
519,124
520,124
521,124
522,124
523,124
524,124
525,124
526,124
527,124
528,124
529,124
530,124
531,124
532,124
533,124
534,124
535,124
536,124
537,124
538,124
539,124
540,124
541,124
542,124
543,124
544,124
545,124
546,124
547,124
548,124
549,124
550,124
551,124
552,124
553,124
554,124
555,124
556,124
557,124
558,124
559,124
560,124
561,124
562,124
563,124
564,124
565,124