134,319
135,319
136,319
137,319
138,319
139,319
140,319
141,319
142,319
143,319
144,319
145,319
146,319
147,319
148,319
149,319
150,319
151,319
152,319
153,319
154,319
155,319
156,319
157,319
158,319
159,319
160,319
161,319
162,319
163,319
164,319
165,319
166,319
167,319
168,319
169,319
170,319
171,319
172,319
173,319
174,319
175,319
176,319
177,319
178,319
179,319
180,319
181,319
182,319
183,319
184,319
185,319
186,319
187,319
188,319
189,319
190,319
191,319
192,319
193,319
194,319
195,319
196,319
197,319
198,319
199,319
200,319
201,319
202,319
203,319
204,319
205,319
206,319
207,319
208,319
209,319
210,319
211,319
212,319
213,319
214,319
215,319
216,319
217,319
218,319
219,319
220,319
221,319
222,319
223,319
224,319
225,319
226,319
227,319
228,319
229,319
230,319
231,319
232,319
233,319
234,319
235,319
236,319
237,319
238,319
239,319
240,319
241,319
242,319
243,319
244,319
245,319
246,319
247,319
248,319
249,319
250,319
251,319
252,319
253,319
254,319
255,319
256,319
257,319
258,319
259,319
260,319
261,319
628,783
629,783
630,783
631,783
632,783
633,783
634,783
635,783
636,783
637,783
638,783
639,783
640,783
641,783
642,783
643,783
644,783
645,783
646,783
647,783
648,783
649,783
650,783
651,783
652,783
653,783
654,783
655,783
656,783
657,783
658,783
659,783
660,783
661,783
662,783
663,783
664,783
665,783
666,783
667,783
668,783
669,783
670,783
671,783
672,783
673,783
674,783
675,783
676,783
677,783
678,783
679,783
680,783
681,783
682,783
683,783
684,783
685,783
686,783
687,783
688,783
689,783
690,783
691,783
692,783
693,783
694,783
695,783
696,783
697,783
698,783
699,783
700,783
701,783
702,783
703,783
704,783
705,783
706,783
707,783
708,783
709,783
710,783
711,783
712,783
713,783
714,783
715,783
716,783
717,783
718,783
719,783
720,783
721,783
722,783
723,783
724,783
725,783
726,783
727,783
728,783
729,783
730,783
731,783
732,783
733,783
734,783
735,783
736,783
737,783
738,783
739,783
740,783
741,783
742,783
743,783
744,783
745,783
746,783
747,783
748,783
749,783
750,783
751,783
752,783
753,783
754,783
755,783
639,746
640,746
641,746
642,746
643,746
644,746
645,746
646,746
647,746
648,746
649,746
650,746
651,746
652,746
653,746
654,746
655,746
656,746
657,746
658,746
659,746
660,746
661,746
662,746
663,746
664,746
665,746
666,746
667,746
668,746
669,746
670,746
671,746
672,746
673,746
674,746
675,746
676,746
677,746
678,746
679,746
680,746
681,746
682,746
683,746
684,746
685,746
686,746
687,746
688,746
689,746
690,746
691,746
692,746
693,746
694,746
695,746
696,746
697,746
698,746
699,746
700,746
701,746
702,746
703,746
704,746
705,746
706,746
707,746
708,746
709,746
710,746
711,746
712,746
713,746
714,746
715,746
716,746
717,746
718,746
719,746
720,746
721,746
722,746
723,746
724,746
725,746
726,746
727,746
728,746
729,746
730,746
731,746
732,746
733,746
734,746
735,746
736,746
737,746
738,746
739,746
740,746
741,746
742,746
743,746
744,746
745,746
746,746
747,746
748,746
749,746
750,746
751,746
752,746
753,746
754,746
755,746
756,746
757,746
758,746
759,746
760,746
761,746
762,746
763,746
764,746
765,746
766,746
482,49
483,49
484,49
485,49
486,49
487,49
488,49
489,49
490,49
491,49
492,49
493,49
494,49
495,49
496,49
497,49
498,49
499,49
500,49
501,49
502,49
503,49
504,49
505,49
506,49
507,49
508,49
509,49
510,49
511,49
512,49
513,49
514,49
515,49
516,49
517,49
518,49
519,49
520,49
521,49
522,49
523,49
524,49
525,49
526,49
527,49
528,49
529,49
530,49
531,49
532,49
533,49
534,49
535,49
536,49
537,49
538,49
539,49
540,49
541,49
542,49
543,49
544,49
545,49
546,49
547,49
548,49
549,49
550,49
551,49
552,49
553,49
554,49
555,49
556,49
557,49
558,49
559,49
560,49
561,49
562,49
563,49
564,49
565,49
566,49
567,49
568,49
569,49
570,49
571,49
572,49
573,49
574,49
575,49
576,49
577,49
578,49
579,49
580,49
581,49
582,49
583,49
584,49
585,49
586,49
587,49
588,49
589,49
590,49
591,49
592,49
593,49
594,49
595,49
596,49
597,49
598,49
599,49
600,49
601,49
602,49
603,49
604,49
605,49
606,49
607,49
608,49
609,49
761,974
762,974
763,974
764,974
765,974
766,974
767,974
768,974
769,974
770,974
771,974
772,974
773,974
774,974
775,974
776,974
777,974
778,974
779,974
780,974
781,974
782,974
783,974
784,974
785,974
786,974
787,974
788,974
789,974
790,974
791,974
792,974
793,974
794,974
795,974
796,974
797,974
798,974
799,974
800,974
801,974
802,974
803,974
804,974
805,974
806,974
807,974
808,974
809,974
810,974
811,974
812,974
813,974
814,974
815,974
816,974
817,974
818,974
819,974
820,974
821,974
822,974
823,974
824,974
825,974
826,974
827,974
828,974
829,974
830,974
831,974
832,974
833,974
834,974
835,974
836,974
837,974
838,974
839,974
840,974
841,974
842,974
843,974
844,974
845,974
846,974
847,974
848,974
849,974
850,974
851,974
852,974
853,974
854,974
855,974
856,974
857,974
858,974
859,974
860,974
861,974
862,974
863,974
864,974
865,974
866,974
867,974
868,974
869,974
870,974
871,974
872,974
873,974
874,974
875,974
876,974
877,974
878,974
879,974
880,974
881,974
882,974
883,974
884,974
885,974
886,974
887,974
888,974
818,109
819,109
820,109
821,109
822,109
823,109
824,109
825,109
826,109
827,109
828,109
829,109
830,109
831,109
832,109
833,109
834,109
835,109
836,109
837,109
838,109
839,109
840,109
841,109
842,109
843,109
844,109
845,109
846,109
847,109
848,109
849,109
850,109
851,109
852,109
853,109
854,109
855,109
856,109
857,109
858,109
859,109
860,109
861,109
862,109
863,109
864,109
865,109
866,109
867,109
868,109
869,109
870,109
871,109
872,109
873,109
874,109
875,109
876,109
877,109
878,109
879,109
880,109
881,109
882,109
883,109
884,109
885,109
886,109
887,109
888,109
889,109
890,109
891,109
892,109
893,109
894,109
895,109
896,109
897,109
898,109
899,109
900,109
901,109
902,109
903,109
904,109
905,109
906,109
907,109
908,109
909,109
910,109
911,109
912,109
913,109
914,109
915,109
916,109
917,109
918,109
919,109
920,109
921,109
922,109
923,109
924,109
925,109
926,109
927,109
928,109
929,109
930,109
931,109
932,109
933,109
934,109
935,109
936,109
937,109
938,109
939,109
940,109
941,109
942,109
943,109
944,109
945,109
556,951
557,951
558,951
559,951
560,951
561,951
562,951
563,951
564,951
565,951
566,951
567,951
568,951
569,951
570,951
571,951
572,951
573,951
574,951
575,951
576,951
577,951
578,951
579,951
580,951
581,951
582,951
583,951
584,951
585,951
586,951
587,951
588,951
589,951
590,951
591,951
592,951
593,951
594,951
595,951
596,951
597,951
598,951
599,951
600,951
601,951
602,951
603,951
604,951
605,951
606,951
607,951
608,951
609,951
610,951
611,951
612,951
613,951
614,951
615,951
616,951
617,951
618,951
619,951
620,951
621,951
622,951
623,951
624,951
625,951
626,951
627,951
628,951
629,951
630,951
631,951
632,951
633,951
634,951
635,951
636,951
637,951
638,951
639,951
640,951
641,951
642,951
643,951
644,951
645,951
646,951
647,951
648,951
649,951
650,951
651,951
652,951
653,951
654,951
655,951
656,951
657,951
658,951
659,951
660,951
661,951
662,951
663,951
664,951
665,951
666,951
667,951
668,951
669,951
670,951
671,951
672,951
673,951
674,951
675,951
676,951
677,951
678,951
679,951
680,951
681,951
682,951
683,951
492,694
493,694
494,694
495,694
496,694
497,694
498,694
499,694
500,694
501,694
502,694
503,694
504,694
505,694
506,694
507,694
508,694
509,694
510,694
511,694
512,694
513,694
514,694
515,694
516,694
517,694
518,694
519,694
520,694
521,694
522,694
523,694
524,694
525,694
526,694
527,694
528,694
529,694
530,694
531,694
532,694
533,694
534,694
535,694
536,694
537,694
538,694
539,694
540,694
541,694
542,694
543,694
544,694
545,694
546,694
547,694
548,694
549,694
550,694
551,694
552,694
553,694
554,694
555,694
556,694
557,694
558,694
559,694
560,694
561,694
562,694
563,694
564,694
565,694
566,694
567,694
568,694
569,694
570,694
571,694
572,694
573,694
574,694
575,694
576,694
577,694
578,694
579,694
580,694
581,694
582,694
583,694
584,694
585,694
586,694
587,694
588,694
589,694
590,694
591,694
592,694
593,694
594,694
595,694
596,694
597,694
598,694
599,694
600,694
601,694
602,694
603,694
604,694
605,694
606,694
607,694
608,694
609,694
610,694
611,694
612,694
613,694
614,694
615,694
616,694
617,694
618,694
619,694
385,901
386,901
387,901
388,901
389,901
390,901
391,901
392,901
393,901
394,901
395,901
396,901
397,901
398,901
399,901
400,901
401,901
402,901
403,901
404,901
405,901
406,901
407,901
408,901
409,901
410,901
411,901
412,901
413,901
414,901
415,901
416,901
417,901
418,901
419,901
420,901
421,901
422,901
423,901
424,901
425,901
426,901
427,901
428,901
429,901
430,901
431,901
432,901
433,901
434,901
435,901
436,901
437,901
438,901
439,901
440,901
441,901
442,901
443,901
444,901
445,901
446,901
447,901
448,901
449,901
450,901
451,901
452,901
453,901
454,901
455,901
456,901
457,901
458,901
459,901
460,901
461,901
462,901
463,901
464,901
465,901
466,901
467,901
468,901
469,901
470,901
471,901
472,901
473,901
474,901
475,901
476,901
477,901
478,901
479,901
480,901
481,901
482,901
483,901
484,901
485,901
486,901
487,901
488,901
489,901
490,901
491,901
492,901
493,901
494,901
495,901
496,901
497,901
498,901
499,901
500,901
501,901
502,901
503,901
504,901
505,901
506,901
507,901
508,901
509,901
510,901
511,901
512,901
638,960
639,960
640,960
641,960
642,960
643,960
644,960
645,960
646,960
647,960
648,960
649,960
650,960
651,960
652,960
653,960
654,960
655,960
656,960
657,960
658,960
659,960
660,960
661,960
662,960
663,960
664,960
665,960
666,960
667,960
668,960
669,960
670,960
671,960
672,960
673,960
674,960
675,960
676,960
677,960
678,960
679,960
680,960
681,960
682,960
683,960
684,960
685,960
686,960
687,960
688,960
689,960
690,960
691,960
692,960
693,960
694,960
695,960
696,960
697,960
698,960
699,960
700,960
701,960
702,960
703,960
704,960
705,960
706,960
707,960
708,960
709,960
710,960
711,960
712,960
713,960
714,960
715,960
716,960
717,960
718,960
719,960
720,960
721,960
722,960
723,960
724,960
725,960
726,960
727,960
728,960
729,960
730,960
731,960
732,960
733,960
734,960
735,960
736,960
737,960
738,960
739,960
740,960
741,960
742,960
743,960
744,960
745,960
746,960
747,960
748,960
749,960
750,960
751,960
752,960
753,960
754,960
755,960
756,960
757,960
758,960
759,960
760,960
761,960
762,960
763,960
764,960
765,960
563,186
564,186
565,186
566,186
567,186
568,186
569,186
570,186
571,186
572,186
573,186
574,186
575,186
576,186
577,186
578,186
579,186
580,186
581,186
582,186
583,186
584,186
585,186
586,186
587,186
588,186
589,186
590,186
591,186
592,186
593,186
594,186
595,186
596,186
597,186
598,186
599,186
600,186
601,186
602,186
603,186
604,186
605,186
606,186
607,186
608,186
609,186
610,186
611,186
612,186
613,186
614,186
615,186
616,186
617,186
618,186
619,186
620,186
621,186
622,186
623,186
624,186
625,186
626,186
627,186
628,186
629,186
630,186
631,186
632,186
633,186
634,186
635,186
636,186
637,186
638,186
639,186
640,186
641,186
642,186
643,186
644,186
645,186
646,186
647,186
648,186
649,186
650,186
651,186
652,186
653,186
654,186
655,186
656,186
657,186
658,186
659,186
660,186
661,186
662,186
663,186
664,186
665,186
666,186
667,186
668,186
669,186
670,186
671,186
672,186
673,186
674,186
675,186
676,186
677,186
678,186
679,186
680,186
681,186
682,186
683,186
684,186
685,186
686,186
687,186
688,186
689,186
690,186
872,494
873,494
874,494
875,494
876,494
877,494
878,494
879,494
880,494
881,494
882,494
883,494
884,494
885,494
886,494
887,494
888,494
889,494
890,494
891,494
892,494
893,494
894,494
895,494
896,494
897,494
898,494
899,494
900,494
901,494
902,494
903,494
904,494
905,494
906,494
907,494
908,494
909,494
910,494
911,494
912,494
913,494
914,494
915,494
916,494
917,494
918,494
919,494
920,494
921,494
922,494
923,494
924,494
925,494
926,494
927,494
928,494
929,494
930,494
931,494
932,494
933,494
934,494
935,494
936,494
937,494
938,494
939,494
940,494
941,494
942,494
943,494
944,494
945,494
946,494
947,494
948,494
949,494
950,494
951,494
952,494
953,494
954,494
955,494
956,494
957,494
958,494
959,494
960,494
961,494
962,494
963,494
964,494
965,494
966,494
967,494
968,494
969,494
970,494
971,494
972,494
973,494
974,494
975,494
976,494
977,494
978,494
979,494
980,494
981,494
982,494
983,494
984,494
985,494
986,494
987,494
988,494
989,494
990,494
991,494
992,494
993,494
994,494
995,494
996,494
997,494
998,494
999,494
357,953
358,953
359,953
360,953
361,953
362,953
363,953
364,953
365,953
366,953
367,953
368,953
369,953
370,953
371,953
372,953
373,953
374,953
375,953
376,953
377,953
378,953
379,953
380,953
381,953
382,953
383,953
384,953
385,953
386,953
387,953
388,953
389,953
390,953
391,953
392,953
393,953
394,953
395,953
396,953
397,953
398,953
399,953
400,953
401,953
402,953
403,953
404,953
405,953
406,953
407,953
408,953
409,953
410,953
411,953
412,953
413,953
414,953
415,953
416,953
417,953
418,953
419,953
420,953
421,953
422,953
423,953
424,953
425,953
426,953
427,953
428,953
429,953
430,953
431,953
432,953
433,953
434,953
435,953
436,953
437,953
438,953
439,953
440,953
441,953
442,953
443,953
444,953
445,953
446,953
447,953
448,953
449,953
450,953
451,953
452,953
453,953
454,953
455,953
456,953
457,953
458,953
459,953
460,953
461,953
462,953
463,953
464,953
465,953
466,953
467,953
468,953
469,953
470,953
471,953
472,953
473,953
474,953
475,953
476,953
477,953
478,953
479,953
480,953
481,953
482,953
483,953
484,953
385,320
386,320
387,320
388,320
389,320
390,320
391,320
392,320
393,320
394,320
395,320
396,320
397,320
398,320
399,320
400,320
401,320
402,320
403,320
404,320
405,320
406,320
407,320
408,320
409,320
410,320
411,320
412,320
413,320
414,320
415,320
416,320
417,320
418,320
419,320
420,320
421,320
422,320
423,320
424,320
425,320
426,320
427,320
428,320
429,320
430,320
431,320
432,320
433,320
434,320
435,320
436,320
437,320
438,320
439,320
440,320
441,320
442,320
443,320
444,320
445,320
446,320
447,320
448,320
449,320
450,320
451,320
452,320
453,320
454,320
455,320
456,320
457,320
458,320
459,320
460,320
461,320
462,320
463,320
464,320
465,320
466,320
467,320
468,320
469,320
470,320
471,320
472,320
473,320
474,320
475,320
476,320
477,320
478,320
479,320
480,320
481,320
482,320
483,320
484,320
485,320
486,320
487,320
488,320
489,320
490,320
491,320
492,320
493,320
494,320
495,320
496,320
497,320
498,320
499,320
500,320
501,320
502,320
503,320
504,320
505,320
506,320
507,320
508,320
509,320
510,320
511,320
512,320
164,423
165,423
166,423
167,423
168,423
169,423
170,423
171,423
172,423
173,423
174,423
175,423
176,423
177,423
178,423
179,423
180,423
181,423
182,423
183,423
184,423
185,423
186,423
187,423
188,423
189,423
190,423
191,423
192,423
193,423
194,423
195,423
196,423
197,423
198,423
199,423
200,423
201,423
202,423
203,423
204,423
205,423
206,423
207,423
208,423
209,423
210,423
211,423
212,423
213,423
214,423
215,423
216,423
217,423
218,423
219,423
220,423
221,423
222,423
223,423
224,423
225,423
226,423
227,423
228,423
229,423
230,423
231,423
232,423
233,423
234,423
235,423
236,423
237,423
238,423
239,423
240,423
241,423
242,423
243,423
244,423
245,423
246,423
247,423
248,423
249,423
250,423
251,423
252,423
253,423
254,423
255,423
256,423
257,423
258,423
259,423
260,423
261,423
262,423
263,423
264,423
265,423
266,423
267,423
268,423
269,423
270,423
271,423
272,423
273,423
274,423
275,423
276,423
277,423
278,423
279,423
280,423
281,423
282,423
283,423
284,423
285,423
286,423
287,423
288,423
289,423
290,423
291,423
194,785
195,785
196,785
197,785
198,785
199,785
200,785
201,785
202,785
203,785
204,785
205,785
206,785
207,785
208,785
209,785
210,785
211,785
212,785
213,785
214,785
215,785
216,785
217,785
218,785
219,785
220,785
221,785
222,785
223,785
224,785
225,785
226,785
227,785
228,785
229,785
230,785
231,785
232,785
233,785
234,785
235,785
236,785
237,785
238,785
239,785
240,785
241,785
242,785
243,785
244,785
245,785
246,785
247,785
248,785
249,785
250,785
251,785
252,785
253,785
254,785
255,785
256,785
257,785
258,785
259,785
260,785
261,785
262,785
263,785
264,785
265,785
266,785
267,785
268,785
269,785
270,785
271,785
272,785
273,785
274,785
275,785
276,785
277,785
278,785
279,785
280,785
281,785
282,785
283,785
284,785
285,785
286,785
287,785
288,785
289,785
290,785
291,785
292,785
293,785
294,785
295,785
296,785
297,785
298,785
299,785
300,785
301,785
302,785
303,785
304,785
305,785
306,785
307,785
308,785
309,785
310,785
311,785
312,785
313,785
314,785
315,785
316,785
317,785
318,785
319,785
320,785
321,785
634,455
635,455
636,455
637,455
638,455
639,455
640,455
641,455
642,455
643,455
644,455
645,455
646,455
647,455
648,455
649,455
650,455
651,455
652,455
653,455
654,455
655,455
656,455
657,455
658,455
659,455
660,455
661,455
662,455
663,455
664,455
665,455
666,455
667,455
668,455
669,455
670,455
671,455
672,455
673,455
674,455
675,455
676,455
677,455
678,455
679,455
680,455
681,455
682,455
683,455
684,455
685,455
686,455
687,455
688,455
689,455
690,455
691,455
692,455
693,455
694,455
695,455
696,455
697,455
698,455
699,455
700,455
701,455
702,455
703,455
704,455
705,455
706,455
707,455
708,455
709,455
710,455
711,455
712,455
713,455
714,455
715,455
716,455
717,455
718,455
719,455
720,455
721,455
722,455
723,455
724,455
725,455
726,455
727,455
728,455
729,455
730,455
731,455
732,455
733,455
734,455
735,455
736,455
737,455
738,455
739,455
740,455
741,455
742,455
743,455
744,455
745,455
746,455
747,455
748,455
749,455
750,455
751,455
752,455
753,455
754,455
755,455
756,455
757,455
758,455
759,455
760,455
761,455
82,563
83,563
84,563
85,563
86,563
87,563
88,563
89,563
90,563
91,563
92,563
93,563
94,563
95,563
96,563
97,563
98,563
99,563
100,563
101,563
102,563
103,563
104,563
105,563
106,563
107,563
108,563
109,563
110,563
111,563
112,563
113,563
114,563
115,563
116,563
117,563
118,563
119,563
120,563
121,563
122,563
123,563
124,563
125,563
126,563
127,563
128,563
129,563
130,563
131,563
132,563
133,563
134,563
135,563
136,563
137,563
138,563
139,563
140,563
141,563
142,563
143,563
144,563
145,563
146,563
147,563
148,563
149,563
150,563
151,563
152,563
153,563
154,563
155,563
156,563
157,563
158,563
159,563
160,563
161,563
162,563
163,563
164,563
165,563
166,563
167,563
168,563
169,563
170,563
171,563
172,563
173,563
174,563
175,563
176,563
177,563
178,563
179,563
180,563
181,563
182,563
183,563
184,563
185,563
186,563
187,563
188,563
189,563
190,563
191,563
192,563
193,563
194,563
195,563
196,563
197,563
198,563
199,563
200,563
201,563
202,563
203,563
204,563
205,563
206,563
207,563
208,563
209,563
807,946
808,946
809,946
810,946
811,946
812,946
813,946
814,946
815,946
816,946
817,946
818,946
819,946
820,946
821,946
822,946
823,946
824,946
825,946
826,946
827,946
828,946
829,946
830,946
831,946
832,946
833,946
834,946
835,946
836,946
837,946
838,946
839,946
840,946
841,946
842,946
843,946
844,946
845,946
846,946
847,946
848,946
849,946
850,946
851,946
852,946
853,946
854,946
855,946
856,946
857,946
858,946
859,946
860,946
861,946
862,946
863,946
864,946
865,946
866,946
867,946
868,946
869,946
870,946
871,946
872,946
873,946
874,946
875,946
876,946
877,946
878,946
879,946
880,946
881,946
882,946
883,946
884,946
885,946
886,946
887,946
888,946
889,946
890,946
891,946
892,946
893,946
894,946
895,946
896,946
897,946
898,946
899,946
900,946
901,946
902,946
903,946
904,946
905,946
906,946
907,946
908,946
909,946
910,946
911,946
912,946
913,946
914,946
915,946
916,946
917,946
918,946
919,946
920,946
921,946
922,946
923,946
924,946
925,946
926,946
927,946
928,946
929,946
930,946
931,946
932,946
933,946
934,946
192,712
193,712
194,712
195,712
196,712
197,712
198,712
199,712
200,712
201,712
202,712
203,712
204,712
205,712
206,712
207,712
208,712
209,712
210,712
211,712
212,712
213,712
214,712
215,712
216,712
217,712
218,712
219,712
220,712
221,712
222,712
223,712
224,712
225,712
226,712
227,712
228,712
229,712
230,712
231,712
232,712
233,712
234,712
235,712
236,712
237,712
238,712
239,712
240,712
241,712
242,712
243,712
244,712
245,712
246,712
247,712
248,712
249,712
250,712
251,712
252,712
253,712
254,712
255,712
256,712
257,712
258,712
259,712
260,712
261,712
262,712
263,712
264,712
265,712
266,712
267,712
268,712
269,712
270,712
271,712
272,712
273,712
274,712
275,712
276,712
277,712
278,712
279,712
280,712
281,712
282,712
283,712
284,712
285,712
286,712
287,712
288,712
289,712
290,712
291,712
292,712
293,712
294,712
295,712
296,712
297,712
298,712
299,712
300,712
301,712
302,712
303,712
304,712
305,712
306,712
307,712
308,712
309,712
310,712
311,712
312,712
313,712
314,712
315,712
316,712
317,712
318,712
319,712
752,67
753,67
754,67
755,67
756,67
757,67
758,67
759,67
760,67
761,67
762,67
763,67
764,67
765,67
766,67
767,67
768,67
769,67
770,67
771,67
772,67
773,67
774,67
775,67
776,67
777,67
778,67
779,67
780,67
781,67
782,67
783,67
784,67
785,67
786,67
787,67
788,67
789,67
790,67
791,67
792,67
793,67
794,67
795,67
796,67
797,67
798,67
799,67
800,67
801,67
802,67
803,67
804,67
805,67
806,67
807,67
808,67
809,67
810,67
811,67
812,67
813,67
814,67
815,67
816,67
817,67
818,67
819,67
820,67
821,67
822,67
823,67
824,67
825,67
826,67
827,67
828,67
829,67
830,67
831,67
832,67
833,67
834,67
835,67
836,67
837,67
838,67
839,67
840,67
841,67
842,67
843,67
844,67
845,67
846,67
847,67
848,67
849,67
850,67
851,67
852,67
853,67
854,67
855,67
856,67
857,67
858,67
859,67
860,67
861,67
862,67
863,67
864,67
865,67
866,67
867,67
868,67
869,67
870,67
871,67
872,67
873,67
874,67
875,67
876,67
877,67
878,67
879,67
522,690
523,690
524,690
525,690
526,690
527,690
528,690
529,690
530,690
531,690
532,690
533,690
534,690
535,690
536,690
537,690
538,690
539,690
540,690
541,690
542,690
543,690
544,690
545,690
546,690
547,690
548,690
549,690
550,690
551,690
552,690
553,690
554,690
555,690
556,690
557,690
558,690
559,690
560,690
561,690
562,690
563,690
564,690
565,690
566,690
567,690
568,690
569,690
570,690
571,690
572,690
573,690
574,690
575,690
576,690
577,690
578,690
579,690
580,690
581,690
582,690
583,690
584,690
585,690
586,690
587,690
588,690
589,690
590,690
591,690
592,690
593,690
594,690
595,690
596,690
597,690
598,690
599,690
600,690
601,690
602,690
603,690
604,690
605,690
606,690
607,690
608,690
609,690
610,690
611,690
612,690
613,690
614,690
615,690
616,690
617,690
618,690
619,690
620,690
621,690
622,690
623,690
624,690
625,690
626,690
627,690
628,690
629,690
630,690
631,690
632,690
633,690
634,690
635,690
636,690
637,690
638,690
639,690
640,690
641,690
642,690
643,690
644,690
645,690
646,690
647,690
648,690
649,690
729,497
730,497
731,497
732,497
733,497
734,497
735,497
736,497
737,497
738,497
739,497
740,497
741,497
742,497
743,497
744,497
745,497
746,497
747,497
748,497
749,497
750,497
751,497
752,497
753,497
754,497
755,497
756,497
757,497
758,497
759,497
760,497
761,497
762,497
763,497
764,497
765,497
766,497
767,497
768,497
769,497
770,497
771,497
772,497
773,497
774,497
775,497
776,497
777,497
778,497
779,497
780,497
781,497
782,497
783,497
784,497
785,497
786,497
787,497
788,497
789,497
790,497
791,497
792,497
793,497
794,497
795,497
796,497
797,497
798,497
799,497
800,497
801,497
802,497
803,497
804,497
805,497
806,497
807,497
808,497
809,497
810,497
811,497
812,497
813,497
814,497
815,497
816,497
817,497
818,497
819,497
820,497
821,497
822,497
823,497
824,497
825,497
826,497
827,497
828,497
829,497
830,497
831,497
832,497
833,497
834,497
835,497
836,497
837,497
838,497
839,497
840,497
841,497
842,497
843,497
844,497
845,497
846,497
847,497
848,497
849,497
850,497
851,497
852,497
853,497
854,497
855,497
856,497
516,497
517,497
518,497
519,497
520,497
521,497
522,497
523,497
524,497
525,497
526,497
527,497
528,497
529,497
530,497
531,497
532,497
533,497
534,497
535,497
536,497
537,497
538,497
539,497
540,497
541,497
542,497
543,497
544,497
545,497
546,497
547,497
548,497
549,497
550,497
551,497
552,497
553,497
554,497
555,497
556,497
557,497
558,497
559,497
560,497
561,497
562,497
563,497
564,497
565,497
566,497
567,497
568,497
569,497
570,497
571,497
572,497
573,497
574,497
575,497
576,497
577,497
578,497
579,497
580,497
581,497
582,497
583,497
584,497
585,497
586,497
587,497
588,497
589,497
590,497
591,497
592,497
593,497
594,497
595,497
596,497
597,497
598,497
599,497
600,497
601,497
602,497
603,497
604,497
605,497
606,497
607,497
608,497
609,497
610,497
611,497
612,497
613,497
614,497
615,497
616,497
617,497
618,497
619,497
620,497
621,497
622,497
623,497
624,497
625,497
626,497
627,497
628,497
629,497
630,497
631,497
632,497
633,497
634,497
635,497
636,497
637,497
638,497
639,497
640,497
641,497
642,497
643,497
329,743
330,743
331,743
332,743
333,743
334,743
335,743
336,743
337,743
338,743
339,743
340,743
341,743
342,743
343,743
344,743
345,743
346,743
347,743
348,743
349,743
350,743
351,743
352,743
353,743
354,743
355,743
356,743
357,743
358,743
359,743
360,743
361,743
362,743
363,743
364,743
365,743
366,743
367,743
368,743
369,743
370,743
371,743
372,743
373,743
374,743
375,743
376,743
377,743
378,743
379,743
380,743
381,743
382,743
383,743
384,743
385,743
386,743
387,743
388,743
389,743
390,743
391,743
392,743
393,743
394,743
395,743
396,743
397,743
398,743
399,743
400,743
401,743
402,743
403,743
404,743
405,743
406,743
407,743
408,743
409,743
410,743
411,743
412,743
413,743
414,743
415,743
416,743
417,743
418,743
419,743
420,743
421,743
422,743
423,743
424,743
425,743
426,743
427,743
428,743
429,743
430,743
431,743
432,743
433,743
434,743
435,743
436,743
437,743
438,743
439,743
440,743
441,743
442,743
443,743
444,743
445,743
446,743
447,743
448,743
449,743
450,743
451,743
452,743
453,743
454,743
455,743
456,743
135,13
136,13
137,13
138,13
139,13
140,13
141,13
142,13
143,13
144,13
145,13
146,13
147,13
148,13
149,13
150,13
151,13
152,13
153,13
154,13
155,13
156,13
157,13
158,13
159,13
160,13
161,13
162,13
163,13
164,13
165,13
166,13
167,13
168,13
169,13
170,13
171,13
172,13
173,13
174,13
175,13
176,13
177,13
178,13
179,13
180,13
181,13
182,13
183,13
184,13
185,13
186,13
187,13
188,13
189,13
190,13
191,13
192,13
193,13
194,13
195,13
196,13
197,13
198,13
199,13
200,13
201,13
202,13
203,13
204,13
205,13
206,13
207,13
208,13
209,13
210,13
211,13
212,13
213,13
214,13
215,13
216,13
217,13
218,13
219,13
220,13
221,13
222,13
223,13
224,13
225,13
226,13
227,13
228,13
229,13
230,13
231,13
232,13
233,13
234,13
235,13
236,13
237,13
238,13
239,13
240,13
241,13
242,13
243,13
244,13
245,13
246,13
247,13
248,13
249,13
250,13
251,13
252,13
253,13
254,13
255,13
256,13
257,13
258,13
259,13
260,13
261,13
262,13
482,705
483,705
484,705
485,705
486,705
487,705
488,705
489,705
490,705
491,705
492,705
493,705
494,705
495,705
496,705
497,705
498,705
499,705
500,705
501,705
502,705
503,705
504,705
505,705
506,705
507,705
508,705
509,705
510,705
511,705
512,705
513,705
514,705
515,705
516,705
517,705
518,705
519,705
520,705
521,705
522,705
523,705
524,705
525,705
526,705
527,705
528,705
529,705
530,705
531,705
532,705
533,705
534,705
535,705
536,705
537,705
538,705
539,705
540,705
541,705
542,705
543,705
544,705
545,705
546,705
547,705
548,705
549,705
550,705
551,705
552,705
553,705
554,705
555,705
556,705
557,705
558,705
559,705
560,705
561,705
562,705
563,705
564,705
565,705
566,705
567,705
568,705
569,705
570,705
571,705
572,705
573,705
574,705
575,705
576,705
577,705
578,705
579,705
580,705
581,705
582,705
583,705
584,705
585,705
586,705
587,705
588,705
589,705
590,705
591,705
592,705
593,705
594,705
595,705
596,705
597,705
598,705
599,705
600,705
601,705
602,705
603,705
604,705
605,705
606,705
607,705
608,705
609,705
655,166
656,166
657,166
658,166
659,166
660,166
661,166
662,166
663,166
664,166
665,166
666,166
667,166
668,166
669,166
670,166
671,166
672,166
673,166
674,166
675,166
676,166
677,166
678,166
679,166
680,166
681,166
682,166
683,166
684,166
685,166
686,166
687,166
688,166
689,166
690,166
691,166
692,166
693,166
694,166
695,166
696,166
697,166
698,166
699,166
700,166
701,166
702,166
703,166
704,166
705,166
706,166
707,166
708,166
709,166
710,166
711,166
712,166
713,166
714,166
715,166
716,166
717,166
718,166
719,166
720,166
721,166
722,166
723,166
724,166
725,166
726,166
727,166
728,166
729,166
730,166
731,166
732,166
733,166
734,166
735,166
736,166
737,166
738,166
739,166
740,166
741,166
742,166
743,166
744,166
745,166
746,166
747,166
748,166
749,166
750,166
751,166
752,166
753,166
754,166
755,166
756,166
757,166
758,166
759,166
760,166
761,166
762,166
763,166
764,166
765,166
766,166
767,166
768,166
769,166
770,166
771,166
772,166
773,166
774,166
775,166
776,166
777,166
778,166
779,166
780,166
781,166
782,166
636,416
637,416
638,416
639,416
640,416
641,416
642,416
643,416
644,416
645,416
646,416
647,416
648,416
649,416
650,416
651,416
652,416
653,416
654,416
655,416
656,416
657,416
658,416
659,416
660,416
661,416
662,416
663,416
664,416
665,416
666,416
667,416
668,416
669,416
670,416
671,416
672,416
673,416
674,416
675,416
676,416
677,416
678,416
679,416
680,416
681,416
682,416
683,416
684,416
685,416
686,416
687,416
688,416
689,416
690,416
691,416
692,416
693,416
694,416
695,416
696,416
697,416
698,416
699,416
700,416
701,416
702,416
703,416
704,416
705,416
706,416
707,416
708,416
709,416
710,416
711,416
712,416
713,416
714,416
715,416
716,416
717,416
718,416
719,416
720,416
721,416
722,416
723,416
724,416
725,416
726,416
727,416
728,416
729,416
730,416
731,416
732,416
733,416
734,416
735,416
736,416
737,416
738,416
739,416
740,416
741,416
742,416
743,416
744,416
745,416
746,416
747,416
748,416
749,416
750,416
751,416
752,416
753,416
754,416
755,416
756,416
757,416
758,416
759,416
760,416
761,416
762,416
763,416
796,461
797,461
798,461
799,461
800,461
801,461
802,461
803,461
804,461
805,461
806,461
807,461
808,461
809,461
810,461
811,461
812,461
813,461
814,461
815,461
816,461
817,461
818,461
819,461
820,461
821,461
822,461
823,461
824,461
825,461
826,461
827,461
828,461
829,461
830,461
831,461
832,461
833,461
834,461
835,461
836,461
837,461
838,461
839,461
840,461
841,461
842,461
843,461
844,461
845,461
846,461
847,461
848,461
849,461
850,461
851,461
852,461
853,461
854,461
855,461
856,461
857,461
858,461
859,461
860,461
861,461
862,461
863,461
864,461
865,461
866,461
867,461
868,461
869,461
870,461
871,461
872,461
873,461
874,461
875,461
876,461
877,461
878,461
879,461
880,461
881,461
882,461
883,461
884,461
885,461
886,461
887,461
888,461
889,461
890,461
891,461
892,461
893,461
894,461
895,461
896,461
897,461
898,461
899,461
900,461
901,461
902,461
903,461
904,461
905,461
906,461
907,461
908,461
909,461
910,461
911,461
912,461
913,461
914,461
915,461
916,461
917,461
918,461
919,461
920,461
921,461
922,461
923,461
57,367
58,367
59,367
60,367
61,367
62,367
63,367
64,367
65,367
66,367
67,367
68,367
69,367
70,367
71,367
72,367
73,367
74,367
75,367
76,367
77,367
78,367
79,367
80,367
81,367
82,367
83,367
84,367
85,367
86,367
87,367
88,367
89,367
90,367
91,367
92,367
93,367
94,367
95,367
96,367
97,367
98,367
99,367
100,367
101,367
102,367
103,367
104,367
105,367
106,367
107,367
108,367
109,367
110,367
111,367
112,367
113,367
114,367
115,367
116,367
117,367
118,367
119,367
120,367
121,367
122,367
123,367
124,367
125,367
126,367
127,367
128,367
129,367
130,367
131,367
132,367
133,367
134,367
135,367
136,367
137,367
138,367
139,367
140,367
141,367
142,367
143,367
144,367
145,367
146,367
147,367
148,367
149,367
150,367
151,367
152,367
153,367
154,367
155,367
156,367
157,367
158,367
159,367
160,367
161,367
162,367
163,367
164,367
165,367
166,367
167,367
168,367
169,367
170,367
171,367
172,367
173,367
174,367
175,367
176,367
177,367
178,367
179,367
180,367
181,367
182,367
183,367
184,367
264,885
265,885
266,885
267,885
268,885
269,885
270,885
271,885
272,885
273,885
274,885
275,885
276,885
277,885
278,885
279,885
280,885
281,885
282,885
283,885
284,885
285,885
286,885
287,885
288,885
289,885
290,885
291,885
292,885
293,885
294,885
295,885
296,885
297,885
298,885
299,885
300,885
301,885
302,885
303,885
304,885
305,885
306,885
307,885
308,885
309,885
310,885
311,885
312,885
313,885
314,885
315,885
316,885
317,885
318,885
319,885
320,885
321,885
322,885
323,885
324,885
325,885
326,885
327,885
328,885
329,885
330,885
331,885
332,885
333,885
334,885
335,885
336,885
337,885
338,885
339,885
340,885
341,885
342,885
343,885
344,885
345,885
346,885
347,885
348,885
349,885
350,885
351,885
352,885
353,885
354,885
355,885
356,885
357,885
358,885
359,885
360,885
361,885
362,885
363,885
364,885
365,885
366,885
367,885
368,885
369,885
370,885
371,885
372,885
373,885
374,885
375,885
376,885
377,885
378,885
379,885
380,885
381,885
382,885
383,885
384,885
385,885
386,885
387,885
388,885
389,885
390,885
391,885
867,415
868,415
869,415
870,415
871,415
872,415
873,415
874,415
875,415
876,415
877,415
878,415
879,415
880,415
881,415
882,415
883,415
884,415
885,415
886,415
887,415
888,415
889,415
890,415
891,415
892,415
893,415
894,415
895,415
896,415
897,415
898,415
899,415
900,415
901,415
902,415
903,415
904,415
905,415
906,415
907,415
908,415
909,415
910,415
911,415
912,415
913,415
914,415
915,415
916,415
917,415
918,415
919,415
920,415
921,415
922,415
923,415
924,415
925,415
926,415
927,415
928,415
929,415
930,415
931,415
932,415
933,415
934,415
935,415
936,415
937,415
938,415
939,415
940,415
941,415
942,415
943,415
944,415
945,415
946,415
947,415
948,415
949,415
950,415
951,415
952,415
953,415
954,415
955,415
956,415
957,415
958,415
959,415
960,415
961,415
962,415
963,415
964,415
965,415
966,415
967,415
968,415
969,415
970,415
971,415
972,415
973,415
974,415
975,415
976,415
977,415
978,415
979,415
980,415
981,415
982,415
983,415
984,415
985,415
986,415
987,415
988,415
989,415
990,415
991,415
992,415
993,415
994,415
569,939
570,939
571,939
572,939
573,939
574,939
575,939
576,939
577,939
578,939
579,939
580,939
581,939
582,939
583,939
584,939
585,939
586,939
587,939
588,939
589,939
590,939
591,939
592,939
593,939
594,939
595,939
596,939
597,939
598,939
599,939
600,939
601,939
602,939
603,939
604,939
605,939
606,939
607,939
608,939
609,939
610,939
611,939
612,939
613,939
614,939
615,939
616,939
617,939
618,939
619,939
620,939
621,939
622,939
623,939
624,939
625,939
626,939
627,939
628,939
629,939
630,939
631,939
632,939
633,939
634,939
635,939
636,939
637,939
638,939
639,939
640,939
641,939
642,939
643,939
644,939
645,939
646,939
647,939
648,939
649,939
650,939
651,939
652,939
653,939
654,939
655,939
656,939
657,939
658,939
659,939
660,939
661,939
662,939
663,939
664,939
665,939
666,939
667,939
668,939
669,939
670,939
671,939
672,939
673,939
674,939
675,939
676,939
677,939
678,939
679,939
680,939
681,939
682,939
683,939
684,939
685,939
686,939
687,939
688,939
689,939
690,939
691,939
692,939
693,939
694,939
695,939
696,939
95,370
96,370
97,370
98,370
99,370
100,370
101,370
102,370
103,370
104,370
105,370
106,370
107,370
108,370
109,370
110,370
111,370
112,370
113,370
114,370
115,370
116,370
117,370
118,370
119,370
120,370
121,370
122,370
123,370
124,370
125,370
126,370
127,370
128,370
129,370
130,370
131,370
132,370
133,370
134,370
135,370
136,370
137,370
138,370
139,370
140,370
141,370
142,370
143,370
144,370
145,370
146,370
147,370
148,370
149,370
150,370
151,370
152,370
153,370
154,370
155,370
156,370
157,370
158,370
159,370
160,370
161,370
162,370
163,370
164,370
165,370
166,370
167,370
168,370
169,370
170,370
171,370
172,370
173,370
174,370
175,370
176,370
177,370
178,370
179,370
180,370
181,370
182,370
183,370
184,370
185,370
186,370
187,370
188,370
189,370
190,370
191,370
192,370
193,370
194,370
195,370
196,370
197,370
198,370
199,370
200,370
201,370
202,370
203,370
204,370
205,370
206,370
207,370
208,370
209,370
210,370
211,370
212,370
213,370
214,370
215,370
216,370
217,370
218,370
219,370
220,370
221,370
222,370
606,769
607,769
608,769
609,769
610,769
611,769
612,769
613,769
614,769
615,769
616,769
617,769
618,769
619,769
620,769
621,769
622,769
623,769
624,769
625,769
626,769
627,769
628,769
629,769
630,769
631,769
632,769
633,769
634,769
635,769
636,769
637,769
638,769
639,769
640,769
641,769
642,769
643,769
644,769
645,769
646,769
647,769
648,769
649,769
650,769
651,769
652,769
653,769
654,769
655,769
656,769
657,769
658,769
659,769
660,769
661,769
662,769
663,769
664,769
665,769
666,769
667,769
668,769
669,769
670,769
671,769
672,769
673,769
674,769
675,769
676,769
677,769
678,769
679,769
680,769
681,769
682,769
683,769
684,769
685,769
686,769
687,769
688,769
689,769
690,769
691,769
692,769
693,769
694,769
695,769
696,769
697,769
698,769
699,769
700,769
701,769
702,769
703,769
704,769
705,769
706,769
707,769
708,769
709,769
710,769
711,769
712,769
713,769
714,769
715,769
716,769
717,769
718,769
719,769
720,769
721,769
722,769
723,769
724,769
725,769
726,769
727,769
728,769
729,769
730,769
731,769
732,769
733,769
351,720
352,720
353,720
354,720
355,720
356,720
357,720
358,720
359,720
360,720
361,720
362,720
363,720
364,720
365,720
366,720
367,720
368,720
369,720
370,720
371,720
372,720
373,720
374,720
375,720
376,720
377,720
378,720
379,720
380,720
381,720
382,720
383,720
384,720
385,720
386,720
387,720
388,720
389,720
390,720
391,720
392,720
393,720
394,720
395,720
396,720
397,720
398,720
399,720
400,720
401,720
402,720
403,720
404,720
405,720
406,720
407,720
408,720
409,720
410,720
411,720
412,720
413,720
414,720
415,720
416,720
417,720
418,720
419,720
420,720
421,720
422,720
423,720
424,720
425,720
426,720
427,720
428,720
429,720
430,720
431,720
432,720
433,720
434,720
435,720
436,720
437,720
438,720
439,720
440,720
441,720
442,720
443,720
444,720
445,720
446,720
447,720
448,720
449,720
450,720
451,720
452,720
453,720
454,720
455,720
456,720
457,720
458,720
459,720
460,720
461,720
462,720
463,720
464,720
465,720
466,720
467,720
468,720
469,720
470,720
471,720
472,720
473,720
474,720
475,720
476,720
477,720
478,720
187,1001
188,1001
189,1001
190,1001
191,1001
192,1001
193,1001
194,1001
195,1001
196,1001
197,1001
198,1001
199,1001
200,1001
201,1001
202,1001
203,1001
204,1001
205,1001
206,1001
207,1001
208,1001
209,1001
210,1001
211,1001
212,1001
213,1001
214,1001
215,1001
216,1001
217,1001
218,1001
219,1001
220,1001
221,1001
222,1001
223,1001
224,1001
225,1001
226,1001
227,1001
228,1001
229,1001
230,1001
231,1001
232,1001
233,1001
234,1001
235,1001
236,1001
237,1001
238,1001
239,1001
240,1001
241,1001
242,1001
243,1001
244,1001
245,1001
246,1001
247,1001
248,1001
249,1001
250,1001
251,1001
252,1001
253,1001
254,1001
255,1001
256,1001
257,1001
258,1001
259,1001
260,1001
261,1001
262,1001
263,1001
264,1001
265,1001
266,1001
267,1001
268,1001
269,1001
270,1001
271,1001
272,1001
273,1001
274,1001
275,1001
276,1001
277,1001
278,1001
279,1001
280,1001
281,1001
282,1001
283,1001
284,1001
285,1001
286,1001
287,1001
288,1001
289,1001
290,1001
291,1001
292,1001
293,1001
294,1001
295,1001
296,1001
297,1001
298,1001
299,1001
300,1001
301,1001
302,1001
303,1001
304,1001
305,1001
306,1001
307,1001
308,1001
309,1001
310,1001
311,1001
312,1001
313,1001
314,1001
294,803
295,803
296,803
297,803
298,803
299,803
300,803
301,803
302,803
303,803
304,803
305,803
306,803
307,803
308,803
309,803
310,803
311,803
312,803
313,803
314,803
315,803
316,803
317,803
318,803
319,803
320,803
321,803
322,803
323,803
324,803
325,803
326,803
327,803
328,803
329,803
330,803
331,803
332,803
333,803
334,803
335,803
336,803
337,803
338,803
339,803
340,803
341,803
342,803
343,803
344,803
345,803
346,803
347,803
348,803
349,803
350,803
351,803
352,803
353,803
354,803
355,803
356,803
357,803
358,803
359,803
360,803
361,803
362,803
363,803
364,803
365,803
366,803
367,803
368,803
369,803
370,803
371,803
372,803
373,803
374,803
375,803
376,803
377,803
378,803
379,803
380,803
381,803
382,803
383,803
384,803
385,803
386,803
387,803
388,803
389,803
390,803
391,803
392,803
393,803
394,803
395,803
396,803
397,803
398,803
399,803
400,803
401,803
402,803
403,803
404,803
405,803
406,803
407,803
408,803
409,803
410,803
411,803
412,803
413,803
414,803
415,803
416,803
417,803
418,803
419,803
420,803
421,803
724,485
725,485
726,485
727,485
728,485
729,485
730,485
731,485
732,485
733,485
734,485
735,485
736,485
737,485
738,485
739,485
740,485
741,485
742,485
743,485
744,485
745,485
746,485
747,485
748,485
749,485
750,485
751,485
752,485
753,485
754,485
755,485
756,485
757,485
758,485
759,485
760,485
761,485
762,485
763,485
764,485
765,485
766,485
767,485
768,485
769,485
770,485
771,485
772,485
773,485
774,485
775,485
776,485
777,485
778,485
779,485
780,485
781,485
782,485
783,485
784,485
785,485
786,485
787,485
788,485
789,485
790,485
791,485
792,485
793,485
794,485
795,485
796,485
797,485
798,485
799,485
800,485
801,485
802,485
803,485
804,485
805,485
806,485
807,485
808,485
809,485
810,485
811,485
812,485
813,485
814,485
815,485
816,485
817,485
818,485
819,485
820,485
821,485
822,485
823,485
824,485
825,485
826,485
827,485
828,485
829,485
830,485
831,485
832,485
833,485
834,485
835,485
836,485
837,485
838,485
839,485
840,485
841,485
842,485
843,485
844,485
845,485
846,485
847,485
848,485
849,485
850,485
851,485
233,1006
234,1006
235,1006
236,1006
237,1006
238,1006
239,1006
240,1006
241,1006
242,1006
243,1006
244,1006
245,1006
246,1006
247,1006
248,1006
249,1006
250,1006
251,1006
252,1006
253,1006
254,1006
255,1006
256,1006
257,1006
258,1006
259,1006
260,1006
261,1006
262,1006
263,1006
264,1006
265,1006
266,1006
267,1006
268,1006
269,1006
270,1006
271,1006
272,1006
273,1006
274,1006
275,1006
276,1006
277,1006
278,1006
279,1006
280,1006
281,1006
282,1006
283,1006
284,1006
285,1006
286,1006
287,1006
288,1006
289,1006
290,1006
291,1006
292,1006
293,1006
294,1006
295,1006
296,1006
297,1006
298,1006
299,1006
300,1006
301,1006
302,1006
303,1006
304,1006
305,1006
306,1006
307,1006
308,1006
309,1006
310,1006
311,1006
312,1006
313,1006
314,1006
315,1006
316,1006
317,1006
318,1006
319,1006
320,1006
321,1006
322,1006
323,1006
324,1006
325,1006
326,1006
327,1006
328,1006
329,1006
330,1006
331,1006
332,1006
333,1006
334,1006
335,1006
336,1006
337,1006
338,1006
339,1006
340,1006
341,1006
342,1006
343,1006
344,1006
345,1006
346,1006
347,1006
348,1006
349,1006
350,1006
351,1006
352,1006
353,1006
354,1006
355,1006
356,1006
357,1006
358,1006
359,1006
360,1006
637,488
638,488
639,488
640,488
641,488
642,488
643,488
644,488
645,488
646,488
647,488
648,488
649,488
650,488
651,488
652,488
653,488
654,488
655,488
656,488
657,488
658,488
659,488
660,488
661,488
662,488
663,488
664,488
665,488
666,488
667,488
668,488
669,488
670,488
671,488
672,488
673,488
674,488
675,488
676,488
677,488
678,488
679,488
680,488
681,488
682,488
683,488
684,488
685,488
686,488
687,488
688,488
689,488
690,488
691,488
692,488
693,488
694,488
695,488
696,488
697,488
698,488
699,488
700,488
701,488
702,488
703,488
704,488
705,488
706,488
707,488
708,488
709,488
710,488
711,488
712,488
713,488
714,488
715,488
716,488
717,488
718,488
719,488
720,488
721,488
722,488
723,488
724,488
725,488
726,488
727,488
728,488
729,488
730,488
731,488
732,488
733,488
734,488
735,488
736,488
737,488
738,488
739,488
740,488
741,488
742,488
743,488
744,488
745,488
746,488
747,488
748,488
749,488
750,488
751,488
752,488
753,488
754,488
755,488
756,488
757,488
758,488
759,488
760,488
761,488
762,488
763,488
764,488
506,272
507,272
508,272
509,272
510,272
511,272
512,272
513,272
514,272
515,272
516,272
517,272
518,272
519,272
520,272
521,272
522,272
523,272
524,272
525,272
526,272
527,272
528,272
529,272
530,272
531,272
532,272
533,272
534,272
535,272
536,272
537,272
538,272
539,272
540,272
541,272
542,272
543,272
544,272
545,272
546,272
547,272
548,272
549,272
550,272
551,272
552,272
553,272
554,272
555,272
556,272
557,272
558,272
559,272
560,272
561,272
562,272
563,272
564,272
565,272
566,272
567,272
568,272
569,272
570,272
571,272
572,272
573,272
574,272
575,272
576,272
577,272
578,272
579,272
580,272
581,272
582,272
583,272
584,272
585,272
586,272
587,272
588,272
589,272
590,272
591,272
592,272
593,272
594,272
595,272
596,272
597,272
598,272
599,272
600,272
601,272
602,272
603,272
604,272
605,272
606,272
607,272
608,272
609,272
610,272
611,272
612,272
613,272
614,272
615,272
616,272
617,272
618,272
619,272
620,272
621,272
622,272
623,272
624,272
625,272
626,272
627,272
628,272
629,272
630,272
631,272
632,272
633,272
346,963
347,963
348,963
349,963
350,963
351,963
352,963
353,963
354,963
355,963
356,963
357,963
358,963
359,963
360,963
361,963
362,963
363,963
364,963
365,963
366,963
367,963
368,963
369,963
370,963
371,963
372,963
373,963
374,963
375,963
376,963
377,963
378,963
379,963
380,963
381,963
382,963
383,963
384,963
385,963
386,963
387,963
388,963
389,963
390,963
391,963
392,963
393,963
394,963
395,963
396,963
397,963
398,963
399,963
400,963
401,963
402,963
403,963
404,963
405,963
406,963
407,963
408,963
409,963
410,963
411,963
412,963
413,963
414,963
415,963
416,963
417,963
418,963
419,963
420,963
421,963
422,963
423,963
424,963
425,963
426,963
427,963
428,963
429,963
430,963
431,963
432,963
433,963
434,963
435,963
436,963
437,963
438,963
439,963
440,963
441,963
442,963
443,963
444,963
445,963
446,963
447,963
448,963
449,963
450,963
451,963
452,963
453,963
454,963
455,963
456,963
457,963
458,963
459,963
460,963
461,963
462,963
463,963
464,963
465,963
466,963
467,963
468,963
469,963
470,963
471,963
472,963
473,963
674,106
675,106
676,106
677,106
678,106
679,106
680,106
681,106
682,106
683,106
684,106
685,106
686,106
687,106
688,106
689,106
690,106
691,106
692,106
693,106
694,106
695,106
696,106
697,106
698,106
699,106
700,106
701,106
702,106
703,106
704,106
705,106
706,106
707,106
708,106
709,106
710,106
711,106
712,106
713,106
714,106
715,106
716,106
717,106
718,106
719,106
720,106
721,106
722,106
723,106
724,106
725,106
726,106
727,106
728,106
729,106
730,106
731,106
732,106
733,106
734,106
735,106
736,106
737,106
738,106
739,106
740,106
741,106
742,106
743,106
744,106
745,106
746,106
747,106
748,106
749,106
750,106
751,106
752,106
753,106
754,106
755,106
756,106
757,106
758,106
759,106
760,106
761,106
762,106
763,106
764,106
765,106
766,106
767,106
768,106
769,106
770,106
771,106
772,106
773,106
774,106
775,106
776,106
777,106
778,106
779,106
780,106
781,106
782,106
783,106
784,106
785,106
786,106
787,106
788,106
789,106
790,106
791,106
792,106
793,106
794,106
795,106
796,106
797,106
798,106
799,106
800,106
801,106
793,395
794,395
795,395
796,395
797,395
798,395
799,395
800,395
801,395
802,395
803,395
804,395
805,395
806,395
807,395
808,395
809,395
810,395
811,395
812,395
813,395
814,395
815,395
816,395
817,395
818,395
819,395
820,395
821,395
822,395
823,395
824,395
825,395
826,395
827,395
828,395
829,395
830,395
831,395
832,395
833,395
834,395
835,395
836,395
837,395
838,395
839,395
840,395
841,395
842,395
843,395
844,395
845,395
846,395
847,395
848,395
849,395
850,395
851,395
852,395
853,395
854,395
855,395
856,395
857,395
858,395
859,395
860,395
861,395
862,395
863,395
864,395
865,395
866,395
867,395
868,395
869,395
870,395
871,395
872,395
873,395
874,395
875,395
876,395
877,395
878,395
879,395
880,395
881,395
882,395
883,395
884,395
885,395
886,395
887,395
888,395
889,395
890,395
891,395
892,395
893,395
894,395
895,395
896,395
897,395
898,395
899,395
900,395
901,395
902,395
903,395
904,395
905,395
906,395
907,395
908,395
909,395
910,395
911,395
912,395
913,395
914,395
915,395
916,395
917,395
918,395
919,395
920,395
321,896
322,896
323,896
324,896
325,896
326,896
327,896
328,896
329,896
330,896
331,896
332,896
333,896
334,896
335,896
336,896
337,896
338,896
339,896
340,896
341,896
342,896
343,896
344,896
345,896
346,896
347,896
348,896
349,896
350,896
351,896
352,896
353,896
354,896
355,896
356,896
357,896
358,896
359,896
360,896
361,896
362,896
363,896
364,896
365,896
366,896
367,896
368,896
369,896
370,896
371,896
372,896
373,896
374,896
375,896
376,896
377,896
378,896
379,896
380,896
381,896
382,896
383,896
384,896
385,896
386,896
387,896
388,896
389,896
390,896
391,896
392,896
393,896
394,896
395,896
396,896
397,896
398,896
399,896
400,896
401,896
402,896
403,896
404,896
405,896
406,896
407,896
408,896
409,896
410,896
411,896
412,896
413,896
414,896
415,896
416,896
417,896
418,896
419,896
420,896
421,896
422,896
423,896
424,896
425,896
426,896
427,896
428,896
429,896
430,896
431,896
432,896
433,896
434,896
435,896
436,896
437,896
438,896
439,896
440,896
441,896
442,896
443,896
444,896
445,896
446,896
447,896
448,896
743,11
744,11
745,11
746,11
747,11
748,11
749,11
750,11
751,11
752,11
753,11
754,11
755,11
756,11
757,11
758,11
759,11
760,11
761,11
762,11
763,11
764,11
765,11
766,11
767,11
768,11
769,11
770,11
771,11
772,11
773,11
774,11
775,11
776,11
777,11
778,11
779,11
780,11
781,11
782,11
783,11
784,11
785,11
786,11
787,11
788,11
789,11
790,11
791,11
792,11
793,11
794,11
795,11
796,11
797,11
798,11
799,11
800,11
801,11
802,11
803,11
804,11
805,11
806,11
807,11
808,11
809,11
810,11
811,11
812,11
813,11
814,11
815,11
816,11
817,11
818,11
819,11
820,11
821,11
822,11
823,11
824,11
825,11
826,11
827,11
828,11
829,11
830,11
831,11
832,11
833,11
834,11
835,11
836,11
837,11
838,11
839,11
840,11
841,11
842,11
843,11
844,11
845,11
846,11
847,11
848,11
849,11
850,11
851,11
852,11
853,11
854,11
855,11
856,11
857,11
858,11
859,11
860,11
861,11
862,11
863,11
864,11
865,11
866,11
867,11
868,11
869,11
870,11
670,15
671,15
672,15
673,15
674,15
675,15
676,15
677,15
678,15
679,15
680,15
681,15
682,15
683,15
684,15
685,15
686,15
687,15
688,15
689,15
690,15
691,15
692,15
693,15
694,15
695,15
696,15
697,15
698,15
699,15
700,15
701,15
702,15
703,15
704,15
705,15
706,15
707,15
708,15
709,15
710,15
711,15
712,15
713,15
714,15
715,15
716,15
717,15
718,15
719,15
720,15
721,15
722,15
723,15
724,15
725,15
726,15
727,15
728,15
729,15
730,15
731,15
732,15
733,15
734,15
735,15
736,15
737,15
738,15
739,15
740,15
741,15
742,15
743,15
744,15
745,15
746,15
747,15
748,15
749,15
750,15
751,15
752,15
753,15
754,15
755,15
756,15
757,15
758,15
759,15
760,15
761,15
762,15
763,15
764,15
765,15
766,15
767,15
768,15
769,15
770,15
771,15
772,15
773,15
774,15
775,15
776,15
777,15
778,15
779,15
780,15
781,15
782,15
783,15
784,15
785,15
786,15
787,15
788,15
789,15
790,15
791,15
792,15
793,15
794,15
795,15
796,15
797,15
331,866
332,866
333,866
334,866
335,866
336,866
337,866
338,866
339,866
340,866
341,866
342,866
343,866
344,866
345,866
346,866
347,866
348,866
349,866
350,866
351,866
352,866
353,866
354,866
355,866
356,866
357,866
358,866
359,866
360,866
361,866
362,866
363,866
364,866
365,866
366,866
367,866
368,866
369,866
370,866
371,866
372,866
373,866
374,866
375,866
376,866
377,866
378,866
379,866
380,866
381,866
382,866
383,866
384,866
385,866
386,866
387,866
388,866
389,866
390,866
391,866
392,866
393,866
394,866
395,866
396,866
397,866
398,866
399,866
400,866
401,866
402,866
403,866
404,866
405,866
406,866
407,866
408,866
409,866
410,866
411,866
412,866
413,866
414,866
415,866
416,866
417,866
418,866
419,866
420,866
421,866
422,866
423,866
424,866
425,866
426,866
427,866
428,866
429,866
430,866
431,866
432,866
433,866
434,866
435,866
436,866
437,866
438,866
439,866
440,866
441,866
442,866
443,866
444,866
445,866
446,866
447,866
448,866
449,866
450,866
451,866
452,866
453,866
454,866
455,866
456,866
457,866
458,866
168,641
169,641
170,641
171,641
172,641
173,641
174,641
175,641
176,641
177,641
178,641
179,641
180,641
181,641
182,641
183,641
184,641
185,641
186,641
187,641
188,641
189,641
190,641
191,641
192,641
193,641
194,641
195,641
196,641
197,641
198,641
199,641
200,641
201,641
202,641
203,641
204,641
205,641
206,641
207,641
208,641
209,641
210,641
211,641
212,641
213,641
214,641
215,641
216,641
217,641
218,641
219,641
220,641
221,641
222,641
223,641
224,641
225,641
226,641
227,641
228,641
229,641
230,641
231,641
232,641
233,641
234,641
235,641
236,641
237,641
238,641
239,641
240,641
241,641
242,641
243,641
244,641
245,641
246,641
247,641
248,641
249,641
250,641
251,641
252,641
253,641
254,641
255,641
256,641
257,641
258,641
259,641
260,641
261,641
262,641
263,641
264,641
265,641
266,641
267,641
268,641
269,641
270,641
271,641
272,641
273,641
274,641
275,641
276,641
277,641
278,641
279,641
280,641
281,641
282,641
283,641
284,641
285,641
286,641
287,641
288,641
289,641
290,641
291,641
292,641
293,641
294,641
295,641
236,992
237,992
238,992
239,992
240,992
241,992
242,992
243,992
244,992
245,992
246,992
247,992
248,992
249,992
250,992
251,992
252,992
253,992
254,992
255,992
256,992
257,992
258,992
259,992
260,992
261,992
262,992
263,992
264,992
265,992
266,992
267,992
268,992
269,992
270,992
271,992
272,992
273,992
274,992
275,992
276,992
277,992
278,992
279,992
280,992
281,992
282,992
283,992
284,992
285,992
286,992
287,992
288,992
289,992
290,992
291,992
292,992
293,992
294,992
295,992
296,992
297,992
298,992
299,992
300,992
301,992
302,992
303,992
304,992
305,992
306,992
307,992
308,992
309,992
310,992
311,992
312,992
313,992
314,992
315,992
316,992
317,992
318,992
319,992
320,992
321,992
322,992
323,992
324,992
325,992
326,992
327,992
328,992
329,992
330,992
331,992
332,992
333,992
334,992
335,992
336,992
337,992
338,992
339,992
340,992
341,992
342,992
343,992
344,992
345,992
346,992
347,992
348,992
349,992
350,992
351,992
352,992
353,992
354,992
355,992
356,992
357,992
358,992
359,992
360,992
361,992
362,992
363,992
237,851
238,851
239,851
240,851
241,851
242,851
243,851
244,851
245,851
246,851
247,851
248,851
249,851
250,851
251,851
252,851
253,851
254,851
255,851
256,851
257,851
258,851
259,851
260,851
261,851
262,851
263,851
264,851
265,851
266,851
267,851
268,851
269,851
270,851
271,851
272,851
273,851
274,851
275,851
276,851
277,851
278,851
279,851
280,851
281,851
282,851
283,851
284,851
285,851
286,851
287,851
288,851
289,851
290,851
291,851
292,851
293,851
294,851
295,851
296,851
297,851
298,851
299,851
300,851
301,851
302,851
303,851
304,851
305,851
306,851
307,851
308,851
309,851
310,851
311,851
312,851
313,851
314,851
315,851
316,851
317,851
318,851
319,851
320,851
321,851
322,851
323,851
324,851
325,851
326,851
327,851
328,851
329,851
330,851
331,851
332,851
333,851
334,851
335,851
336,851
337,851
338,851
339,851
340,851
341,851
342,851
343,851
344,851
345,851
346,851
347,851
348,851
349,851
350,851
351,851
352,851
353,851
354,851
355,851
356,851
357,851
358,851
359,851
360,851
361,851
362,851
363,851
364,851
776,982
777,982
778,982
779,982
780,982
781,982
782,982
783,982
784,982
785,982
786,982
787,982
788,982
789,982
790,982
791,982
792,982
793,982
794,982
795,982
796,982
797,982
798,982
799,982
800,982
801,982
802,982
803,982
804,982
805,982
806,982
807,982
808,982
809,982
810,982
811,982
812,982
813,982
814,982
815,982
816,982
817,982
818,982
819,982
820,982
821,982
822,982
823,982
824,982
825,982
826,982
827,982
828,982
829,982
830,982
831,982
832,982
833,982
834,982
835,982
836,982
837,982
838,982
839,982
840,982
841,982
842,982
843,982
844,982
845,982
846,982
847,982
848,982
849,982
850,982
851,982
852,982
853,982
854,982
855,982
856,982
857,982
858,982
859,982
860,982
861,982
862,982
863,982
864,982
865,982
866,982
867,982
868,982
869,982
870,982
871,982
872,982
873,982
874,982
875,982
876,982
877,982
878,982
879,982
880,982
881,982
882,982
883,982
884,982
885,982
886,982
887,982
888,982
889,982
890,982
891,982
892,982
893,982
894,982
895,982
896,982
897,982
898,982
899,982
900,982
901,982
902,982
903,982
765,70
766,70
767,70
768,70
769,70
770,70
771,70
772,70
773,70
774,70
775,70
776,70
777,70
778,70
779,70
780,70
781,70
782,70
783,70
784,70
785,70
786,70
787,70
788,70
789,70
790,70
791,70
792,70
793,70
794,70
795,70
796,70
797,70
798,70
799,70
800,70
801,70
802,70
803,70
804,70
805,70
806,70
807,70
808,70
809,70
810,70
811,70
812,70
813,70
814,70
815,70
816,70
817,70
818,70
819,70
820,70
821,70
822,70
823,70
824,70
825,70
826,70
827,70
828,70
829,70
830,70
831,70
832,70
833,70
834,70
835,70
836,70
837,70
838,70
839,70
840,70
841,70
842,70
843,70
844,70
845,70
846,70
847,70
848,70
849,70
850,70
851,70
852,70
853,70
854,70
855,70
856,70
857,70
858,70
859,70
860,70
861,70
862,70
863,70
864,70
865,70
866,70
867,70
868,70
869,70
870,70
871,70
872,70
873,70
874,70
875,70
876,70
877,70
878,70
879,70
880,70
881,70
882,70
883,70
884,70
885,70
886,70
887,70
888,70
889,70
890,70
891,70
892,70
805,37
806,37
807,37
808,37
809,37
810,37
811,37
812,37
813,37
814,37
815,37
816,37
817,37
818,37
819,37
820,37
821,37
822,37
823,37
824,37
825,37
826,37
827,37
828,37
829,37
830,37
831,37
832,37
833,37
834,37
835,37
836,37
837,37
838,37
839,37
840,37
841,37
842,37
843,37
844,37
845,37
846,37
847,37
848,37
849,37
850,37
851,37
852,37
853,37
854,37
855,37
856,37
857,37
858,37
859,37
860,37
861,37
862,37
863,37
864,37
865,37
866,37
867,37
868,37
869,37
870,37
871,37
872,37
873,37
874,37
875,37
876,37
877,37
878,37
879,37
880,37
881,37
882,37
883,37
884,37
885,37
886,37
887,37
888,37
889,37
890,37
891,37
892,37
893,37
894,37
895,37
896,37
897,37
898,37
899,37
900,37
901,37
902,37
903,37
904,37
905,37
906,37
907,37
908,37
909,37
910,37
911,37
912,37
913,37
914,37
915,37
916,37
917,37
918,37
919,37
920,37
921,37
922,37
923,37
924,37
925,37
926,37
927,37
928,37
929,37
930,37
931,37
932,37
715,13
716,13
717,13
718,13
719,13
720,13
721,13
722,13
723,13
724,13
725,13
726,13
727,13
728,13
729,13
730,13
731,13
732,13
733,13
734,13
735,13
736,13
737,13
738,13
739,13
740,13
741,13
742,13
743,13
744,13
745,13
746,13
747,13
748,13
749,13
750,13
751,13
752,13
753,13
754,13
755,13
756,13
757,13
758,13
759,13
760,13
761,13
762,13
763,13
764,13
765,13
766,13
767,13
768,13
769,13
770,13
771,13
772,13
773,13
774,13
775,13
776,13
777,13
778,13
779,13
780,13
781,13
782,13
783,13
784,13
785,13
786,13
787,13
788,13
789,13
790,13
791,13
792,13
793,13
794,13
795,13
796,13
797,13
798,13
799,13
800,13
801,13
802,13
803,13
804,13
805,13
806,13
807,13
808,13
809,13
810,13
811,13
812,13
813,13
814,13
815,13
816,13
817,13
818,13
819,13
820,13
821,13
822,13
823,13
824,13
825,13
826,13
827,13
828,13
829,13
830,13
831,13
832,13
833,13
834,13
835,13
836,13
837,13
838,13
839,13
840,13
841,13
842,13
332,994
333,994
334,994
335,994
336,994
337,994
338,994
339,994
340,994
341,994
342,994
343,994
344,994
345,994
346,994
347,994
348,994
349,994
350,994
351,994
352,994
353,994
354,994
355,994
356,994
357,994
358,994
359,994
360,994
361,994
362,994
363,994
364,994
365,994
366,994
367,994
368,994
369,994
370,994
371,994
372,994
373,994
374,994
375,994
376,994
377,994
378,994
379,994
380,994
381,994
382,994
383,994
384,994
385,994
386,994
387,994
388,994
389,994
390,994
391,994
392,994
393,994
394,994
395,994
396,994
397,994
398,994
399,994
400,994
401,994
402,994
403,994
404,994
405,994
406,994
407,994
408,994
409,994
410,994
411,994
412,994
413,994
414,994
415,994
416,994
417,994
418,994
419,994
420,994
421,994
422,994
423,994
424,994
425,994
426,994
427,994
428,994
429,994
430,994
431,994
432,994
433,994
434,994
435,994
436,994
437,994
438,994
439,994
440,994
441,994
442,994
443,994
444,994
445,994
446,994
447,994
448,994
449,994
450,994
451,994
452,994
453,994
454,994
455,994
456,994
457,994
458,994
459,994
15,972
16,972
17,972
18,972
19,972
20,972
21,972
22,972
23,972
24,972
25,972
26,972
27,972
28,972
29,972
30,972
31,972
32,972
33,972
34,972
35,972
36,972
37,972
38,972
39,972
40,972
41,972
42,972
43,972
44,972
45,972
46,972
47,972
48,972
49,972
50,972
51,972
52,972
53,972
54,972
55,972
56,972
57,972
58,972
59,972
60,972
61,972
62,972
63,972
64,972
65,972
66,972
67,972
68,972
69,972
70,972
71,972
72,972
73,972
74,972
75,972
76,972
77,972
78,972
79,972
80,972
81,972
82,972
83,972
84,972
85,972
86,972
87,972
88,972
89,972
90,972
91,972
92,972
93,972
94,972
95,972
96,972
97,972
98,972
99,972
100,972
101,972
102,972
103,972
104,972
105,972
106,972
107,972
108,972
109,972
110,972
111,972
112,972
113,972
114,972
115,972
116,972
117,972
118,972
119,972
120,972
121,972
122,972
123,972
124,972
125,972
126,972
127,972
128,972
129,972
130,972
131,972
132,972
133,972
134,972
135,972
136,972
137,972
138,972
139,972
140,972
141,972
142,972
599,490
600,490
601,490
602,490
603,490
604,490
605,490
606,490
607,490
608,490
609,490
610,490
611,490
612,490
613,490
614,490
615,490
616,490
617,490
618,490
619,490
620,490
621,490
622,490
623,490
624,490
625,490
626,490
627,490
628,490
629,490
630,490
631,490
632,490
633,490
634,490
635,490
636,490
637,490
638,490
639,490
640,490
641,490
642,490
643,490
644,490
645,490
646,490
647,490
648,490
649,490
650,490
651,490
652,490
653,490
654,490
655,490
656,490
657,490
658,490
659,490
660,490
661,490
662,490
663,490
664,490
665,490
666,490
667,490
668,490
669,490
670,490
671,490
672,490
673,490
674,490
675,490
676,490
677,490
678,490
679,490
680,490
681,490
682,490
683,490
684,490
685,490
686,490
687,490
688,490
689,490
690,490
691,490
692,490
693,490
694,490
695,490
696,490
697,490
698,490
699,490
700,490
701,490
702,490
703,490
704,490
705,490
706,490
707,490
708,490
709,490
710,490
711,490
712,490
713,490
714,490
715,490
716,490
717,490
718,490
719,490
720,490
721,490
722,490
723,490
724,490
725,490
726,490
490,958
491,958
492,958
493,958
494,958
495,958
496,958
497,958
498,958
499,958
500,958
501,958
502,958
503,958
504,958
505,958
506,958
507,958
508,958
509,958
510,958
511,958
512,958
513,958
514,958
515,958
516,958
517,958
518,958
519,958
520,958
521,958
522,958
523,958
524,958
525,958
526,958
527,958
528,958
529,958
530,958
531,958
532,958
533,958
534,958
535,958
536,958
537,958
538,958
539,958
540,958
541,958
542,958
543,958
544,958
545,958
546,958
547,958
548,958
549,958
550,958
551,958
552,958
553,958
554,958
555,958
556,958
557,958
558,958
559,958
560,958
561,958
562,958
563,958
564,958
565,958
566,958
567,958
568,958
569,958
570,958
571,958
572,958
573,958
574,958
575,958
576,958
577,958
578,958
579,958
580,958
581,958
582,958
583,958
584,958
585,958
586,958
587,958
588,958
589,958
590,958
591,958
592,958
593,958
594,958
595,958
596,958
597,958
598,958
599,958
600,958
601,958
602,958
603,958
604,958
605,958
606,958
607,958
608,958
609,958
610,958
611,958
612,958
613,958
614,958
615,958
616,958
617,958
599,1013
600,1013
601,1013
602,1013
603,1013
604,1013
605,1013
606,1013
607,1013
608,1013
609,1013
610,1013
611,1013
612,1013
613,1013
614,1013
615,1013
616,1013
617,1013
618,1013
619,1013
620,1013
621,1013
622,1013
623,1013
624,1013
625,1013
626,1013
627,1013
628,1013
629,1013
630,1013
631,1013
632,1013
633,1013
634,1013
635,1013
636,1013
637,1013
638,1013
639,1013
640,1013
641,1013
642,1013
643,1013
644,1013
645,1013
646,1013
647,1013
648,1013
649,1013
650,1013
651,1013
652,1013
653,1013
654,1013
655,1013
656,1013
657,1013
658,1013
659,1013
660,1013
661,1013
662,1013
663,1013
664,1013
665,1013
666,1013
667,1013
668,1013
669,1013
670,1013
671,1013
672,1013
673,1013
674,1013
675,1013
676,1013
677,1013
678,1013
679,1013
680,1013
681,1013
682,1013
683,1013
684,1013
685,1013
686,1013
687,1013
688,1013
689,1013
690,1013
691,1013
692,1013
693,1013
694,1013
695,1013
696,1013
697,1013
698,1013
699,1013
700,1013
701,1013
702,1013
703,1013
704,1013
705,1013
706,1013
707,1013
708,1013
709,1013
710,1013
711,1013
712,1013
713,1013
714,1013
715,1013
716,1013
717,1013
718,1013
719,1013
720,1013
721,1013
722,1013
723,1013
724,1013
725,1013
726,1013
549,716
550,716
551,716
552,716
553,716
554,716
555,716
556,716
557,716
558,716
559,716
560,716
561,716
562,716
563,716
564,716
565,716
566,716
567,716
568,716
569,716
570,716
571,716
572,716
573,716
574,716
575,716
576,716
577,716
578,716
579,716
580,716
581,716
582,716
583,716
584,716
585,716
586,716
587,716
588,716
589,716
590,716
591,716
592,716
593,716
594,716
595,716
596,716
597,716
598,716
599,716
600,716
601,716
602,716
603,716
604,716
605,716
606,716
607,716
608,716
609,716
610,716
611,716
612,716
613,716
614,716
615,716
616,716
617,716
618,716
619,716
620,716
621,716
622,716
623,716
624,716
625,716
626,716
627,716
628,716
629,716
630,716
631,716
632,716
633,716
634,716
635,716
636,716
637,716
638,716
639,716
640,716
641,716
642,716
643,716
644,716
645,716
646,716
647,716
648,716
649,716
650,716
651,716
652,716
653,716
654,716
655,716
656,716
657,716
658,716
659,716
660,716
661,716
662,716
663,716
664,716
665,716
666,716
667,716
668,716
669,716
670,716
671,716
672,716
673,716
674,716
675,716
676,716
77,316
78,316
79,316
80,316
81,316
82,316
83,316
84,316
85,316
86,316
87,316
88,316
89,316
90,316
91,316
92,316
93,316
94,316
95,316
96,316
97,316
98,316
99,316
100,316
101,316
102,316
103,316
104,316
105,316
106,316
107,316
108,316
109,316
110,316
111,316
112,316
113,316
114,316
115,316
116,316
117,316
118,316
119,316
120,316
121,316
122,316
123,316
124,316
125,316
126,316
127,316
128,316
129,316
130,316
131,316
132,316
133,316
134,316
135,316
136,316
137,316
138,316
139,316
140,316
141,316
142,316
143,316
144,316
145,316
146,316
147,316
148,316
149,316
150,316
151,316
152,316
153,316
154,316
155,316
156,316
157,316
158,316
159,316
160,316
161,316
162,316
163,316
164,316
165,316
166,316
167,316
168,316
169,316
170,316
171,316
172,316
173,316
174,316
175,316
176,316
177,316
178,316
179,316
180,316
181,316
182,316
183,316
184,316
185,316
186,316
187,316
188,316
189,316
190,316
191,316
192,316
193,316
194,316
195,316
196,316
197,316
198,316
199,316
200,316
201,316
202,316
203,316
204,316
423,39
424,39
425,39
426,39
427,39
428,39
429,39
430,39
431,39
432,39
433,39
434,39
435,39
436,39
437,39
438,39
439,39
440,39
441,39
442,39
443,39
444,39
445,39
446,39
447,39
448,39
449,39
450,39
451,39
452,39
453,39
454,39
455,39
456,39
457,39
458,39
459,39
460,39
461,39
462,39
463,39
464,39
465,39
466,39
467,39
468,39
469,39
470,39
471,39
472,39
473,39
474,39
475,39
476,39
477,39
478,39
479,39
480,39
481,39
482,39
483,39
484,39
485,39
486,39
487,39
488,39
489,39
490,39
491,39
492,39
493,39
494,39
495,39
496,39
497,39
498,39
499,39
500,39
501,39
502,39
503,39
504,39
505,39
506,39
507,39
508,39
509,39
510,39
511,39
512,39
513,39
514,39
515,39
516,39
517,39
518,39
519,39
520,39
521,39
522,39
523,39
524,39
525,39
526,39
527,39
528,39
529,39
530,39
531,39
532,39
533,39
534,39
535,39
536,39
537,39
538,39
539,39
540,39
541,39
542,39
543,39
544,39
545,39
546,39
547,39
548,39
549,39
550,39
62,297
63,297
64,297
65,297
66,297
67,297
68,297
69,297
70,297
71,297
72,297
73,297
74,297
75,297
76,297
77,297
78,297
79,297
80,297
81,297
82,297
83,297
84,297
85,297
86,297
87,297
88,297
89,297
90,297
91,297
92,297
93,297
94,297
95,297
96,297
97,297
98,297
99,297
100,297
101,297
102,297
103,297
104,297
105,297
106,297
107,297
108,297
109,297
110,297
111,297
112,297
113,297
114,297
115,297
116,297
117,297
118,297
119,297
120,297
121,297
122,297
123,297
124,297
125,297
126,297
127,297
128,297
129,297
130,297
131,297
132,297
133,297
134,297
135,297
136,297
137,297
138,297
139,297
140,297
141,297
142,297
143,297
144,297
145,297
146,297
147,297
148,297
149,297
150,297
151,297
152,297
153,297
154,297
155,297
156,297
157,297
158,297
159,297
160,297
161,297
162,297
163,297
164,297
165,297
166,297
167,297
168,297
169,297
170,297
171,297
172,297
173,297
174,297
175,297
176,297
177,297
178,297
179,297
180,297
181,297
182,297
183,297
184,297
185,297
186,297
187,297
188,297
189,297
471,257
472,257
473,257
474,257
475,257
476,257
477,257
478,257
479,257
480,257
481,257
482,257
483,257
484,257
485,257
486,257
487,257
488,257
489,257
490,257
491,257
492,257
493,257
494,257
495,257
496,257
497,257
498,257
499,257
500,257
501,257
502,257
503,257
504,257
505,257
506,257
507,257
508,257
509,257
510,257
511,257
512,257
513,257
514,257
515,257
516,257
517,257
518,257
519,257
520,257
521,257
522,257
523,257
524,257
525,257
526,257
527,257
528,257
529,257
530,257
531,257
532,257
533,257
534,257
535,257
536,257
537,257
538,257
539,257
540,257
541,257
542,257
543,257
544,257
545,257
546,257
547,257
548,257
549,257
550,257
551,257
552,257
553,257
554,257
555,257
556,257
557,257
558,257
559,257
560,257
561,257
562,257
563,257
564,257
565,257
566,257
567,257
568,257
569,257
570,257
571,257
572,257
573,257
574,257
575,257
576,257
577,257
578,257
579,257
580,257
581,257
582,257
583,257
584,257
585,257
586,257
587,257
588,257
589,257
590,257
591,257
592,257
593,257
594,257
595,257
596,257
597,257
598,257
666,47
667,47
668,47
669,47
670,47
671,47
672,47
673,47
674,47
675,47
676,47
677,47
678,47
679,47
680,47
681,47
682,47
683,47
684,47
685,47
686,47
687,47
688,47
689,47
690,47
691,47
692,47
693,47
694,47
695,47
696,47
697,47
698,47
699,47
700,47
701,47
702,47
703,47
704,47
705,47
706,47
707,47
708,47
709,47
710,47
711,47
712,47
713,47
714,47
715,47
716,47
717,47
718,47
719,47
720,47
721,47
722,47
723,47
724,47
725,47
726,47
727,47
728,47
729,47
730,47
731,47
732,47
733,47
734,47
735,47
736,47
737,47
738,47
739,47
740,47
741,47
742,47
743,47
744,47
745,47
746,47
747,47
748,47
749,47
750,47
751,47
752,47
753,47
754,47
755,47
756,47
757,47
758,47
759,47
760,47
761,47
762,47
763,47
764,47
765,47
766,47
767,47
768,47
769,47
770,47
771,47
772,47
773,47
774,47
775,47
776,47
777,47
778,47
779,47
780,47
781,47
782,47
783,47
784,47
785,47
786,47
787,47
788,47
789,47
790,47
791,47
792,47
793,47
123,393
124,393
125,393
126,393
127,393
128,393
129,393
130,393
131,393
132,393
133,393
134,393
135,393
136,393
137,393
138,393
139,393
140,393
141,393
142,393
143,393
144,393
145,393
146,393
147,393
148,393
149,393
150,393
151,393
152,393
153,393
154,393
155,393
156,393
157,393
158,393
159,393
160,393
161,393
162,393
163,393
164,393
165,393
166,393
167,393
168,393
169,393
170,393
171,393
172,393
173,393
174,393
175,393
176,393
177,393
178,393
179,393
180,393
181,393
182,393
183,393
184,393
185,393
186,393
187,393
188,393
189,393
190,393
191,393
192,393
193,393
194,393
195,393
196,393
197,393
198,393
199,393
200,393
201,393
202,393
203,393
204,393
205,393
206,393
207,393
208,393
209,393
210,393
211,393
212,393
213,393
214,393
215,393
216,393
217,393
218,393
219,393
220,393
221,393
222,393
223,393
224,393
225,393
226,393
227,393
228,393
229,393
230,393
231,393
232,393
233,393
234,393
235,393
236,393
237,393
238,393
239,393
240,393
241,393
242,393
243,393
244,393
245,393
246,393
247,393
248,393
249,393
250,393
317,753
318,753
319,753
320,753
321,753
322,753
323,753
324,753
325,753
326,753
327,753
328,753
329,753
330,753
331,753
332,753
333,753
334,753
335,753
336,753
337,753
338,753
339,753
340,753
341,753
342,753
343,753
344,753
345,753
346,753
347,753
348,753
349,753
350,753
351,753
352,753
353,753
354,753
355,753
356,753
357,753
358,753
359,753
360,753
361,753
362,753
363,753
364,753
365,753
366,753
367,753
368,753
369,753
370,753
371,753
372,753
373,753
374,753
375,753
376,753
377,753
378,753
379,753
380,753
381,753
382,753
383,753
384,753
385,753
386,753
387,753
388,753
389,753
390,753
391,753
392,753
393,753
394,753
395,753
396,753
397,753
398,753
399,753
400,753
401,753
402,753
403,753
404,753
405,753
406,753
407,753
408,753
409,753
410,753
411,753
412,753
413,753
414,753
415,753
416,753
417,753
418,753
419,753
420,753
421,753
422,753
423,753
424,753
425,753
426,753
427,753
428,753
429,753
430,753
431,753
432,753
433,753
434,753
435,753
436,753
437,753
438,753
439,753
440,753
441,753
442,753
443,753
444,753
630,714
631,714
632,714
633,714
634,714
635,714
636,714
637,714
638,714
639,714
640,714
641,714
642,714
643,714
644,714
645,714
646,714
647,714
648,714
649,714
650,714
651,714
652,714
653,714
654,714
655,714
656,714
657,714
658,714
659,714
660,714
661,714
662,714
663,714
664,714
665,714
666,714
667,714
668,714
669,714
670,714
671,714
672,714
673,714
674,714
675,714
676,714
677,714
678,714
679,714
680,714
681,714
682,714
683,714
684,714
685,714
686,714
687,714
688,714
689,714
690,714
691,714
692,714
693,714
694,714
695,714
696,714
697,714
698,714
699,714
700,714
701,714
702,714
703,714
704,714
705,714
706,714
707,714
708,714
709,714
710,714
711,714
712,714
713,714
714,714
715,714
716,714
717,714
718,714
719,714
720,714
721,714
722,714
723,714
724,714
725,714
726,714
727,714
728,714
729,714
730,714
731,714
732,714
733,714
734,714
735,714
736,714
737,714
738,714
739,714
740,714
741,714
742,714
743,714
744,714
745,714
746,714
747,714
748,714
749,714
750,714
751,714
752,714
753,714
754,714
755,714
756,714
757,714
759,938
760,938
761,938
762,938
763,938
764,938
765,938
766,938
767,938
768,938
769,938
770,938
771,938
772,938
773,938
774,938
775,938
776,938
777,938
778,938
779,938
780,938
781,938
782,938
783,938
784,938
785,938
786,938
787,938
788,938
789,938
790,938
791,938
792,938
793,938
794,938
795,938
796,938
797,938
798,938
799,938
800,938
801,938
802,938
803,938
804,938
805,938
806,938
807,938
808,938
809,938
810,938
811,938
812,938
813,938
814,938
815,938
816,938
817,938
818,938
819,938
820,938
821,938
822,938
823,938
824,938
825,938
826,938
827,938
828,938
829,938
830,938
831,938
832,938
833,938
834,938
835,938
836,938
837,938
838,938
839,938
840,938
841,938
842,938
843,938
844,938
845,938
846,938
847,938
848,938
849,938
850,938
851,938
852,938
853,938
854,938
855,938
856,938
857,938
858,938
859,938
860,938
861,938
862,938
863,938
864,938
865,938
866,938
867,938
868,938
869,938
870,938
871,938
872,938
873,938
874,938
875,938
876,938
877,938
878,938
879,938
880,938
881,938
882,938
883,938
884,938
885,938
886,938
291,945
292,945
293,945
294,945
295,945
296,945
297,945
298,945
299,945
300,945
301,945
302,945
303,945
304,945
305,945
306,945
307,945
308,945
309,945
310,945
311,945
312,945
313,945
314,945
315,945
316,945
317,945
318,945
319,945
320,945
321,945
322,945
323,945
324,945
325,945
326,945
327,945
328,945
329,945
330,945
331,945
332,945
333,945
334,945
335,945
336,945
337,945
338,945
339,945
340,945
341,945
342,945
343,945
344,945
345,945
346,945
347,945
348,945
349,945
350,945
351,945
352,945
353,945
354,945
355,945
356,945
357,945
358,945
359,945
360,945
361,945
362,945
363,945
364,945
365,945
366,945
367,945
368,945
369,945
370,945
371,945
372,945
373,945
374,945
375,945
376,945
377,945
378,945
379,945
380,945
381,945
382,945
383,945
384,945
385,945
386,945
387,945
388,945
389,945
390,945
391,945
392,945
393,945
394,945
395,945
396,945
397,945
398,945
399,945
400,945
401,945
402,945
403,945
404,945
405,945
406,945
407,945
408,945
409,945
410,945
411,945
412,945
413,945
414,945
415,945
416,945
417,945
418,945
509,20
510,20
511,20
512,20
513,20
514,20
515,20
516,20
517,20
518,20
519,20
520,20
521,20
522,20
523,20
524,20
525,20
526,20
527,20
528,20
529,20
530,20
531,20
532,20
533,20
534,20
535,20
536,20
537,20
538,20
539,20
540,20
541,20
542,20
543,20
544,20
545,20
546,20
547,20
548,20
549,20
550,20
551,20
552,20
553,20
554,20
555,20
556,20
557,20
558,20
559,20
560,20
561,20
562,20
563,20
564,20
565,20
566,20
567,20
568,20
569,20
570,20
571,20
572,20
573,20
574,20
575,20
576,20
577,20
578,20
579,20
580,20
581,20
582,20
583,20
584,20
585,20
586,20
587,20
588,20
589,20
590,20
591,20
592,20
593,20
594,20
595,20
596,20
597,20
598,20
599,20
600,20
601,20
602,20
603,20
604,20
605,20
606,20
607,20
608,20
609,20
610,20
611,20
612,20
613,20
614,20
615,20
616,20
617,20
618,20
619,20
620,20
621,20
622,20
623,20
624,20
625,20
626,20
627,20
628,20
629,20
630,20
631,20
632,20
633,20
634,20
635,20
636,20
49,537
50,537
51,537
52,537
53,537
54,537
55,537
56,537
57,537
58,537
59,537
60,537
61,537
62,537
63,537
64,537
65,537
66,537
67,537
68,537
69,537
70,537
71,537
72,537
73,537
74,537
75,537
76,537
77,537
78,537
79,537
80,537
81,537
82,537
83,537
84,537
85,537
86,537
87,537
88,537
89,537
90,537
91,537
92,537
93,537
94,537
95,537
96,537
97,537
98,537
99,537
100,537
101,537
102,537
103,537
104,537
105,537
106,537
107,537
108,537
109,537
110,537
111,537
112,537
113,537
114,537
115,537
116,537
117,537
118,537
119,537
120,537
121,537
122,537
123,537
124,537
125,537
126,537
127,537
128,537
129,537
130,537
131,537
132,537
133,537
134,537
135,537
136,537
137,537
138,537
139,537
140,537
141,537
142,537
143,537
144,537
145,537
146,537
147,537
148,537
149,537
150,537
151,537
152,537
153,537
154,537
155,537
156,537
157,537
158,537
159,537
160,537
161,537
162,537
163,537
164,537
165,537
166,537
167,537
168,537
169,537
170,537
171,537
172,537
173,537
174,537
175,537
176,537
579,12
580,12
581,12
582,12
583,12
584,12
585,12
586,12
587,12
588,12
589,12
590,12
591,12
592,12
593,12
594,12
595,12
596,12
597,12
598,12
599,12
600,12
601,12
602,12
603,12
604,12
605,12
606,12
607,12
608,12
609,12
610,12
611,12
612,12
613,12
614,12
615,12
616,12
617,12
618,12
619,12
620,12
621,12
622,12
623,12
624,12
625,12
626,12
627,12
628,12
629,12
630,12
631,12
632,12
633,12
634,12
635,12
636,12
637,12
638,12
639,12
640,12
641,12
642,12
643,12
644,12
645,12
646,12
647,12
648,12
649,12
650,12
651,12
652,12
653,12
654,12
655,12
656,12
657,12
658,12
659,12
660,12
661,12
662,12
663,12
664,12
665,12
666,12
667,12
668,12
669,12
670,12
671,12
672,12
673,12
674,12
675,12
676,12
677,12
678,12
679,12
680,12
681,12
682,12
683,12
684,12
685,12
686,12
687,12
688,12
689,12
690,12
691,12
692,12
693,12
694,12
695,12
696,12
697,12
698,12
699,12
700,12
701,12
702,12
703,12
704,12
705,12
706,12
31,932
32,932
33,932
34,932
35,932
36,932
37,932
38,932
39,932
40,932
41,932
42,932
43,932
44,932
45,932
46,932
47,932
48,932
49,932
50,932
51,932
52,932
53,932
54,932
55,932
56,932
57,932
58,932
59,932
60,932
61,932
62,932
63,932
64,932
65,932
66,932
67,932
68,932
69,932
70,932
71,932
72,932
73,932
74,932
75,932
76,932
77,932
78,932
79,932
80,932
81,932
82,932
83,932
84,932
85,932
86,932
87,932
88,932
89,932
90,932
91,932
92,932
93,932
94,932
95,932
96,932
97,932
98,932
99,932
100,932
101,932
102,932
103,932
104,932
105,932
106,932
107,932
108,932
109,932
110,932
111,932
112,932
113,932
114,932
115,932
116,932
117,932
118,932
119,932
120,932
121,932
122,932
123,932
124,932
125,932
126,932
127,932
128,932
129,932
130,932
131,932
132,932
133,932
134,932
135,932
136,932
137,932
138,932
139,932
140,932
141,932
142,932
143,932
144,932
145,932
146,932
147,932
148,932
149,932
150,932
151,932
152,932
153,932
154,932
155,932
156,932
157,932
158,932
526,1009
527,1009
528,1009
529,1009
530,1009
531,1009
532,1009
533,1009
534,1009
535,1009
536,1009
537,1009
538,1009
539,1009
540,1009
541,1009
542,1009
543,1009
544,1009
545,1009
546,1009
547,1009
548,1009
549,1009
550,1009
551,1009
552,1009
553,1009
554,1009
555,1009
556,1009
557,1009
558,1009
559,1009
560,1009
561,1009
562,1009
563,1009
564,1009
565,1009
566,1009
567,1009
568,1009
569,1009
570,1009
571,1009
572,1009
573,1009
574,1009
575,1009
576,1009
577,1009
578,1009
579,1009
580,1009
581,1009
582,1009
583,1009
584,1009
585,1009
586,1009
587,1009
588,1009
589,1009
590,1009
591,1009
592,1009
593,1009
594,1009
595,1009
596,1009
597,1009
598,1009
599,1009
600,1009
601,1009
602,1009
603,1009
604,1009
605,1009
606,1009
607,1009
608,1009
609,1009
610,1009
611,1009
612,1009
613,1009
614,1009
615,1009
616,1009
617,1009
618,1009
619,1009
620,1009
621,1009
622,1009
623,1009
624,1009
625,1009
626,1009
627,1009
628,1009
629,1009
630,1009
631,1009
632,1009
633,1009
634,1009
635,1009
636,1009
637,1009
638,1009
639,1009
640,1009
641,1009
642,1009
643,1009
644,1009
645,1009
646,1009
647,1009
648,1009
649,1009
650,1009
651,1009
652,1009
653,1009
799,988
800,988
801,988
802,988
803,988
804,988
805,988
806,988
807,988
808,988
809,988
810,988
811,988
812,988
813,988
814,988
815,988
816,988
817,988
818,988
819,988
820,988
821,988
822,988
823,988
824,988
825,988
826,988
827,988
828,988
829,988
830,988
831,988
832,988
833,988
834,988
835,988
836,988
837,988
838,988
839,988
840,988
841,988
842,988
843,988
844,988
845,988
846,988
847,988
848,988
849,988
850,988
851,988
852,988
853,988
854,988
855,988
856,988
857,988
858,988
859,988
860,988
861,988
862,988
863,988
864,988
865,988
866,988
867,988
868,988
869,988
870,988
871,988
872,988
873,988
874,988
875,988
876,988
877,988
878,988
879,988
880,988
881,988
882,988
883,988
884,988
885,988
886,988
887,988
888,988
889,988
890,988
891,988
892,988
893,988
894,988
895,988
896,988
897,988
898,988
899,988
900,988
901,988
902,988
903,988
904,988
905,988
906,988
907,988
908,988
909,988
910,988
911,988
912,988
913,988
914,988
915,988
916,988
917,988
918,988
919,988
920,988
921,988
922,988
923,988
924,988
925,988
926,988
776,990
777,990
778,990
779,990
780,990
781,990
782,990
783,990
784,990
785,990
786,990
787,990
788,990
789,990
790,990
791,990
792,990
793,990
794,990
795,990
796,990
797,990
798,990
799,990
800,990
801,990
802,990
803,990
804,990
805,990
806,990
807,990
808,990
809,990
810,990
811,990
812,990
813,990
814,990
815,990
816,990
817,990
818,990
819,990
820,990
821,990
822,990
823,990
824,990
825,990
826,990
827,990
828,990
829,990
830,990
831,990
832,990
833,990
834,990
835,990
836,990
837,990
838,990
839,990
840,990
841,990
842,990
843,990
844,990
845,990
846,990
847,990
848,990
849,990
850,990
851,990
852,990
853,990
854,990
855,990
856,990
857,990
858,990
859,990
860,990
861,990
862,990
863,990
864,990
865,990
866,990
867,990
868,990
869,990
870,990
871,990
872,990
873,990
874,990
875,990
876,990
877,990
878,990
879,990
880,990
881,990
882,990
883,990
884,990
885,990
886,990
887,990
888,990
889,990
890,990
891,990
892,990
893,990
894,990
895,990
896,990
897,990
898,990
899,990
900,990
901,990
902,990
903,990
691,941
692,941
693,941
694,941
695,941
696,941
697,941
698,941
699,941
700,941
701,941
702,941
703,941
704,941
705,941
706,941
707,941
708,941
709,941
710,941
711,941
712,941
713,941
714,941
715,941
716,941
717,941
718,941
719,941
720,941
721,941
722,941
723,941
724,941
725,941
726,941
727,941
728,941
729,941
730,941
731,941
732,941
733,941
734,941
735,941
736,941
737,941
738,941
739,941
740,941
741,941
742,941
743,941
744,941
745,941
746,941
747,941
748,941
749,941
750,941
751,941
752,941
753,941
754,941
755,941
756,941
757,941
758,941
759,941
760,941
761,941
762,941
763,941
764,941
765,941
766,941
767,941
768,941
769,941
770,941
771,941
772,941
773,941
774,941
775,941
776,941
777,941
778,941
779,941
780,941
781,941
782,941
783,941
784,941
785,941
786,941
787,941
788,941
789,941
790,941
791,941
792,941
793,941
794,941
795,941
796,941
797,941
798,941
799,941
800,941
801,941
802,941
803,941
804,941
805,941
806,941
807,941
808,941
809,941
810,941
811,941
812,941
813,941
814,941
815,941
816,941
817,941
818,941
846,18
847,18
848,18
849,18
850,18
851,18
852,18
853,18
854,18
855,18
856,18
857,18
858,18
859,18
860,18
861,18
862,18
863,18
864,18
865,18
866,18
867,18
868,18
869,18
870,18
871,18
872,18
873,18
874,18
875,18
876,18
877,18
878,18
879,18
880,18
881,18
882,18
883,18
884,18
885,18
886,18
887,18
888,18
889,18
890,18
891,18
892,18
893,18
894,18
895,18
896,18
897,18
898,18
899,18
900,18
901,18
902,18
903,18
904,18
905,18
906,18
907,18
908,18
909,18
910,18
911,18
912,18
913,18
914,18
915,18
916,18
917,18
918,18
919,18
920,18
921,18
922,18
923,18
924,18
925,18
926,18
927,18
928,18
929,18
930,18
931,18
932,18
933,18
934,18
935,18
936,18
937,18
938,18
939,18
940,18
941,18
942,18
943,18
944,18
945,18
946,18
947,18
948,18
949,18
950,18
951,18
952,18
953,18
954,18
955,18
956,18
957,18
958,18
959,18
960,18
961,18
962,18
963,18
964,18
965,18
966,18
967,18
968,18
969,18
970,18
971,18
972,18
973,18
611,956
612,956
613,956
614,956
615,956
616,956
617,956
618,956
619,956
620,956
621,956
622,956
623,956
624,956
625,956
626,956
627,956
628,956
629,956
630,956
631,956
632,956
633,956
634,956
635,956
636,956
637,956
638,956
639,956
640,956
641,956
642,956
643,956
644,956
645,956
646,956
647,956
648,956
649,956
650,956
651,956
652,956
653,956
654,956
655,956
656,956
657,956
658,956
659,956
660,956
661,956
662,956
663,956
664,956
665,956
666,956
667,956
668,956
669,956
670,956
671,956
672,956
673,956
674,956
675,956
676,956
677,956
678,956
679,956
680,956
681,956
682,956
683,956
684,956
685,956
686,956
687,956
688,956
689,956
690,956
691,956
692,956
693,956
694,956
695,956
696,956
697,956
698,956
699,956
700,956
701,956
702,956
703,956
704,956
705,956
706,956
707,956
708,956
709,956
710,956
711,956
712,956
713,956
714,956
715,956
716,956
717,956
718,956
719,956
720,956
721,956
722,956
723,956
724,956
725,956
726,956
727,956
728,956
729,956
730,956
731,956
732,956
733,956
734,956
735,956
736,956
737,956
738,956
490,323
491,323
492,323
493,323
494,323
495,323
496,323
497,323
498,323
499,323
500,323
501,323
502,323
503,323
504,323
505,323
506,323
507,323
508,323
509,323
510,323
511,323
512,323
513,323
514,323
515,323
516,323
517,323
518,323
519,323
520,323
521,323
522,323
523,323
524,323
525,323
526,323
527,323
528,323
529,323
530,323
531,323
532,323
533,323
534,323
535,323
536,323
537,323
538,323
539,323
540,323
541,323
542,323
543,323
544,323
545,323
546,323
547,323
548,323
549,323
550,323
551,323
552,323
553,323
554,323
555,323
556,323
557,323
558,323
559,323
560,323
561,323
562,323
563,323
564,323
565,323
566,323
567,323
568,323
569,323
570,323
571,323
572,323
573,323
574,323
575,323
576,323
577,323
578,323
579,323
580,323
581,323
582,323
583,323
584,323
585,323
586,323
587,323
588,323
589,323
590,323
591,323
592,323
593,323
594,323
595,323
596,323
597,323
598,323
599,323
600,323
601,323
602,323
603,323
604,323
605,323
606,323
607,323
608,323
609,323
610,323
611,323
612,323
613,323
614,323
615,323
616,323
617,323
832,16
833,16
834,16
835,16
836,16
837,16
838,16
839,16
840,16
841,16
842,16
843,16
844,16
845,16
846,16
847,16
848,16
849,16
850,16
851,16
852,16
853,16
854,16
855,16
856,16
857,16
858,16
859,16
860,16
861,16
862,16
863,16
864,16
865,16
866,16
867,16
868,16
869,16
870,16
871,16
872,16
873,16
874,16
875,16
876,16
877,16
878,16
879,16
880,16
881,16
882,16
883,16
884,16
885,16
886,16
887,16
888,16
889,16
890,16
891,16
892,16
893,16
894,16
895,16
896,16
897,16
898,16
899,16
900,16
901,16
902,16
903,16
904,16
905,16
906,16
907,16
908,16
909,16
910,16
911,16
912,16
913,16
914,16
915,16
916,16
917,16
918,16
919,16
920,16
921,16
922,16
923,16
924,16
925,16
926,16
927,16
928,16
929,16
930,16
931,16
932,16
933,16
934,16
935,16
936,16
937,16
938,16
939,16
940,16
941,16
942,16
943,16
944,16
945,16
946,16
947,16
948,16
949,16
950,16
951,16
952,16
953,16
954,16
955,16
956,16
957,16
958,16
959,16
286,938
287,938
288,938
289,938
290,938
291,938
292,938
293,938
294,938
295,938
296,938
297,938
298,938
299,938
300,938
301,938
302,938
303,938
304,938
305,938
306,938
307,938
308,938
309,938
310,938
311,938
312,938
313,938
314,938
315,938
316,938
317,938
318,938
319,938
320,938
321,938
322,938
323,938
324,938
325,938
326,938
327,938
328,938
329,938
330,938
331,938
332,938
333,938
334,938
335,938
336,938
337,938
338,938
339,938
340,938
341,938
342,938
343,938
344,938
345,938
346,938
347,938
348,938
349,938
350,938
351,938
352,938
353,938
354,938
355,938
356,938
357,938
358,938
359,938
360,938
361,938
362,938
363,938
364,938
365,938
366,938
367,938
368,938
369,938
370,938
371,938
372,938
373,938
374,938
375,938
376,938
377,938
378,938
379,938
380,938
381,938
382,938
383,938
384,938
385,938
386,938
387,938
388,938
389,938
390,938
391,938
392,938
393,938
394,938
395,938
396,938
397,938
398,938
399,938
400,938
401,938
402,938
403,938
404,938
405,938
406,938
407,938
408,938
409,938
410,938
411,938
412,938
413,938
814,575
815,575
816,575
817,575
818,575
819,575
820,575
821,575
822,575
823,575
824,575
825,575
826,575
827,575
828,575
829,575
830,575
831,575
832,575
833,575
834,575
835,575
836,575
837,575
838,575
839,575
840,575
841,575
842,575
843,575
844,575
845,575
846,575
847,575
848,575
849,575
850,575
851,575
852,575
853,575
854,575
855,575
856,575
857,575
858,575
859,575
860,575
861,575
862,575
863,575
864,575
865,575
866,575
867,575
868,575
869,575
870,575
871,575
872,575
873,575
874,575
875,575
876,575
877,575
878,575
879,575
880,575
881,575
882,575
883,575
884,575
885,575
886,575
887,575
888,575
889,575
890,575
891,575
892,575
893,575
894,575
895,575
896,575
897,575
898,575
899,575
900,575
901,575
902,575
903,575
904,575
905,575
906,575
907,575
908,575
909,575
910,575
911,575
912,575
913,575
914,575
915,575
916,575
917,575
918,575
919,575
920,575
921,575
922,575
923,575
924,575
925,575
926,575
927,575
928,575
929,575
930,575
931,575
932,575
933,575
934,575
935,575
936,575
937,575
938,575
939,575
940,575
941,575
878,441
879,441
880,441
881,441
882,441
883,441
884,441
885,441
886,441
887,441
888,441
889,441
890,441
891,441
892,441
893,441
894,441
895,441
896,441
897,441
898,441
899,441
900,441
901,441
902,441
903,441
904,441
905,441
906,441
907,441
908,441
909,441
910,441
911,441
912,441
913,441
914,441
915,441
916,441
917,441
918,441
919,441
920,441
921,441
922,441
923,441
924,441
925,441
926,441
927,441
928,441
929,441
930,441
931,441
932,441
933,441
934,441
935,441
936,441
937,441
938,441
939,441
940,441
941,441
942,441
943,441
944,441
945,441
946,441
947,441
948,441
949,441
950,441
951,441
952,441
953,441
954,441
955,441
956,441
957,441
958,441
959,441
960,441
961,441
962,441
963,441
964,441
965,441
966,441
967,441
968,441
969,441
970,441
971,441
972,441
973,441
974,441
975,441
976,441
977,441
978,441
979,441
980,441
981,441
982,441
983,441
984,441
985,441
986,441
987,441
988,441
989,441
990,441
991,441
992,441
993,441
994,441
995,441
996,441
997,441
998,441
999,441
1000,441
1001,441
1002,441
1003,441
1004,441
1005,441
297,28
298,28
299,28
300,28
301,28
302,28
303,28
304,28
305,28
306,28
307,28
308,28
309,28
310,28
311,28
312,28
313,28
314,28
315,28
316,28
317,28
318,28
319,28
320,28
321,28
322,28
323,28
324,28
325,28
326,28
327,28
328,28
329,28
330,28
331,28
332,28
333,28
334,28
335,28
336,28
337,28
338,28
339,28
340,28
341,28
342,28
343,28
344,28
345,28
346,28
347,28
348,28
349,28
350,28
351,28
352,28
353,28
354,28
355,28
356,28
357,28
358,28
359,28
360,28
361,28
362,28
363,28
364,28
365,28
366,28
367,28
368,28
369,28
370,28
371,28
372,28
373,28
374,28
375,28
376,28
377,28
378,28
379,28
380,28
381,28
382,28
383,28
384,28
385,28
386,28
387,28
388,28
389,28
390,28
391,28
392,28
393,28
394,28
395,28
396,28
397,28
398,28
399,28
400,28
401,28
402,28
403,28
404,28
405,28
406,28
407,28
408,28
409,28
410,28
411,28
412,28
413,28
414,28
415,28
416,28
417,28
418,28
419,28
420,28
421,28
422,28
423,28
424,28
250,34
251,34
252,34
253,34
254,34
255,34
256,34
257,34
258,34
259,34
260,34
261,34
262,34
263,34
264,34
265,34
266,34
267,34
268,34
269,34
270,34
271,34
272,34
273,34
274,34
275,34
276,34
277,34
278,34
279,34
280,34
281,34
282,34
283,34
284,34
285,34
286,34
287,34
288,34
289,34
290,34
291,34
292,34
293,34
294,34
295,34
296,34
297,34
298,34
299,34
300,34
301,34
302,34
303,34
304,34
305,34
306,34
307,34
308,34
309,34
310,34
311,34
312,34
313,34
314,34
315,34
316,34
317,34
318,34
319,34
320,34
321,34
322,34
323,34
324,34
325,34
326,34
327,34
328,34
329,34
330,34
331,34
332,34
333,34
334,34
335,34
336,34
337,34
338,34
339,34
340,34
341,34
342,34
343,34
344,34
345,34
346,34
347,34
348,34
349,34
350,34
351,34
352,34
353,34
354,34
355,34
356,34
357,34
358,34
359,34
360,34
361,34
362,34
363,34
364,34
365,34
366,34
367,34
368,34
369,34
370,34
371,34
372,34
373,34
374,34
375,34
376,34
377,34
196,788
197,788
198,788
199,788
200,788
201,788
202,788
203,788
204,788
205,788
206,788
207,788
208,788
209,788
210,788
211,788
212,788
213,788
214,788
215,788
216,788
217,788
218,788
219,788
220,788
221,788
222,788
223,788
224,788
225,788
226,788
227,788
228,788
229,788
230,788
231,788
232,788
233,788
234,788
235,788
236,788
237,788
238,788
239,788
240,788
241,788
242,788
243,788
244,788
245,788
246,788
247,788
248,788
249,788
250,788
251,788
252,788
253,788
254,788
255,788
256,788
257,788
258,788
259,788
260,788
261,788
262,788
263,788
264,788
265,788
266,788
267,788
268,788
269,788
270,788
271,788
272,788
273,788
274,788
275,788
276,788
277,788
278,788
279,788
280,788
281,788
282,788
283,788
284,788
285,788
286,788
287,788
288,788
289,788
290,788
291,788
292,788
293,788
294,788
295,788
296,788
297,788
298,788
299,788
300,788
301,788
302,788
303,788
304,788
305,788
306,788
307,788
308,788
309,788
310,788
311,788
312,788
313,788
314,788
315,788
316,788
317,788
318,788
319,788
320,788
321,788
322,788
323,788