205,852
205,853
205,854
205,855
205,856
205,857
205,858
205,859
205,860
205,861
205,862
205,863
205,864
205,865
205,866
205,867
205,868
205,869
205,870
205,871
205,872
205,873
205,874
205,875
205,876
205,877
205,878
205,879
205,880
205,881
205,882
205,883
205,884
205,885
205,886
205,887
205,888
205,889
205,890
205,891
205,892
205,893
205,894
205,895
205,896
205,897
205,898
205,899
205,900
205,901
205,902
205,903
205,904
205,905
205,906
205,907
205,908
205,909
205,910
205,911
205,912
205,913
205,914
205,915
205,916
205,917
205,918
205,919
205,920
205,921
205,922
205,923
205,924
205,925
205,926
205,927
205,928
205,929
205,930
205,931
205,932
205,933
205,934
205,935
205,936
205,937
205,938
205,939
205,940
205,941
205,942
205,943
205,944
205,945
205,946
205,947
205,948
205,949
205,950
205,951
205,952
205,953
205,954
205,955
205,956
205,957
205,958
205,959
205,960
205,961
205,962
205,963
205,964
205,965
205,966
205,967
205,968
205,969
205,970
205,971
205,972
205,973
205,974
205,975
205,976
205,977
205,978
205,979
501,470
501,471
501,472
501,473
501,474
501,475
501,476
501,477
501,478
501,479
501,480
501,481
501,482
501,483
501,484
501,485
501,486
501,487
501,488
501,489
501,490
501,491
501,492
501,493
501,494
501,495
501,496
501,497
501,498
501,499
501,500
501,501
501,502
501,503
501,504
501,505
501,506
501,507
501,508
501,509
501,510
501,511
501,512
501,513
501,514
501,515
501,516
501,517
501,518
501,519
501,520
501,521
501,522
501,523
501,524
501,525
501,526
501,527
501,528
501,529
501,530
501,531
501,532
501,533
501,534
501,535
501,536
501,537
501,538
501,539
501,540
501,541
501,542
501,543
501,544
501,545
501,546
501,547
501,548
501,549
501,550
501,551
501,552
501,553
501,554
501,555
501,556
501,557
501,558
501,559
501,560
501,561
501,562
501,563
501,564
501,565
501,566
501,567
501,568
501,569
501,570
501,571
501,572
501,573
501,574
501,575
501,576
501,577
501,578
501,579
501,580
501,581
501,582
501,583
501,584
501,585
501,586
501,587
501,588
501,589
501,590
501,591
501,592
501,593
501,594
501,595
501,596
501,597
449,504
449,505
449,506
449,507
449,508
449,509
449,510
449,511
449,512
449,513
449,514
449,515
449,516
449,517
449,518
449,519
449,520
449,521
449,522
449,523
449,524
449,525
449,526
449,527
449,528
449,529
449,530
449,531
449,532
449,533
449,534
449,535
449,536
449,537
449,538
449,539
449,540
449,541
449,542
449,543
449,544
449,545
449,546
449,547
449,548
449,549
449,550
449,551
449,552
449,553
449,554
449,555
449,556
449,557
449,558
449,559
449,560
449,561
449,562
449,563
449,564
449,565
449,566
449,567
449,568
449,569
449,570
449,571
449,572
449,573
449,574
449,575
449,576
449,577
449,578
449,579
449,580
449,581
449,582
449,583
449,584
449,585
449,586
449,587
449,588
449,589
449,590
449,591
449,592
449,593
449,594
449,595
449,596
449,597
449,598
449,599
449,600
449,601
449,602
449,603
449,604
449,605
449,606
449,607
449,608
449,609
449,610
449,611
449,612
449,613
449,614
449,615
449,616
449,617
449,618
449,619
449,620
449,621
449,622
449,623
449,624
449,625
449,626
449,627
449,628
449,629
449,630
449,631
923,168
923,169
923,170
923,171
923,172
923,173
923,174
923,175
923,176
923,177
923,178
923,179
923,180
923,181
923,182
923,183
923,184
923,185
923,186
923,187
923,188
923,189
923,190
923,191
923,192
923,193
923,194
923,195
923,196
923,197
923,198
923,199
923,200
923,201
923,202
923,203
923,204
923,205
923,206
923,207
923,208
923,209
923,210
923,211
923,212
923,213
923,214
923,215
923,216
923,217
923,218
923,219
923,220
923,221
923,222
923,223
923,224
923,225
923,226
923,227
923,228
923,229
923,230
923,231
923,232
923,233
923,234
923,235
923,236
923,237
923,238
923,239
923,240
923,241
923,242
923,243
923,244
923,245
923,246
923,247
923,248
923,249
923,250
923,251
923,252
923,253
923,254
923,255
923,256
923,257
923,258
923,259
923,260
923,261
923,262
923,263
923,264
923,265
923,266
923,267
923,268
923,269
923,270
923,271
923,272
923,273
923,274
923,275
923,276
923,277
923,278
923,279
923,280
923,281
923,282
923,283
923,284
923,285
923,286
923,287
923,288
923,289
923,290
923,291
923,292
923,293
923,294
923,295
319,99
319,100
319,101
319,102
319,103
319,104
319,105
319,106
319,107
319,108
319,109
319,110
319,111
319,112
319,113
319,114
319,115
319,116
319,117
319,118
319,119
319,120
319,121
319,122
319,123
319,124
319,125
319,126
319,127
319,128
319,129
319,130
319,131
319,132
319,133
319,134
319,135
319,136
319,137
319,138
319,139
319,140
319,141
319,142
319,143
319,144
319,145
319,146
319,147
319,148
319,149
319,150
319,151
319,152
319,153
319,154
319,155
319,156
319,157
319,158
319,159
319,160
319,161
319,162
319,163
319,164
319,165
319,166
319,167
319,168
319,169
319,170
319,171
319,172
319,173
319,174
319,175
319,176
319,177
319,178
319,179
319,180
319,181
319,182
319,183
319,184
319,185
319,186
319,187
319,188
319,189
319,190
319,191
319,192
319,193
319,194
319,195
319,196
319,197
319,198
319,199
319,200
319,201
319,202
319,203
319,204
319,205
319,206
319,207
319,208
319,209
319,210
319,211
319,212
319,213
319,214
319,215
319,216
319,217
319,218
319,219
319,220
319,221
319,222
319,223
319,224
319,225
319,226
901,784
901,785
901,786
901,787
901,788
901,789
901,790
901,791
901,792
901,793
901,794
901,795
901,796
901,797
901,798
901,799
901,800
901,801
901,802
901,803
901,804
901,805
901,806
901,807
901,808
901,809
901,810
901,811
901,812
901,813
901,814
901,815
901,816
901,817
901,818
901,819
901,820
901,821
901,822
901,823
901,824
901,825
901,826
901,827
901,828
901,829
901,830
901,831
901,832
901,833
901,834
901,835
901,836
901,837
901,838
901,839
901,840
901,841
901,842
901,843
901,844
901,845
901,846
901,847
901,848
901,849
901,850
901,851
901,852
901,853
901,854
901,855
901,856
901,857
901,858
901,859
901,860
901,861
901,862
901,863
901,864
901,865
901,866
901,867
901,868
901,869
901,870
901,871
901,872
901,873
901,874
901,875
901,876
901,877
901,878
901,879
901,880
901,881
901,882
901,883
901,884
901,885
901,886
901,887
901,888
901,889
901,890
901,891
901,892
901,893
901,894
901,895
901,896
901,897
901,898
901,899
901,900
901,901
901,902
901,903
901,904
901,905
901,906
901,907
901,908
901,909
901,910
901,911
361,532
361,533
361,534
361,535
361,536
361,537
361,538
361,539
361,540
361,541
361,542
361,543
361,544
361,545
361,546
361,547
361,548
361,549
361,550
361,551
361,552
361,553
361,554
361,555
361,556
361,557
361,558
361,559
361,560
361,561
361,562
361,563
361,564
361,565
361,566
361,567
361,568
361,569
361,570
361,571
361,572
361,573
361,574
361,575
361,576
361,577
361,578
361,579
361,580
361,581
361,582
361,583
361,584
361,585
361,586
361,587
361,588
361,589
361,590
361,591
361,592
361,593
361,594
361,595
361,596
361,597
361,598
361,599
361,600
361,601
361,602
361,603
361,604
361,605
361,606
361,607
361,608
361,609
361,610
361,611
361,612
361,613
361,614
361,615
361,616
361,617
361,618
361,619
361,620
361,621
361,622
361,623
361,624
361,625
361,626
361,627
361,628
361,629
361,630
361,631
361,632
361,633
361,634
361,635
361,636
361,637
361,638
361,639
361,640
361,641
361,642
361,643
361,644
361,645
361,646
361,647
361,648
361,649
361,650
361,651
361,652
361,653
361,654
361,655
361,656
361,657
361,658
361,659
988,158
988,159
988,160
988,161
988,162
988,163
988,164
988,165
988,166
988,167
988,168
988,169
988,170
988,171
988,172
988,173
988,174
988,175
988,176
988,177
988,178
988,179
988,180
988,181
988,182
988,183
988,184
988,185
988,186
988,187
988,188
988,189
988,190
988,191
988,192
988,193
988,194
988,195
988,196
988,197
988,198
988,199
988,200
988,201
988,202
988,203
988,204
988,205
988,206
988,207
988,208
988,209
988,210
988,211
988,212
988,213
988,214
988,215
988,216
988,217
988,218
988,219
988,220
988,221
988,222
988,223
988,224
988,225
988,226
988,227
988,228
988,229
988,230
988,231
988,232
988,233
988,234
988,235
988,236
988,237
988,238
988,239
988,240
988,241
988,242
988,243
988,244
988,245
988,246
988,247
988,248
988,249
988,250
988,251
988,252
988,253
988,254
988,255
988,256
988,257
988,258
988,259
988,260
988,261
988,262
988,263
988,264
988,265
988,266
988,267
988,268
988,269
988,270
988,271
988,272
988,273
988,274
988,275
988,276
988,277
988,278
988,279
988,280
988,281
988,282
988,283
988,284
988,285
883,220
883,221
883,222
883,223
883,224
883,225
883,226
883,227
883,228
883,229
883,230
883,231
883,232
883,233
883,234
883,235
883,236
883,237
883,238
883,239
883,240
883,241
883,242
883,243
883,244
883,245
883,246
883,247
883,248
883,249
883,250
883,251
883,252
883,253
883,254
883,255
883,256
883,257
883,258
883,259
883,260
883,261
883,262
883,263
883,264
883,265
883,266
883,267
883,268
883,269
883,270
883,271
883,272
883,273
883,274
883,275
883,276
883,277
883,278
883,279
883,280
883,281
883,282
883,283
883,284
883,285
883,286
883,287
883,288
883,289
883,290
883,291
883,292
883,293
883,294
883,295
883,296
883,297
883,298
883,299
883,300
883,301
883,302
883,303
883,304
883,305
883,306
883,307
883,308
883,309
883,310
883,311
883,312
883,313
883,314
883,315
883,316
883,317
883,318
883,319
883,320
883,321
883,322
883,323
883,324
883,325
883,326
883,327
883,328
883,329
883,330
883,331
883,332
883,333
883,334
883,335
883,336
883,337
883,338
883,339
883,340
883,341
883,342
883,343
883,344
883,345
883,346
883,347
958,760
958,761
958,762
958,763
958,764
958,765
958,766
958,767
958,768
958,769
958,770
958,771
958,772
958,773
958,774
958,775
958,776
958,777
958,778
958,779
958,780
958,781
958,782
958,783
958,784
958,785
958,786
958,787
958,788
958,789
958,790
958,791
958,792
958,793
958,794
958,795
958,796
958,797
958,798
958,799
958,800
958,801
958,802
958,803
958,804
958,805
958,806
958,807
958,808
958,809
958,810
958,811
958,812
958,813
958,814
958,815
958,816
958,817
958,818
958,819
958,820
958,821
958,822
958,823
958,824
958,825
958,826
958,827
958,828
958,829
958,830
958,831
958,832
958,833
958,834
958,835
958,836
958,837
958,838
958,839
958,840
958,841
958,842
958,843
958,844
958,845
958,846
958,847
958,848
958,849
958,850
958,851
958,852
958,853
958,854
958,855
958,856
958,857
958,858
958,859
958,860
958,861
958,862
958,863
958,864
958,865
958,866
958,867
958,868
958,869
958,870
958,871
958,872
958,873
958,874
958,875
958,876
958,877
958,878
958,879
958,880
958,881
958,882
958,883
958,884
958,885
958,886
958,887
983,836
983,837
983,838
983,839
983,840
983,841
983,842
983,843
983,844
983,845
983,846
983,847
983,848
983,849
983,850
983,851
983,852
983,853
983,854
983,855
983,856
983,857
983,858
983,859
983,860
983,861
983,862
983,863
983,864
983,865
983,866
983,867
983,868
983,869
983,870
983,871
983,872
983,873
983,874
983,875
983,876
983,877
983,878
983,879
983,880
983,881
983,882
983,883
983,884
983,885
983,886
983,887
983,888
983,889
983,890
983,891
983,892
983,893
983,894
983,895
983,896
983,897
983,898
983,899
983,900
983,901
983,902
983,903
983,904
983,905
983,906
983,907
983,908
983,909
983,910
983,911
983,912
983,913
983,914
983,915
983,916
983,917
983,918
983,919
983,920
983,921
983,922
983,923
983,924
983,925
983,926
983,927
983,928
983,929
983,930
983,931
983,932
983,933
983,934
983,935
983,936
983,937
983,938
983,939
983,940
983,941
983,942
983,943
983,944
983,945
983,946
983,947
983,948
983,949
983,950
983,951
983,952
983,953
983,954
983,955
983,956
983,957
983,958
983,959
983,960
983,961
983,962
983,963
477,445
477,446
477,447
477,448
477,449
477,450
477,451
477,452
477,453
477,454
477,455
477,456
477,457
477,458
477,459
477,460
477,461
477,462
477,463
477,464
477,465
477,466
477,467
477,468
477,469
477,470
477,471
477,472
477,473
477,474
477,475
477,476
477,477
477,478
477,479
477,480
477,481
477,482
477,483
477,484
477,485
477,486
477,487
477,488
477,489
477,490
477,491
477,492
477,493
477,494
477,495
477,496
477,497
477,498
477,499
477,500
477,501
477,502
477,503
477,504
477,505
477,506
477,507
477,508
477,509
477,510
477,511
477,512
477,513
477,514
477,515
477,516
477,517
477,518
477,519
477,520
477,521
477,522
477,523
477,524
477,525
477,526
477,527
477,528
477,529
477,530
477,531
477,532
477,533
477,534
477,535
477,536
477,537
477,538
477,539
477,540
477,541
477,542
477,543
477,544
477,545
477,546
477,547
477,548
477,549
477,550
477,551
477,552
477,553
477,554
477,555
477,556
477,557
477,558
477,559
477,560
477,561
477,562
477,563
477,564
477,565
477,566
477,567
477,568
477,569
477,570
477,571
477,572
938,807
938,808
938,809
938,810
938,811
938,812
938,813
938,814
938,815
938,816
938,817
938,818
938,819
938,820
938,821
938,822
938,823
938,824
938,825
938,826
938,827
938,828
938,829
938,830
938,831
938,832
938,833
938,834
938,835
938,836
938,837
938,838
938,839
938,840
938,841
938,842
938,843
938,844
938,845
938,846
938,847
938,848
938,849
938,850
938,851
938,852
938,853
938,854
938,855
938,856
938,857
938,858
938,859
938,860
938,861
938,862
938,863
938,864
938,865
938,866
938,867
938,868
938,869
938,870
938,871
938,872
938,873
938,874
938,875
938,876
938,877
938,878
938,879
938,880
938,881
938,882
938,883
938,884
938,885
938,886
938,887
938,888
938,889
938,890
938,891
938,892
938,893
938,894
938,895
938,896
938,897
938,898
938,899
938,900
938,901
938,902
938,903
938,904
938,905
938,906
938,907
938,908
938,909
938,910
938,911
938,912
938,913
938,914
938,915
938,916
938,917
938,918
938,919
938,920
938,921
938,922
938,923
938,924
938,925
938,926
938,927
938,928
938,929
938,930
938,931
938,932
938,933
938,934
419,56
419,57
419,58
419,59
419,60
419,61
419,62
419,63
419,64
419,65
419,66
419,67
419,68
419,69
419,70
419,71
419,72
419,73
419,74
419,75
419,76
419,77
419,78
419,79
419,80
419,81
419,82
419,83
419,84
419,85
419,86
419,87
419,88
419,89
419,90
419,91
419,92
419,93
419,94
419,95
419,96
419,97
419,98
419,99
419,100
419,101
419,102
419,103
419,104
419,105
419,106
419,107
419,108
419,109
419,110
419,111
419,112
419,113
419,114
419,115
419,116
419,117
419,118
419,119
419,120
419,121
419,122
419,123
419,124
419,125
419,126
419,127
419,128
419,129
419,130
419,131
419,132
419,133
419,134
419,135
419,136
419,137
419,138
419,139
419,140
419,141
419,142
419,143
419,144
419,145
419,146
419,147
419,148
419,149
419,150
419,151
419,152
419,153
419,154
419,155
419,156
419,157
419,158
419,159
419,160
419,161
419,162
419,163
419,164
419,165
419,166
419,167
419,168
419,169
419,170
419,171
419,172
419,173
419,174
419,175
419,176
419,177
419,178
419,179
419,180
419,181
419,182
419,183
1,87
1,88
1,89
1,90
1,91
1,92
1,93
1,94
1,95
1,96
1,97
1,98
1,99
1,100
1,101
1,102
1,103
1,104
1,105
1,106
1,107
1,108
1,109
1,110
1,111
1,112
1,113
1,114
1,115
1,116
1,117
1,118
1,119
1,120
1,121
1,122
1,123
1,124
1,125
1,126
1,127
1,128
1,129
1,130
1,131
1,132
1,133
1,134
1,135
1,136
1,137
1,138
1,139
1,140
1,141
1,142
1,143
1,144
1,145
1,146
1,147
1,148
1,149
1,150
1,151
1,152
1,153
1,154
1,155
1,156
1,157
1,158
1,159
1,160
1,161
1,162
1,163
1,164
1,165
1,166
1,167
1,168
1,169
1,170
1,171
1,172
1,173
1,174
1,175
1,176
1,177
1,178
1,179
1,180
1,181
1,182
1,183
1,184
1,185
1,186
1,187
1,188
1,189
1,190
1,191
1,192
1,193
1,194
1,195
1,196
1,197
1,198
1,199
1,200
1,201
1,202
1,203
1,204
1,205
1,206
1,207
1,208
1,209
1,210
1,211
1,212
1,213
1,214
826,183
826,184
826,185
826,186
826,187
826,188
826,189
826,190
826,191
826,192
826,193
826,194
826,195
826,196
826,197
826,198
826,199
826,200
826,201
826,202
826,203
826,204
826,205
826,206
826,207
826,208
826,209
826,210
826,211
826,212
826,213
826,214
826,215
826,216
826,217
826,218
826,219
826,220
826,221
826,222
826,223
826,224
826,225
826,226
826,227
826,228
826,229
826,230
826,231
826,232
826,233
826,234
826,235
826,236
826,237
826,238
826,239
826,240
826,241
826,242
826,243
826,244
826,245
826,246
826,247
826,248
826,249
826,250
826,251
826,252
826,253
826,254
826,255
826,256
826,257
826,258
826,259
826,260
826,261
826,262
826,263
826,264
826,265
826,266
826,267
826,268
826,269
826,270
826,271
826,272
826,273
826,274
826,275
826,276
826,277
826,278
826,279
826,280
826,281
826,282
826,283
826,284
826,285
826,286
826,287
826,288
826,289
826,290
826,291
826,292
826,293
826,294
826,295
826,296
826,297
826,298
826,299
826,300
826,301
826,302
826,303
826,304
826,305
826,306
826,307
826,308
826,309
826,310
485,738
485,739
485,740
485,741
485,742
485,743
485,744
485,745
485,746
485,747
485,748
485,749
485,750
485,751
485,752
485,753
485,754
485,755
485,756
485,757
485,758
485,759
485,760
485,761
485,762
485,763
485,764
485,765
485,766
485,767
485,768
485,769
485,770
485,771
485,772
485,773
485,774
485,775
485,776
485,777
485,778
485,779
485,780
485,781
485,782
485,783
485,784
485,785
485,786
485,787
485,788
485,789
485,790
485,791
485,792
485,793
485,794
485,795
485,796
485,797
485,798
485,799
485,800
485,801
485,802
485,803
485,804
485,805
485,806
485,807
485,808
485,809
485,810
485,811
485,812
485,813
485,814
485,815
485,816
485,817
485,818
485,819
485,820
485,821
485,822
485,823
485,824
485,825
485,826
485,827
485,828
485,829
485,830
485,831
485,832
485,833
485,834
485,835
485,836
485,837
485,838
485,839
485,840
485,841
485,842
485,843
485,844
485,845
485,846
485,847
485,848
485,849
485,850
485,851
485,852
485,853
485,854
485,855
485,856
485,857
485,858
485,859
485,860
485,861
485,862
485,863
485,864
485,865
307,114
307,115
307,116
307,117
307,118
307,119
307,120
307,121
307,122
307,123
307,124
307,125
307,126
307,127
307,128
307,129
307,130
307,131
307,132
307,133
307,134
307,135
307,136
307,137
307,138
307,139
307,140
307,141
307,142
307,143
307,144
307,145
307,146
307,147
307,148
307,149
307,150
307,151
307,152
307,153
307,154
307,155
307,156
307,157
307,158
307,159
307,160
307,161
307,162
307,163
307,164
307,165
307,166
307,167
307,168
307,169
307,170
307,171
307,172
307,173
307,174
307,175
307,176
307,177
307,178
307,179
307,180
307,181
307,182
307,183
307,184
307,185
307,186
307,187
307,188
307,189
307,190
307,191
307,192
307,193
307,194
307,195
307,196
307,197
307,198
307,199
307,200
307,201
307,202
307,203
307,204
307,205
307,206
307,207
307,208
307,209
307,210
307,211
307,212
307,213
307,214
307,215
307,216
307,217
307,218
307,219
307,220
307,221
307,222
307,223
307,224
307,225
307,226
307,227
307,228
307,229
307,230
307,231
307,232
307,233
307,234
307,235
307,236
307,237
307,238
307,239
307,240
307,241
873,708
873,709
873,710
873,711
873,712
873,713
873,714
873,715
873,716
873,717
873,718
873,719
873,720
873,721
873,722
873,723
873,724
873,725
873,726
873,727
873,728
873,729
873,730
873,731
873,732
873,733
873,734
873,735
873,736
873,737
873,738
873,739
873,740
873,741
873,742
873,743
873,744
873,745
873,746
873,747
873,748
873,749
873,750
873,751
873,752
873,753
873,754
873,755
873,756
873,757
873,758
873,759
873,760
873,761
873,762
873,763
873,764
873,765
873,766
873,767
873,768
873,769
873,770
873,771
873,772
873,773
873,774
873,775
873,776
873,777
873,778
873,779
873,780
873,781
873,782
873,783
873,784
873,785
873,786
873,787
873,788
873,789
873,790
873,791
873,792
873,793
873,794
873,795
873,796
873,797
873,798
873,799
873,800
873,801
873,802
873,803
873,804
873,805
873,806
873,807
873,808
873,809
873,810
873,811
873,812
873,813
873,814
873,815
873,816
873,817
873,818
873,819
873,820
873,821
873,822
873,823
873,824
873,825
873,826
873,827
873,828
873,829
873,830
873,831
873,832
873,833
873,834
873,835
892,774
892,775
892,776
892,777
892,778
892,779
892,780
892,781
892,782
892,783
892,784
892,785
892,786
892,787
892,788
892,789
892,790
892,791
892,792
892,793
892,794
892,795
892,796
892,797
892,798
892,799
892,800
892,801
892,802
892,803
892,804
892,805
892,806
892,807
892,808
892,809
892,810
892,811
892,812
892,813
892,814
892,815
892,816
892,817
892,818
892,819
892,820
892,821
892,822
892,823
892,824
892,825
892,826
892,827
892,828
892,829
892,830
892,831
892,832
892,833
892,834
892,835
892,836
892,837
892,838
892,839
892,840
892,841
892,842
892,843
892,844
892,845
892,846
892,847
892,848
892,849
892,850
892,851
892,852
892,853
892,854
892,855
892,856
892,857
892,858
892,859
892,860
892,861
892,862
892,863
892,864
892,865
892,866
892,867
892,868
892,869
892,870
892,871
892,872
892,873
892,874
892,875
892,876
892,877
892,878
892,879
892,880
892,881
892,882
892,883
892,884
892,885
892,886
892,887
892,888
892,889
892,890
892,891
892,892
892,893
892,894
892,895
892,896
892,897
892,898
892,899
892,900
892,901
602,361
602,362
602,363
602,364
602,365
602,366
602,367
602,368
602,369
602,370
602,371
602,372
602,373
602,374
602,375
602,376
602,377
602,378
602,379
602,380
602,381
602,382
602,383
602,384
602,385
602,386
602,387
602,388
602,389
602,390
602,391
602,392
602,393
602,394
602,395
602,396
602,397
602,398
602,399
602,400
602,401
602,402
602,403
602,404
602,405
602,406
602,407
602,408
602,409
602,410
602,411
602,412
602,413
602,414
602,415
602,416
602,417
602,418
602,419
602,420
602,421
602,422
602,423
602,424
602,425
602,426
602,427
602,428
602,429
602,430
602,431
602,432
602,433
602,434
602,435
602,436
602,437
602,438
602,439
602,440
602,441
602,442
602,443
602,444
602,445
602,446
602,447
602,448
602,449
602,450
602,451
602,452
602,453
602,454
602,455
602,456
602,457
602,458
602,459
602,460
602,461
602,462
602,463
602,464
602,465
602,466
602,467
602,468
602,469
602,470
602,471
602,472
602,473
602,474
602,475
602,476
602,477
602,478
602,479
602,480
602,481
602,482
602,483
602,484
602,485
602,486
602,487
602,488
320,259
320,260
320,261
320,262
320,263
320,264
320,265
320,266
320,267
320,268
320,269
320,270
320,271
320,272
320,273
320,274
320,275
320,276
320,277
320,278
320,279
320,280
320,281
320,282
320,283
320,284
320,285
320,286
320,287
320,288
320,289
320,290
320,291
320,292
320,293
320,294
320,295
320,296
320,297
320,298
320,299
320,300
320,301
320,302
320,303
320,304
320,305
320,306
320,307
320,308
320,309
320,310
320,311
320,312
320,313
320,314
320,315
320,316
320,317
320,318
320,319
320,320
320,321
320,322
320,323
320,324
320,325
320,326
320,327
320,328
320,329
320,330
320,331
320,332
320,333
320,334
320,335
320,336
320,337
320,338
320,339
320,340
320,341
320,342
320,343
320,344
320,345
320,346
320,347
320,348
320,349
320,350
320,351
320,352
320,353
320,354
320,355
320,356
320,357
320,358
320,359
320,360
320,361
320,362
320,363
320,364
320,365
320,366
320,367
320,368
320,369
320,370
320,371
320,372
320,373
320,374
320,375
320,376
320,377
320,378
320,379
320,380
320,381
320,382
320,383
320,384
320,385
320,386
4,486
4,487
4,488
4,489
4,490
4,491
4,492
4,493
4,494
4,495
4,496
4,497
4,498
4,499
4,500
4,501
4,502
4,503
4,504
4,505
4,506
4,507
4,508
4,509
4,510
4,511
4,512
4,513
4,514
4,515
4,516
4,517
4,518
4,519
4,520
4,521
4,522
4,523
4,524
4,525
4,526
4,527
4,528
4,529
4,530
4,531
4,532
4,533
4,534
4,535
4,536
4,537
4,538
4,539
4,540
4,541
4,542
4,543
4,544
4,545
4,546
4,547
4,548
4,549
4,550
4,551
4,552
4,553
4,554
4,555
4,556
4,557
4,558
4,559
4,560
4,561
4,562
4,563
4,564
4,565
4,566
4,567
4,568
4,569
4,570
4,571
4,572
4,573
4,574
4,575
4,576
4,577
4,578
4,579
4,580
4,581
4,582
4,583
4,584
4,585
4,586
4,587
4,588
4,589
4,590
4,591
4,592
4,593
4,594
4,595
4,596
4,597
4,598
4,599
4,600
4,601
4,602
4,603
4,604
4,605
4,606
4,607
4,608
4,609
4,610
4,611
4,612
4,613
207,804
207,805
207,806
207,807
207,808
207,809
207,810
207,811
207,812
207,813
207,814
207,815
207,816
207,817
207,818
207,819
207,820
207,821
207,822
207,823
207,824
207,825
207,826
207,827
207,828
207,829
207,830
207,831
207,832
207,833
207,834
207,835
207,836
207,837
207,838
207,839
207,840
207,841
207,842
207,843
207,844
207,845
207,846
207,847
207,848
207,849
207,850
207,851
207,852
207,853
207,854
207,855
207,856
207,857
207,858
207,859
207,860
207,861
207,862
207,863
207,864
207,865
207,866
207,867
207,868
207,869
207,870
207,871
207,872
207,873
207,874
207,875
207,876
207,877
207,878
207,879
207,880
207,881
207,882
207,883
207,884
207,885
207,886
207,887
207,888
207,889
207,890
207,891
207,892
207,893
207,894
207,895
207,896
207,897
207,898
207,899
207,900
207,901
207,902
207,903
207,904
207,905
207,906
207,907
207,908
207,909
207,910
207,911
207,912
207,913
207,914
207,915
207,916
207,917
207,918
207,919
207,920
207,921
207,922
207,923
207,924
207,925
207,926
207,927
207,928
207,929
207,930
207,931
149,568
149,569
149,570
149,571
149,572
149,573
149,574
149,575
149,576
149,577
149,578
149,579
149,580
149,581
149,582
149,583
149,584
149,585
149,586
149,587
149,588
149,589
149,590
149,591
149,592
149,593
149,594
149,595
149,596
149,597
149,598
149,599
149,600
149,601
149,602
149,603
149,604
149,605
149,606
149,607
149,608
149,609
149,610
149,611
149,612
149,613
149,614
149,615
149,616
149,617
149,618
149,619
149,620
149,621
149,622
149,623
149,624
149,625
149,626
149,627
149,628
149,629
149,630
149,631
149,632
149,633
149,634
149,635
149,636
149,637
149,638
149,639
149,640
149,641
149,642
149,643
149,644
149,645
149,646
149,647
149,648
149,649
149,650
149,651
149,652
149,653
149,654
149,655
149,656
149,657
149,658
149,659
149,660
149,661
149,662
149,663
149,664
149,665
149,666
149,667
149,668
149,669
149,670
149,671
149,672
149,673
149,674
149,675
149,676
149,677
149,678
149,679
149,680
149,681
149,682
149,683
149,684
149,685
149,686
149,687
149,688
149,689
149,690
149,691
149,692
149,693
149,694
149,695
648,48
648,49
648,50
648,51
648,52
648,53
648,54
648,55
648,56
648,57
648,58
648,59
648,60
648,61
648,62
648,63
648,64
648,65
648,66
648,67
648,68
648,69
648,70
648,71
648,72
648,73
648,74
648,75
648,76
648,77
648,78
648,79
648,80
648,81
648,82
648,83
648,84
648,85
648,86
648,87
648,88
648,89
648,90
648,91
648,92
648,93
648,94
648,95
648,96
648,97
648,98
648,99
648,100
648,101
648,102
648,103
648,104
648,105
648,106
648,107
648,108
648,109
648,110
648,111
648,112
648,113
648,114
648,115
648,116
648,117
648,118
648,119
648,120
648,121
648,122
648,123
648,124
648,125
648,126
648,127
648,128
648,129
648,130
648,131
648,132
648,133
648,134
648,135
648,136
648,137
648,138
648,139
648,140
648,141
648,142
648,143
648,144
648,145
648,146
648,147
648,148
648,149
648,150
648,151
648,152
648,153
648,154
648,155
648,156
648,157
648,158
648,159
648,160
648,161
648,162
648,163
648,164
648,165
648,166
648,167
648,168
648,169
648,170
648,171
648,172
648,173
648,174
648,175
63,591
63,592
63,593
63,594
63,595
63,596
63,597
63,598
63,599
63,600
63,601
63,602
63,603
63,604
63,605
63,606
63,607
63,608
63,609
63,610
63,611
63,612
63,613
63,614
63,615
63,616
63,617
63,618
63,619
63,620
63,621
63,622
63,623
63,624
63,625
63,626
63,627
63,628
63,629
63,630
63,631
63,632
63,633
63,634
63,635
63,636
63,637
63,638
63,639
63,640
63,641
63,642
63,643
63,644
63,645
63,646
63,647
63,648
63,649
63,650
63,651
63,652
63,653
63,654
63,655
63,656
63,657
63,658
63,659
63,660
63,661
63,662
63,663
63,664
63,665
63,666
63,667
63,668
63,669
63,670
63,671
63,672
63,673
63,674
63,675
63,676
63,677
63,678
63,679
63,680
63,681
63,682
63,683
63,684
63,685
63,686
63,687
63,688
63,689
63,690
63,691
63,692
63,693
63,694
63,695
63,696
63,697
63,698
63,699
63,700
63,701
63,702
63,703
63,704
63,705
63,706
63,707
63,708
63,709
63,710
63,711
63,712
63,713
63,714
63,715
63,716
63,717
63,718
819,163
819,164
819,165
819,166
819,167
819,168
819,169
819,170
819,171
819,172
819,173
819,174
819,175
819,176
819,177
819,178
819,179
819,180
819,181
819,182
819,183
819,184
819,185
819,186
819,187
819,188
819,189
819,190
819,191
819,192
819,193
819,194
819,195
819,196
819,197
819,198
819,199
819,200
819,201
819,202
819,203
819,204
819,205
819,206
819,207
819,208
819,209
819,210
819,211
819,212
819,213
819,214
819,215
819,216
819,217
819,218
819,219
819,220
819,221
819,222
819,223
819,224
819,225
819,226
819,227
819,228
819,229
819,230
819,231
819,232
819,233
819,234
819,235
819,236
819,237
819,238
819,239
819,240
819,241
819,242
819,243
819,244
819,245
819,246
819,247
819,248
819,249
819,250
819,251
819,252
819,253
819,254
819,255
819,256
819,257
819,258
819,259
819,260
819,261
819,262
819,263
819,264
819,265
819,266
819,267
819,268
819,269
819,270
819,271
819,272
819,273
819,274
819,275
819,276
819,277
819,278
819,279
819,280
819,281
819,282
819,283
819,284
819,285
819,286
819,287
819,288
819,289
819,290
824,677
824,678
824,679
824,680
824,681
824,682
824,683
824,684
824,685
824,686
824,687
824,688
824,689
824,690
824,691
824,692
824,693
824,694
824,695
824,696
824,697
824,698
824,699
824,700
824,701
824,702
824,703
824,704
824,705
824,706
824,707
824,708
824,709
824,710
824,711
824,712
824,713
824,714
824,715
824,716
824,717
824,718
824,719
824,720
824,721
824,722
824,723
824,724
824,725
824,726
824,727
824,728
824,729
824,730
824,731
824,732
824,733
824,734
824,735
824,736
824,737
824,738
824,739
824,740
824,741
824,742
824,743
824,744
824,745
824,746
824,747
824,748
824,749
824,750
824,751
824,752
824,753
824,754
824,755
824,756
824,757
824,758
824,759
824,760
824,761
824,762
824,763
824,764
824,765
824,766
824,767
824,768
824,769
824,770
824,771
824,772
824,773
824,774
824,775
824,776
824,777
824,778
824,779
824,780
824,781
824,782
824,783
824,784
824,785
824,786
824,787
824,788
824,789
824,790
824,791
824,792
824,793
824,794
824,795
824,796
824,797
824,798
824,799
824,800
824,801
824,802
824,803
824,804
538,787
538,788
538,789
538,790
538,791
538,792
538,793
538,794
538,795
538,796
538,797
538,798
538,799
538,800
538,801
538,802
538,803
538,804
538,805
538,806
538,807
538,808
538,809
538,810
538,811
538,812
538,813
538,814
538,815
538,816
538,817
538,818
538,819
538,820
538,821
538,822
538,823
538,824
538,825
538,826
538,827
538,828
538,829
538,830
538,831
538,832
538,833
538,834
538,835
538,836
538,837
538,838
538,839
538,840
538,841
538,842
538,843
538,844
538,845
538,846
538,847
538,848
538,849
538,850
538,851
538,852
538,853
538,854
538,855
538,856
538,857
538,858
538,859
538,860
538,861
538,862
538,863
538,864
538,865
538,866
538,867
538,868
538,869
538,870
538,871
538,872
538,873
538,874
538,875
538,876
538,877
538,878
538,879
538,880
538,881
538,882
538,883
538,884
538,885
538,886
538,887
538,888
538,889
538,890
538,891
538,892
538,893
538,894
538,895
538,896
538,897
538,898
538,899
538,900
538,901
538,902
538,903
538,904
538,905
538,906
538,907
538,908
538,909
538,910
538,911
538,912
538,913
538,914
5,689
5,690
5,691
5,692
5,693
5,694
5,695
5,696
5,697
5,698
5,699
5,700
5,701
5,702
5,703
5,704
5,705
5,706
5,707
5,708
5,709
5,710
5,711
5,712
5,713
5,714
5,715
5,716
5,717
5,718
5,719
5,720
5,721
5,722
5,723
5,724
5,725
5,726
5,727
5,728
5,729
5,730
5,731
5,732
5,733
5,734
5,735
5,736
5,737
5,738
5,739
5,740
5,741
5,742
5,743
5,744
5,745
5,746
5,747
5,748
5,749
5,750
5,751
5,752
5,753
5,754
5,755
5,756
5,757
5,758
5,759
5,760
5,761
5,762
5,763
5,764
5,765
5,766
5,767
5,768
5,769
5,770
5,771
5,772
5,773
5,774
5,775
5,776
5,777
5,778
5,779
5,780
5,781
5,782
5,783
5,784
5,785
5,786
5,787
5,788
5,789
5,790
5,791
5,792
5,793
5,794
5,795
5,796
5,797
5,798
5,799
5,800
5,801
5,802
5,803
5,804
5,805
5,806
5,807
5,808
5,809
5,810
5,811
5,812
5,813
5,814
5,815
5,816
378,432
378,433
378,434
378,435
378,436
378,437
378,438
378,439
378,440
378,441
378,442
378,443
378,444
378,445
378,446
378,447
378,448
378,449
378,450
378,451
378,452
378,453
378,454
378,455
378,456
378,457
378,458
378,459
378,460
378,461
378,462
378,463
378,464
378,465
378,466
378,467
378,468
378,469
378,470
378,471
378,472
378,473
378,474
378,475
378,476
378,477
378,478
378,479
378,480
378,481
378,482
378,483
378,484
378,485
378,486
378,487
378,488
378,489
378,490
378,491
378,492
378,493
378,494
378,495
378,496
378,497
378,498
378,499
378,500
378,501
378,502
378,503
378,504
378,505
378,506
378,507
378,508
378,509
378,510
378,511
378,512
378,513
378,514
378,515
378,516
378,517
378,518
378,519
378,520
378,521
378,522
378,523
378,524
378,525
378,526
378,527
378,528
378,529
378,530
378,531
378,532
378,533
378,534
378,535
378,536
378,537
378,538
378,539
378,540
378,541
378,542
378,543
378,544
378,545
378,546
378,547
378,548
378,549
378,550
378,551
378,552
378,553
378,554
378,555
378,556
378,557
378,558
378,559
224,861
224,862
224,863
224,864
224,865
224,866
224,867
224,868
224,869
224,870
224,871
224,872
224,873
224,874
224,875
224,876
224,877
224,878
224,879
224,880
224,881
224,882
224,883
224,884
224,885
224,886
224,887
224,888
224,889
224,890
224,891
224,892
224,893
224,894
224,895
224,896
224,897
224,898
224,899
224,900
224,901
224,902
224,903
224,904
224,905
224,906
224,907
224,908
224,909
224,910
224,911
224,912
224,913
224,914
224,915
224,916
224,917
224,918
224,919
224,920
224,921
224,922
224,923
224,924
224,925
224,926
224,927
224,928
224,929
224,930
224,931
224,932
224,933
224,934
224,935
224,936
224,937
224,938
224,939
224,940
224,941
224,942
224,943
224,944
224,945
224,946
224,947
224,948
224,949
224,950
224,951
224,952
224,953
224,954
224,955
224,956
224,957
224,958
224,959
224,960
224,961
224,962
224,963
224,964
224,965
224,966
224,967
224,968
224,969
224,970
224,971
224,972
224,973
224,974
224,975
224,976
224,977
224,978
224,979
224,980
224,981
224,982
224,983
224,984
224,985
224,986
224,987
224,988
469,752
469,753
469,754
469,755
469,756
469,757
469,758
469,759
469,760
469,761
469,762
469,763
469,764
469,765
469,766
469,767
469,768
469,769
469,770
469,771
469,772
469,773
469,774
469,775
469,776
469,777
469,778
469,779
469,780
469,781
469,782
469,783
469,784
469,785
469,786
469,787
469,788
469,789
469,790
469,791
469,792
469,793
469,794
469,795
469,796
469,797
469,798
469,799
469,800
469,801
469,802
469,803
469,804
469,805
469,806
469,807
469,808
469,809
469,810
469,811
469,812
469,813
469,814
469,815
469,816
469,817
469,818
469,819
469,820
469,821
469,822
469,823
469,824
469,825
469,826
469,827
469,828
469,829
469,830
469,831
469,832
469,833
469,834
469,835
469,836
469,837
469,838
469,839
469,840
469,841
469,842
469,843
469,844
469,845
469,846
469,847
469,848
469,849
469,850
469,851
469,852
469,853
469,854
469,855
469,856
469,857
469,858
469,859
469,860
469,861
469,862
469,863
469,864
469,865
469,866
469,867
469,868
469,869
469,870
469,871
469,872
469,873
469,874
469,875
469,876
469,877
469,878
469,879
302,254
302,255
302,256
302,257
302,258
302,259
302,260
302,261
302,262
302,263
302,264
302,265
302,266
302,267
302,268
302,269
302,270
302,271
302,272
302,273
302,274
302,275
302,276
302,277
302,278
302,279
302,280
302,281
302,282
302,283
302,284
302,285
302,286
302,287
302,288
302,289
302,290
302,291
302,292
302,293
302,294
302,295
302,296
302,297
302,298
302,299
302,300
302,301
302,302
302,303
302,304
302,305
302,306
302,307
302,308
302,309
302,310
302,311
302,312
302,313
302,314
302,315
302,316
302,317
302,318
302,319
302,320
302,321
302,322
302,323
302,324
302,325
302,326
302,327
302,328
302,329
302,330
302,331
302,332
302,333
302,334
302,335
302,336
302,337
302,338
302,339
302,340
302,341
302,342
302,343
302,344
302,345
302,346
302,347
302,348
302,349
302,350
302,351
302,352
302,353
302,354
302,355
302,356
302,357
302,358
302,359
302,360
302,361
302,362
302,363
302,364
302,365
302,366
302,367
302,368
302,369
302,370
302,371
302,372
302,373
302,374
302,375
302,376
302,377
302,378
302,379
302,380
302,381
481,342
481,343
481,344
481,345
481,346
481,347
481,348
481,349
481,350
481,351
481,352
481,353
481,354
481,355
481,356
481,357
481,358
481,359
481,360
481,361
481,362
481,363
481,364
481,365
481,366
481,367
481,368
481,369
481,370
481,371
481,372
481,373
481,374
481,375
481,376
481,377
481,378
481,379
481,380
481,381
481,382
481,383
481,384
481,385
481,386
481,387
481,388
481,389
481,390
481,391
481,392
481,393
481,394
481,395
481,396
481,397
481,398
481,399
481,400
481,401
481,402
481,403
481,404
481,405
481,406
481,407
481,408
481,409
481,410
481,411
481,412
481,413
481,414
481,415
481,416
481,417
481,418
481,419
481,420
481,421
481,422
481,423
481,424
481,425
481,426
481,427
481,428
481,429
481,430
481,431
481,432
481,433
481,434
481,435
481,436
481,437
481,438
481,439
481,440
481,441
481,442
481,443
481,444
481,445
481,446
481,447
481,448
481,449
481,450
481,451
481,452
481,453
481,454
481,455
481,456
481,457
481,458
481,459
481,460
481,461
481,462
481,463
481,464
481,465
481,466
481,467
481,468
481,469
1014,895
1014,896
1014,897
1014,898
1014,899
1014,900
1014,901
1014,902
1014,903
1014,904
1014,905
1014,906
1014,907
1014,908
1014,909
1014,910
1014,911
1014,912
1014,913
1014,914
1014,915
1014,916
1014,917
1014,918
1014,919
1014,920
1014,921
1014,922
1014,923
1014,924
1014,925
1014,926
1014,927
1014,928
1014,929
1014,930
1014,931
1014,932
1014,933
1014,934
1014,935
1014,936
1014,937
1014,938
1014,939
1014,940
1014,941
1014,942
1014,943
1014,944
1014,945
1014,946
1014,947
1014,948
1014,949
1014,950
1014,951
1014,952
1014,953
1014,954
1014,955
1014,956
1014,957
1014,958
1014,959
1014,960
1014,961
1014,962
1014,963
1014,964
1014,965
1014,966
1014,967
1014,968
1014,969
1014,970
1014,971
1014,972
1014,973
1014,974
1014,975
1014,976
1014,977
1014,978
1014,979
1014,980
1014,981
1014,982
1014,983
1014,984
1014,985
1014,986
1014,987
1014,988
1014,989
1014,990
1014,991
1014,992
1014,993
1014,994
1014,995
1014,996
1014,997
1014,998
1014,999
1014,1000
1014,1001
1014,1002
1014,1003
1014,1004
1014,1005
1014,1006
1014,1007
1014,1008
1014,1009
1014,1010
1014,1011
1014,1012
1014,1013
1014,1014
1014,1015
1014,1016
1014,1017
1014,1018
1014,1019
1014,1020
1014,1021
1014,1022
235,853
235,854
235,855
235,856
235,857
235,858
235,859
235,860
235,861
235,862
235,863
235,864
235,865
235,866
235,867
235,868
235,869
235,870
235,871
235,872
235,873
235,874
235,875
235,876
235,877
235,878
235,879
235,880
235,881
235,882
235,883
235,884
235,885
235,886
235,887
235,888
235,889
235,890
235,891
235,892
235,893
235,894
235,895
235,896
235,897
235,898
235,899
235,900
235,901
235,902
235,903
235,904
235,905
235,906
235,907
235,908
235,909
235,910
235,911
235,912
235,913
235,914
235,915
235,916
235,917
235,918
235,919
235,920
235,921
235,922
235,923
235,924
235,925
235,926
235,927
235,928
235,929
235,930
235,931
235,932
235,933
235,934
235,935
235,936
235,937
235,938
235,939
235,940
235,941
235,942
235,943
235,944
235,945
235,946
235,947
235,948
235,949
235,950
235,951
235,952
235,953
235,954
235,955
235,956
235,957
235,958
235,959
235,960
235,961
235,962
235,963
235,964
235,965
235,966
235,967
235,968
235,969
235,970
235,971
235,972
235,973
235,974
235,975
235,976
235,977
235,978
235,979
235,980
1006,161
1006,162
1006,163
1006,164
1006,165
1006,166
1006,167
1006,168
1006,169
1006,170
1006,171
1006,172
1006,173
1006,174
1006,175
1006,176
1006,177
1006,178
1006,179
1006,180
1006,181
1006,182
1006,183
1006,184
1006,185
1006,186
1006,187
1006,188
1006,189
1006,190
1006,191
1006,192
1006,193
1006,194
1006,195
1006,196
1006,197
1006,198
1006,199
1006,200
1006,201
1006,202
1006,203
1006,204
1006,205
1006,206
1006,207
1006,208
1006,209
1006,210
1006,211
1006,212
1006,213
1006,214
1006,215
1006,216
1006,217
1006,218
1006,219
1006,220
1006,221
1006,222
1006,223
1006,224
1006,225
1006,226
1006,227
1006,228
1006,229
1006,230
1006,231
1006,232
1006,233
1006,234
1006,235
1006,236
1006,237
1006,238
1006,239
1006,240
1006,241
1006,242
1006,243
1006,244
1006,245
1006,246
1006,247
1006,248
1006,249
1006,250
1006,251
1006,252
1006,253
1006,254
1006,255
1006,256
1006,257
1006,258
1006,259
1006,260
1006,261
1006,262
1006,263
1006,264
1006,265
1006,266
1006,267
1006,268
1006,269
1006,270
1006,271
1006,272
1006,273
1006,274
1006,275
1006,276
1006,277
1006,278
1006,279
1006,280
1006,281
1006,282
1006,283
1006,284
1006,285
1006,286
1006,287
1006,288
50,598
50,599
50,600
50,601
50,602
50,603
50,604
50,605
50,606
50,607
50,608
50,609
50,610
50,611
50,612
50,613
50,614
50,615
50,616
50,617
50,618
50,619
50,620
50,621
50,622
50,623
50,624
50,625
50,626
50,627
50,628
50,629
50,630
50,631
50,632
50,633
50,634
50,635
50,636
50,637
50,638
50,639
50,640
50,641
50,642
50,643
50,644
50,645
50,646
50,647
50,648
50,649
50,650
50,651
50,652
50,653
50,654
50,655
50,656
50,657
50,658
50,659
50,660
50,661
50,662
50,663
50,664
50,665
50,666
50,667
50,668
50,669
50,670
50,671
50,672
50,673
50,674
50,675
50,676
50,677
50,678
50,679
50,680
50,681
50,682
50,683
50,684
50,685
50,686
50,687
50,688
50,689
50,690
50,691
50,692
50,693
50,694
50,695
50,696
50,697
50,698
50,699
50,700
50,701
50,702
50,703
50,704
50,705
50,706
50,707
50,708
50,709
50,710
50,711
50,712
50,713
50,714
50,715
50,716
50,717
50,718
50,719
50,720
50,721
50,722
50,723
50,724
50,725
394,381
394,382
394,383
394,384
394,385
394,386
394,387
394,388
394,389
394,390
394,391
394,392
394,393
394,394
394,395
394,396
394,397
394,398
394,399
394,400
394,401
394,402
394,403
394,404
394,405
394,406
394,407
394,408
394,409
394,410
394,411
394,412
394,413
394,414
394,415
394,416
394,417
394,418
394,419
394,420
394,421
394,422
394,423
394,424
394,425
394,426
394,427
394,428
394,429
394,430
394,431
394,432
394,433
394,434
394,435
394,436
394,437
394,438
394,439
394,440
394,441
394,442
394,443
394,444
394,445
394,446
394,447
394,448
394,449
394,450
394,451
394,452
394,453
394,454
394,455
394,456
394,457
394,458
394,459
394,460
394,461
394,462
394,463
394,464
394,465
394,466
394,467
394,468
394,469
394,470
394,471
394,472
394,473
394,474
394,475
394,476
394,477
394,478
394,479
394,480
394,481
394,482
394,483
394,484
394,485
394,486
394,487
394,488
394,489
394,490
394,491
394,492
394,493
394,494
394,495
394,496
394,497
394,498
394,499
394,500
394,501
394,502
394,503
394,504
394,505
394,506
394,507
394,508
949,813
949,814
949,815
949,816
949,817
949,818
949,819
949,820
949,821
949,822
949,823
949,824
949,825
949,826
949,827
949,828
949,829
949,830
949,831
949,832
949,833
949,834
949,835
949,836
949,837
949,838
949,839
949,840
949,841
949,842
949,843
949,844
949,845
949,846
949,847
949,848
949,849
949,850
949,851
949,852
949,853
949,854
949,855
949,856
949,857
949,858
949,859
949,860
949,861
949,862
949,863
949,864
949,865
949,866
949,867
949,868
949,869
949,870
949,871
949,872
949,873
949,874
949,875
949,876
949,877
949,878
949,879
949,880
949,881
949,882
949,883
949,884
949,885
949,886
949,887
949,888
949,889
949,890
949,891
949,892
949,893
949,894
949,895
949,896
949,897
949,898
949,899
949,900
949,901
949,902
949,903
949,904
949,905
949,906
949,907
949,908
949,909
949,910
949,911
949,912
949,913
949,914
949,915
949,916
949,917
949,918
949,919
949,920
949,921
949,922
949,923
949,924
949,925
949,926
949,927
949,928
949,929
949,930
949,931
949,932
949,933
949,934
949,935
949,936
949,937
949,938
949,939
949,940
1015,144
1015,145
1015,146
1015,147
1015,148
1015,149
1015,150
1015,151
1015,152
1015,153
1015,154
1015,155
1015,156
1015,157
1015,158
1015,159
1015,160
1015,161
1015,162
1015,163
1015,164
1015,165
1015,166
1015,167
1015,168
1015,169
1015,170
1015,171
1015,172
1015,173
1015,174
1015,175
1015,176
1015,177
1015,178
1015,179
1015,180
1015,181
1015,182
1015,183
1015,184
1015,185
1015,186
1015,187
1015,188
1015,189
1015,190
1015,191
1015,192
1015,193
1015,194
1015,195
1015,196
1015,197
1015,198
1015,199
1015,200
1015,201
1015,202
1015,203
1015,204
1015,205
1015,206
1015,207
1015,208
1015,209
1015,210
1015,211
1015,212
1015,213
1015,214
1015,215
1015,216
1015,217
1015,218
1015,219
1015,220
1015,221
1015,222
1015,223
1015,224
1015,225
1015,226
1015,227
1015,228
1015,229
1015,230
1015,231
1015,232
1015,233
1015,234
1015,235
1015,236
1015,237
1015,238
1015,239
1015,240
1015,241
1015,242
1015,243
1015,244
1015,245
1015,246
1015,247
1015,248
1015,249
1015,250
1015,251
1015,252
1015,253
1015,254
1015,255
1015,256
1015,257
1015,258
1015,259
1015,260
1015,261
1015,262
1015,263
1015,264
1015,265
1015,266
1015,267
1015,268
1015,269
1015,270
1015,271
1006,836
1006,837
1006,838
1006,839
1006,840
1006,841
1006,842
1006,843
1006,844
1006,845
1006,846
1006,847
1006,848
1006,849
1006,850
1006,851
1006,852
1006,853
1006,854
1006,855
1006,856
1006,857
1006,858
1006,859
1006,860
1006,861
1006,862
1006,863
1006,864
1006,865
1006,866
1006,867
1006,868
1006,869
1006,870
1006,871
1006,872
1006,873
1006,874
1006,875
1006,876
1006,877
1006,878
1006,879
1006,880
1006,881
1006,882
1006,883
1006,884
1006,885
1006,886
1006,887
1006,888
1006,889
1006,890
1006,891
1006,892
1006,893
1006,894
1006,895
1006,896
1006,897
1006,898
1006,899
1006,900
1006,901
1006,902
1006,903
1006,904
1006,905
1006,906
1006,907
1006,908
1006,909
1006,910
1006,911
1006,912
1006,913
1006,914
1006,915
1006,916
1006,917
1006,918
1006,919
1006,920
1006,921
1006,922
1006,923
1006,924
1006,925
1006,926
1006,927
1006,928
1006,929
1006,930
1006,931
1006,932
1006,933
1006,934
1006,935
1006,936
1006,937
1006,938
1006,939
1006,940
1006,941
1006,942
1006,943
1006,944
1006,945
1006,946
1006,947
1006,948
1006,949
1006,950
1006,951
1006,952
1006,953
1006,954
1006,955
1006,956
1006,957
1006,958
1006,959
1006,960
1006,961
1006,962
1006,963
1011,251
1011,252
1011,253
1011,254
1011,255
1011,256
1011,257
1011,258
1011,259
1011,260
1011,261
1011,262
1011,263
1011,264
1011,265
1011,266
1011,267
1011,268
1011,269
1011,270
1011,271
1011,272
1011,273
1011,274
1011,275
1011,276
1011,277
1011,278
1011,279
1011,280
1011,281
1011,282
1011,283
1011,284
1011,285
1011,286
1011,287
1011,288
1011,289
1011,290
1011,291
1011,292
1011,293
1011,294
1011,295
1011,296
1011,297
1011,298
1011,299
1011,300
1011,301
1011,302
1011,303
1011,304
1011,305
1011,306
1011,307
1011,308
1011,309
1011,310
1011,311
1011,312
1011,313
1011,314
1011,315
1011,316
1011,317
1011,318
1011,319
1011,320
1011,321
1011,322
1011,323
1011,324
1011,325
1011,326
1011,327
1011,328
1011,329
1011,330
1011,331
1011,332
1011,333
1011,334
1011,335
1011,336
1011,337
1011,338
1011,339
1011,340
1011,341
1011,342
1011,343
1011,344
1011,345
1011,346
1011,347
1011,348
1011,349
1011,350
1011,351
1011,352
1011,353
1011,354
1011,355
1011,356
1011,357
1011,358
1011,359
1011,360
1011,361
1011,362
1011,363
1011,364
1011,365
1011,366
1011,367
1011,368
1011,369
1011,370
1011,371
1011,372
1011,373
1011,374
1011,375
1011,376
1011,377
1011,378
1004,793
1004,794
1004,795
1004,796
1004,797
1004,798
1004,799
1004,800
1004,801
1004,802
1004,803
1004,804
1004,805
1004,806
1004,807
1004,808
1004,809
1004,810
1004,811
1004,812
1004,813
1004,814
1004,815
1004,816
1004,817
1004,818
1004,819
1004,820
1004,821
1004,822
1004,823
1004,824
1004,825
1004,826
1004,827
1004,828
1004,829
1004,830
1004,831
1004,832
1004,833
1004,834
1004,835
1004,836
1004,837
1004,838
1004,839
1004,840
1004,841
1004,842
1004,843
1004,844
1004,845
1004,846
1004,847
1004,848
1004,849
1004,850
1004,851
1004,852
1004,853
1004,854
1004,855
1004,856
1004,857
1004,858
1004,859
1004,860
1004,861
1004,862
1004,863
1004,864
1004,865
1004,866
1004,867
1004,868
1004,869
1004,870
1004,871
1004,872
1004,873
1004,874
1004,875
1004,876
1004,877
1004,878
1004,879
1004,880
1004,881
1004,882
1004,883
1004,884
1004,885
1004,886
1004,887
1004,888
1004,889
1004,890
1004,891
1004,892
1004,893
1004,894
1004,895
1004,896
1004,897
1004,898
1004,899
1004,900
1004,901
1004,902
1004,903
1004,904
1004,905
1004,906
1004,907
1004,908
1004,909
1004,910
1004,911
1004,912
1004,913
1004,914
1004,915
1004,916
1004,917
1004,918
1004,919
1004,920
27,428
27,429
27,430
27,431
27,432
27,433
27,434
27,435
27,436
27,437
27,438
27,439
27,440
27,441
27,442
27,443
27,444
27,445
27,446
27,447
27,448
27,449
27,450
27,451
27,452
27,453
27,454
27,455
27,456
27,457
27,458
27,459
27,460
27,461
27,462
27,463
27,464
27,465
27,466
27,467
27,468
27,469
27,470
27,471
27,472
27,473
27,474
27,475
27,476
27,477
27,478
27,479
27,480
27,481
27,482
27,483
27,484
27,485
27,486
27,487
27,488
27,489
27,490
27,491
27,492
27,493
27,494
27,495
27,496
27,497
27,498
27,499
27,500
27,501
27,502
27,503
27,504
27,505
27,506
27,507
27,508
27,509
27,510
27,511
27,512
27,513
27,514
27,515
27,516
27,517
27,518
27,519
27,520
27,521
27,522
27,523
27,524
27,525
27,526
27,527
27,528
27,529
27,530
27,531
27,532
27,533
27,534
27,535
27,536
27,537
27,538
27,539
27,540
27,541
27,542
27,543
27,544
27,545
27,546
27,547
27,548
27,549
27,550
27,551
27,552
27,553
27,554
27,555
369,39
369,40
369,41
369,42
369,43
369,44
369,45
369,46
369,47
369,48
369,49
369,50
369,51
369,52
369,53
369,54
369,55
369,56
369,57
369,58
369,59
369,60
369,61
369,62
369,63
369,64
369,65
369,66
369,67
369,68
369,69
369,70
369,71
369,72
369,73
369,74
369,75
369,76
369,77
369,78
369,79
369,80
369,81
369,82
369,83
369,84
369,85
369,86
369,87
369,88
369,89
369,90
369,91
369,92
369,93
369,94
369,95
369,96
369,97
369,98
369,99
369,100
369,101
369,102
369,103
369,104
369,105
369,106
369,107
369,108
369,109
369,110
369,111
369,112
369,113
369,114
369,115
369,116
369,117
369,118
369,119
369,120
369,121
369,122
369,123
369,124
369,125
369,126
369,127
369,128
369,129
369,130
369,131
369,132
369,133
369,134
369,135
369,136
369,137
369,138
369,139
369,140
369,141
369,142
369,143
369,144
369,145
369,146
369,147
369,148
369,149
369,150
369,151
369,152
369,153
369,154
369,155
369,156
369,157
369,158
369,159
369,160
369,161
369,162
369,163
369,164
369,165
369,166
19,629
19,630
19,631
19,632
19,633
19,634
19,635
19,636
19,637
19,638
19,639
19,640
19,641
19,642
19,643
19,644
19,645
19,646
19,647
19,648
19,649
19,650
19,651
19,652
19,653
19,654
19,655
19,656
19,657
19,658
19,659
19,660
19,661
19,662
19,663
19,664
19,665
19,666
19,667
19,668
19,669
19,670
19,671
19,672
19,673
19,674
19,675
19,676
19,677
19,678
19,679
19,680
19,681
19,682
19,683
19,684
19,685
19,686
19,687
19,688
19,689
19,690
19,691
19,692
19,693
19,694
19,695
19,696
19,697
19,698
19,699
19,700
19,701
19,702
19,703
19,704
19,705
19,706
19,707
19,708
19,709
19,710
19,711
19,712
19,713
19,714
19,715
19,716
19,717
19,718
19,719
19,720
19,721
19,722
19,723
19,724
19,725
19,726
19,727
19,728
19,729
19,730
19,731
19,732
19,733
19,734
19,735
19,736
19,737
19,738
19,739
19,740
19,741
19,742
19,743
19,744
19,745
19,746
19,747
19,748
19,749
19,750
19,751
19,752
19,753
19,754
19,755
19,756
299,199
299,200
299,201
299,202
299,203
299,204
299,205
299,206
299,207
299,208
299,209
299,210
299,211
299,212
299,213
299,214
299,215
299,216
299,217
299,218
299,219
299,220
299,221
299,222
299,223
299,224
299,225
299,226
299,227
299,228
299,229
299,230
299,231
299,232
299,233
299,234
299,235
299,236
299,237
299,238
299,239
299,240
299,241
299,242
299,243
299,244
299,245
299,246
299,247
299,248
299,249
299,250
299,251
299,252
299,253
299,254
299,255
299,256
299,257
299,258
299,259
299,260
299,261
299,262
299,263
299,264
299,265
299,266
299,267
299,268
299,269
299,270
299,271
299,272
299,273
299,274
299,275
299,276
299,277
299,278
299,279
299,280
299,281
299,282
299,283
299,284
299,285
299,286
299,287
299,288
299,289
299,290
299,291
299,292
299,293
299,294
299,295
299,296
299,297
299,298
299,299
299,300
299,301
299,302
299,303
299,304
299,305
299,306
299,307
299,308
299,309
299,310
299,311
299,312
299,313
299,314
299,315
299,316
299,317
299,318
299,319
299,320
299,321
299,322
299,323
299,324
299,325
299,326
962,712
962,713
962,714
962,715
962,716
962,717
962,718
962,719
962,720
962,721
962,722
962,723
962,724
962,725
962,726
962,727
962,728
962,729
962,730
962,731
962,732
962,733
962,734
962,735
962,736
962,737
962,738
962,739
962,740
962,741
962,742
962,743
962,744
962,745
962,746
962,747
962,748
962,749
962,750
962,751
962,752
962,753
962,754
962,755
962,756
962,757
962,758
962,759
962,760
962,761
962,762
962,763
962,764
962,765
962,766
962,767
962,768
962,769
962,770
962,771
962,772
962,773
962,774
962,775
962,776
962,777
962,778
962,779
962,780
962,781
962,782
962,783
962,784
962,785
962,786
962,787
962,788
962,789
962,790
962,791
962,792
962,793
962,794
962,795
962,796
962,797
962,798
962,799
962,800
962,801
962,802
962,803
962,804
962,805
962,806
962,807
962,808
962,809
962,810
962,811
962,812
962,813
962,814
962,815
962,816
962,817
962,818
962,819
962,820
962,821
962,822
962,823
962,824
962,825
962,826
962,827
962,828
962,829
962,830
962,831
962,832
962,833
962,834
962,835
962,836
962,837
962,838
962,839
536,558
536,559
536,560
536,561
536,562
536,563
536,564
536,565
536,566
536,567
536,568
536,569
536,570
536,571
536,572
536,573
536,574
536,575
536,576
536,577
536,578
536,579
536,580
536,581
536,582
536,583
536,584
536,585
536,586
536,587
536,588
536,589
536,590
536,591
536,592
536,593
536,594
536,595
536,596
536,597
536,598
536,599
536,600
536,601
536,602
536,603
536,604
536,605
536,606
536,607
536,608
536,609
536,610
536,611
536,612
536,613
536,614
536,615
536,616
536,617
536,618
536,619
536,620
536,621
536,622
536,623
536,624
536,625
536,626
536,627
536,628
536,629
536,630
536,631
536,632
536,633
536,634
536,635
536,636
536,637
536,638
536,639
536,640
536,641
536,642
536,643
536,644
536,645
536,646
536,647
536,648
536,649
536,650
536,651
536,652
536,653
536,654
536,655
536,656
536,657
536,658
536,659
536,660
536,661
536,662
536,663
536,664
536,665
536,666
536,667
536,668
536,669
536,670
536,671
536,672
536,673
536,674
536,675
536,676
536,677
536,678
536,679
536,680
536,681
536,682
536,683
536,684
536,685
31,34
31,35
31,36
31,37
31,38
31,39
31,40
31,41
31,42
31,43
31,44
31,45
31,46
31,47
31,48
31,49
31,50
31,51
31,52
31,53
31,54
31,55
31,56
31,57
31,58
31,59
31,60
31,61
31,62
31,63
31,64
31,65
31,66
31,67
31,68
31,69
31,70
31,71
31,72
31,73
31,74
31,75
31,76
31,77
31,78
31,79
31,80
31,81
31,82
31,83
31,84
31,85
31,86
31,87
31,88
31,89
31,90
31,91
31,92
31,93
31,94
31,95
31,96
31,97
31,98
31,99
31,100
31,101
31,102
31,103
31,104
31,105
31,106
31,107
31,108
31,109
31,110
31,111
31,112
31,113
31,114
31,115
31,116
31,117
31,118
31,119
31,120
31,121
31,122
31,123
31,124
31,125
31,126
31,127
31,128
31,129
31,130
31,131
31,132
31,133
31,134
31,135
31,136
31,137
31,138
31,139
31,140
31,141
31,142
31,143
31,144
31,145
31,146
31,147
31,148
31,149
31,150
31,151
31,152
31,153
31,154
31,155
31,156
31,157
31,158
31,159
31,160
31,161
946,701
946,702
946,703
946,704
946,705
946,706
946,707
946,708
946,709
946,710
946,711
946,712
946,713
946,714
946,715
946,716
946,717
946,718
946,719
946,720
946,721
946,722
946,723
946,724
946,725
946,726
946,727
946,728
946,729
946,730
946,731
946,732
946,733
946,734
946,735
946,736
946,737
946,738
946,739
946,740
946,741
946,742
946,743
946,744
946,745
946,746
946,747
946,748
946,749
946,750
946,751
946,752
946,753
946,754
946,755
946,756
946,757
946,758
946,759
946,760
946,761
946,762
946,763
946,764
946,765
946,766
946,767
946,768
946,769
946,770
946,771
946,772
946,773
946,774
946,775
946,776
946,777
946,778
946,779
946,780
946,781
946,782
946,783
946,784
946,785
946,786
946,787
946,788
946,789
946,790
946,791
946,792
946,793
946,794
946,795
946,796
946,797
946,798
946,799
946,800
946,801
946,802
946,803
946,804
946,805
946,806
946,807
946,808
946,809
946,810
946,811
946,812
946,813
946,814
946,815
946,816
946,817
946,818
946,819
946,820
946,821
946,822
946,823
946,824
946,825
946,826
946,827
946,828
411,413
411,414
411,415
411,416
411,417
411,418
411,419
411,420
411,421
411,422
411,423
411,424
411,425
411,426
411,427
411,428
411,429
411,430
411,431
411,432
411,433
411,434
411,435
411,436
411,437
411,438
411,439
411,440
411,441
411,442
411,443
411,444
411,445
411,446
411,447
411,448
411,449
411,450
411,451
411,452
411,453
411,454
411,455
411,456
411,457
411,458
411,459
411,460
411,461
411,462
411,463
411,464
411,465
411,466
411,467
411,468
411,469
411,470
411,471
411,472
411,473
411,474
411,475
411,476
411,477
411,478
411,479
411,480
411,481
411,482
411,483
411,484
411,485
411,486
411,487
411,488
411,489
411,490
411,491
411,492
411,493
411,494
411,495
411,496
411,497
411,498
411,499
411,500
411,501
411,502
411,503
411,504
411,505
411,506
411,507
411,508
411,509
411,510
411,511
411,512
411,513
411,514
411,515
411,516
411,517
411,518
411,519
411,520
411,521
411,522
411,523
411,524
411,525
411,526
411,527
411,528
411,529
411,530
411,531
411,532
411,533
411,534
411,535
411,536
411,537
411,538
411,539
411,540
24,706
24,707
24,708
24,709
24,710
24,711
24,712
24,713
24,714
24,715
24,716
24,717
24,718
24,719
24,720
24,721
24,722
24,723
24,724
24,725
24,726
24,727
24,728
24,729
24,730
24,731
24,732
24,733
24,734
24,735
24,736
24,737
24,738
24,739
24,740
24,741
24,742
24,743
24,744
24,745
24,746
24,747
24,748
24,749
24,750
24,751
24,752
24,753
24,754
24,755
24,756
24,757
24,758
24,759
24,760
24,761
24,762
24,763
24,764
24,765
24,766
24,767
24,768
24,769
24,770
24,771
24,772
24,773
24,774
24,775
24,776
24,777
24,778
24,779
24,780
24,781
24,782
24,783
24,784
24,785
24,786
24,787
24,788
24,789
24,790
24,791
24,792
24,793
24,794
24,795
24,796
24,797
24,798
24,799
24,800
24,801
24,802
24,803
24,804
24,805
24,806
24,807
24,808
24,809
24,810
24,811
24,812
24,813
24,814
24,815
24,816
24,817
24,818
24,819
24,820
24,821
24,822
24,823
24,824
24,825
24,826
24,827
24,828
24,829
24,830
24,831
24,832
24,833
993,666
993,667
993,668
993,669
993,670
993,671
993,672
993,673
993,674
993,675
993,676
993,677
993,678
993,679
993,680
993,681
993,682
993,683
993,684
993,685
993,686
993,687
993,688
993,689
993,690
993,691
993,692
993,693
993,694
993,695
993,696
993,697
993,698
993,699
993,700
993,701
993,702
993,703
993,704
993,705
993,706
993,707
993,708
993,709
993,710
993,711
993,712
993,713
993,714
993,715
993,716
993,717
993,718
993,719
993,720
993,721
993,722
993,723
993,724
993,725
993,726
993,727
993,728
993,729
993,730
993,731
993,732
993,733
993,734
993,735
993,736
993,737
993,738
993,739
993,740
993,741
993,742
993,743
993,744
993,745
993,746
993,747
993,748
993,749
993,750
993,751
993,752
993,753
993,754
993,755
993,756
993,757
993,758
993,759
993,760
993,761
993,762
993,763
993,764
993,765
993,766
993,767
993,768
993,769
993,770
993,771
993,772
993,773
993,774
993,775
993,776
993,777
993,778
993,779
993,780
993,781
993,782
993,783
993,784
993,785
993,786
993,787
993,788
993,789
993,790
993,791
993,792
993,793
630,31
630,32
630,33
630,34
630,35
630,36
630,37
630,38
630,39
630,40
630,41
630,42
630,43
630,44
630,45
630,46
630,47
630,48
630,49
630,50
630,51
630,52
630,53
630,54
630,55
630,56
630,57
630,58
630,59
630,60
630,61
630,62
630,63
630,64
630,65
630,66
630,67
630,68
630,69
630,70
630,71
630,72
630,73
630,74
630,75
630,76
630,77
630,78
630,79
630,80
630,81
630,82
630,83
630,84
630,85
630,86
630,87
630,88
630,89
630,90
630,91
630,92
630,93
630,94
630,95
630,96
630,97
630,98
630,99
630,100
630,101
630,102
630,103
630,104
630,105
630,106
630,107
630,108
630,109
630,110
630,111
630,112
630,113
630,114
630,115
630,116
630,117
630,118
630,119
630,120
630,121
630,122
630,123
630,124
630,125
630,126
630,127
630,128
630,129
630,130
630,131
630,132
630,133
630,134
630,135
630,136
630,137
630,138
630,139
630,140
630,141
630,142
630,143
630,144
630,145
630,146
630,147
630,148
630,149
630,150
630,151
630,152
630,153
630,154
630,155
630,156
630,157
630,158
65,628
65,629
65,630
65,631
65,632
65,633
65,634
65,635
65,636
65,637
65,638
65,639
65,640
65,641
65,642
65,643
65,644
65,645
65,646
65,647
65,648
65,649
65,650
65,651
65,652
65,653
65,654
65,655
65,656
65,657
65,658
65,659
65,660
65,661
65,662
65,663
65,664
65,665
65,666
65,667
65,668
65,669
65,670
65,671
65,672
65,673
65,674
65,675
65,676
65,677
65,678
65,679
65,680
65,681
65,682
65,683
65,684
65,685
65,686
65,687
65,688
65,689
65,690
65,691
65,692
65,693
65,694
65,695
65,696
65,697
65,698
65,699
65,700
65,701
65,702
65,703
65,704
65,705
65,706
65,707
65,708
65,709
65,710
65,711
65,712
65,713
65,714
65,715
65,716
65,717
65,718
65,719
65,720
65,721
65,722
65,723
65,724
65,725
65,726
65,727
65,728
65,729
65,730
65,731
65,732
65,733
65,734
65,735
65,736
65,737
65,738
65,739
65,740
65,741
65,742
65,743
65,744
65,745
65,746
65,747
65,748
65,749
65,750
65,751
65,752
65,753
65,754
65,755
795,671
795,672
795,673
795,674
795,675
795,676
795,677
795,678
795,679
795,680
795,681
795,682
795,683
795,684
795,685
795,686
795,687
795,688
795,689
795,690
795,691
795,692
795,693
795,694
795,695
795,696
795,697
795,698
795,699
795,700
795,701
795,702
795,703
795,704
795,705
795,706
795,707
795,708
795,709
795,710
795,711
795,712
795,713
795,714
795,715
795,716
795,717
795,718
795,719
795,720
795,721
795,722
795,723
795,724
795,725
795,726
795,727
795,728
795,729
795,730
795,731
795,732
795,733
795,734
795,735
795,736
795,737
795,738
795,739
795,740
795,741
795,742
795,743
795,744
795,745
795,746
795,747
795,748
795,749
795,750
795,751
795,752
795,753
795,754
795,755
795,756
795,757
795,758
795,759
795,760
795,761
795,762
795,763
795,764
795,765
795,766
795,767
795,768
795,769
795,770
795,771
795,772
795,773
795,774
795,775
795,776
795,777
795,778
795,779
795,780
795,781
795,782
795,783
795,784
795,785
795,786
795,787
795,788
795,789
795,790
795,791
795,792
795,793
795,794
795,795
795,796
795,797
795,798
82,598
82,599
82,600
82,601
82,602
82,603
82,604
82,605
82,606
82,607
82,608
82,609
82,610
82,611
82,612
82,613
82,614
82,615
82,616
82,617
82,618
82,619
82,620
82,621
82,622
82,623
82,624
82,625
82,626
82,627
82,628
82,629
82,630
82,631
82,632
82,633
82,634
82,635
82,636
82,637
82,638
82,639
82,640
82,641
82,642
82,643
82,644
82,645
82,646
82,647
82,648
82,649
82,650
82,651
82,652
82,653
82,654
82,655
82,656
82,657
82,658
82,659
82,660
82,661
82,662
82,663
82,664
82,665
82,666
82,667
82,668
82,669
82,670
82,671
82,672
82,673
82,674
82,675
82,676
82,677
82,678
82,679
82,680
82,681
82,682
82,683
82,684
82,685
82,686
82,687
82,688
82,689
82,690
82,691
82,692
82,693
82,694
82,695
82,696
82,697
82,698
82,699
82,700
82,701
82,702
82,703
82,704
82,705
82,706
82,707
82,708
82,709
82,710
82,711
82,712
82,713
82,714
82,715
82,716
82,717
82,718
82,719
82,720
82,721
82,722
82,723
82,724
82,725
165,773
165,774
165,775
165,776
165,777
165,778
165,779
165,780
165,781
165,782
165,783
165,784
165,785
165,786
165,787
165,788
165,789
165,790
165,791
165,792
165,793
165,794
165,795
165,796
165,797
165,798
165,799
165,800
165,801
165,802
165,803
165,804
165,805
165,806
165,807
165,808
165,809
165,810
165,811
165,812
165,813
165,814
165,815
165,816
165,817
165,818
165,819
165,820
165,821
165,822
165,823
165,824
165,825
165,826
165,827
165,828
165,829
165,830
165,831
165,832
165,833
165,834
165,835
165,836
165,837
165,838
165,839
165,840
165,841
165,842
165,843
165,844
165,845
165,846
165,847
165,848
165,849
165,850
165,851
165,852
165,853
165,854
165,855
165,856
165,857
165,858
165,859
165,860
165,861
165,862
165,863
165,864
165,865
165,866
165,867
165,868
165,869
165,870
165,871
165,872
165,873
165,874
165,875
165,876
165,877
165,878
165,879
165,880
165,881
165,882
165,883
165,884
165,885
165,886
165,887
165,888
165,889
165,890
165,891
165,892
165,893
165,894
165,895
165,896
165,897
165,898
165,899
165,900
328,78
328,79
328,80
328,81
328,82
328,83
328,84
328,85
328,86
328,87
328,88
328,89
328,90
328,91
328,92
328,93
328,94
328,95
328,96
328,97
328,98
328,99
328,100
328,101
328,102
328,103
328,104
328,105
328,106
328,107
328,108
328,109
328,110
328,111
328,112
328,113
328,114
328,115
328,116
328,117
328,118
328,119
328,120
328,121
328,122
328,123
328,124
328,125
328,126
328,127
328,128
328,129
328,130
328,131
328,132
328,133
328,134
328,135
328,136
328,137
328,138
328,139
328,140
328,141
328,142
328,143
328,144
328,145
328,146
328,147
328,148
328,149
328,150
328,151
328,152
328,153
328,154
328,155
328,156
328,157
328,158
328,159
328,160
328,161
328,162
328,163
328,164
328,165
328,166
328,167
328,168
328,169
328,170
328,171
328,172
328,173
328,174
328,175
328,176
328,177
328,178
328,179
328,180
328,181
328,182
328,183
328,184
328,185
328,186
328,187
328,188
328,189
328,190
328,191
328,192
328,193
328,194
328,195
328,196
328,197
328,198
328,199
328,200
328,201
328,202
328,203
328,204
328,205
233,851
233,852
233,853
233,854
233,855
233,856
233,857
233,858
233,859
233,860
233,861
233,862
233,863
233,864
233,865
233,866
233,867
233,868
233,869
233,870
233,871
233,872
233,873
233,874
233,875
233,876
233,877
233,878
233,879
233,880
233,881
233,882
233,883
233,884
233,885
233,886
233,887
233,888
233,889
233,890
233,891
233,892
233,893
233,894
233,895
233,896
233,897
233,898
233,899
233,900
233,901
233,902
233,903
233,904
233,905
233,906
233,907
233,908
233,909
233,910
233,911
233,912
233,913
233,914
233,915
233,916
233,917
233,918
233,919
233,920
233,921
233,922
233,923
233,924
233,925
233,926
233,927
233,928
233,929
233,930
233,931
233,932
233,933
233,934
233,935
233,936
233,937
233,938
233,939
233,940
233,941
233,942
233,943
233,944
233,945
233,946
233,947
233,948
233,949
233,950
233,951
233,952
233,953
233,954
233,955
233,956
233,957
233,958
233,959
233,960
233,961
233,962
233,963
233,964
233,965
233,966
233,967
233,968
233,969
233,970
233,971
233,972
233,973
233,974
233,975
233,976
233,977
233,978