806,544
806,545
806,546
806,547
806,548
806,549
806,550
806,551
806,552
806,553
806,554
806,555
806,556
806,557
806,558
806,559
806,560
806,561
806,562
806,563
806,564
806,565
806,566
806,567
806,568
806,569
806,570
806,571
806,572
806,573
806,574
806,575
806,576
806,577
806,578
806,579
806,580
806,581
806,582
806,583
806,584
806,585
806,586
806,587
806,588
806,589
806,590
806,591
806,592
806,593
806,594
806,595
806,596
806,597
806,598
806,599
806,600
806,601
806,602
806,603
806,604
806,605
806,606
806,607
806,608
806,609
806,610
806,611
806,612
806,613
806,614
806,615
806,616
806,617
806,618
806,619
806,620
806,621
806,622
806,623
806,624
806,625
806,626
806,627
806,628
806,629
806,630
806,631
806,632
806,633
806,634
806,635
806,636
806,637
806,638
806,639
806,640
806,641
806,642
806,643
806,644
806,645
806,646
806,647
806,648
806,649
806,650
806,651
806,652
806,653
806,654
806,655
806,656
806,657
806,658
806,659
806,660
806,661
806,662
806,663
806,664
806,665
806,666
806,667
806,668
806,669
806,670
806,671
807,544
807,545
807,546
807,547
807,548
807,549
807,550
807,551
807,552
807,553
807,554
807,555
807,556
807,557
807,558
807,559
807,560
807,561
807,562
807,563
807,564
807,565
807,566
807,567
807,568
807,569
807,570
807,571
807,572
807,573
807,574
807,575
807,576
807,577
807,578
807,579
807,580
807,581
807,582
807,583
807,584
807,585
807,586
807,587
807,588
807,589
807,590
807,591
807,592
807,593
807,594
807,595
807,596
807,597
807,598
807,599
807,600
807,601
807,602
807,603
807,604
807,605
807,606
807,607
807,608
807,609
807,610
807,611
807,612
807,613
807,614
807,615
807,616
807,617
807,618
807,619
807,620
807,621
807,622
807,623
807,624
807,625
807,626
807,627
807,628
807,629
807,630
807,631
807,632
807,633
807,634
807,635
807,636
807,637
807,638
807,639
807,640
807,641
807,642
807,643
807,644
807,645
807,646
807,647
807,648
807,649
807,650
807,651
807,652
807,653
807,654
807,655
807,656
807,657
807,658
807,659
807,660
807,661
807,662
807,663
807,664
807,665
807,666
807,667
807,668
807,669
807,670
807,671
871,209
871,210
871,211
871,212
871,213
871,214
871,215
871,216
871,217
871,218
871,219
871,220
871,221
871,222
871,223
871,224
871,225
871,226
871,227
871,228
871,229
871,230
871,231
871,232
871,233
871,234
871,235
871,236
871,237
871,238
871,239
871,240
871,241
871,242
871,243
871,244
871,245
871,246
871,247
871,248
871,249
871,250
871,251
871,252
871,253
871,254
871,255
871,256
871,257
871,258
871,259
871,260
871,261
871,262
871,263
871,264
871,265
871,266
871,267
871,268
871,269
871,270
871,271
871,272
871,273
871,274
871,275
871,276
871,277
871,278
871,279
871,280
871,281
871,282
871,283
871,284
871,285
871,286
871,287
871,288
871,289
871,290
871,291
871,292
871,293
871,294
871,295
871,296
871,297
871,298
871,299
871,300
871,301
871,302
871,303
871,304
871,305
871,306
871,307
871,308
871,309
871,310
871,311
871,312
871,313
871,314
871,315
871,316
871,317
871,318
871,319
871,320
871,321
871,322
871,323
871,324
871,325
871,326
871,327
871,328
871,329
871,330
871,331
871,332
871,333
871,334
871,335
871,336
872,209
872,210
872,211
872,212
872,213
872,214
872,215
872,216
872,217
872,218
872,219
872,220
872,221
872,222
872,223
872,224
872,225
872,226
872,227
872,228
872,229
872,230
872,231
872,232
872,233
872,234
872,235
872,236
872,237
872,238
872,239
872,240
872,241
872,242
872,243
872,244
872,245
872,246
872,247
872,248
872,249
872,250
872,251
872,252
872,253
872,254
872,255
872,256
872,257
872,258
872,259
872,260
872,261
872,262
872,263
872,264
872,265
872,266
872,267
872,268
872,269
872,270
872,271
872,272
872,273
872,274
872,275
872,276
872,277
872,278
872,279
872,280
872,281
872,282
872,283
872,284
872,285
872,286
872,287
872,288
872,289
872,290
872,291
872,292
872,293
872,294
872,295
872,296
872,297
872,298
872,299
872,300
872,301
872,302
872,303
872,304
872,305
872,306
872,307
872,308
872,309
872,310
872,311
872,312
872,313
872,314
872,315
872,316
872,317
872,318
872,319
872,320
872,321
872,322
872,323
872,324
872,325
872,326
872,327
872,328
872,329
872,330
872,331
872,332
872,333
872,334
872,335
872,336
22,8
22,9
22,10
22,11
22,12
22,13
22,14
22,15
22,16
22,17
22,18
22,19
22,20
22,21
22,22
22,23
22,24
22,25
22,26
22,27
22,28
22,29
22,30
22,31
22,32
22,33
22,34
22,35
22,36
22,37
22,38
22,39
22,40
22,41
22,42
22,43
22,44
22,45
22,46
22,47
22,48
22,49
22,50
22,51
22,52
22,53
22,54
22,55
22,56
22,57
22,58
22,59
22,60
22,61
22,62
22,63
22,64
22,65
22,66
22,67
22,68
22,69
22,70
22,71
22,72
22,73
22,74
22,75
22,76
22,77
22,78
22,79
22,80
22,81
22,82
22,83
22,84
22,85
22,86
22,87
22,88
22,89
22,90
22,91
22,92
22,93
22,94
22,95
22,96
22,97
22,98
22,99
22,100
22,101
22,102
22,103
22,104
22,105
22,106
22,107
22,108
22,109
22,110
22,111
22,112
22,113
22,114
22,115
22,116
22,117
22,118
22,119
22,120
22,121
22,122
22,123
22,124
22,125
22,126
22,127
22,128
22,129
22,130
22,131
22,132
22,133
22,134
22,135
23,8
23,9
23,10
23,11
23,12
23,13
23,14
23,15
23,16
23,17
23,18
23,19
23,20
23,21
23,22
23,23
23,24
23,25
23,26
23,27
23,28
23,29
23,30
23,31
23,32
23,33
23,34
23,35
23,36
23,37
23,38
23,39
23,40
23,41
23,42
23,43
23,44
23,45
23,46
23,47
23,48
23,49
23,50
23,51
23,52
23,53
23,54
23,55
23,56
23,57
23,58
23,59
23,60
23,61
23,62
23,63
23,64
23,65
23,66
23,67
23,68
23,69
23,70
23,71
23,72
23,73
23,74
23,75
23,76
23,77
23,78
23,79
23,80
23,81
23,82
23,83
23,84
23,85
23,86
23,87
23,88
23,89
23,90
23,91
23,92
23,93
23,94
23,95
23,96
23,97
23,98
23,99
23,100
23,101
23,102
23,103
23,104
23,105
23,106
23,107
23,108
23,109
23,110
23,111
23,112
23,113
23,114
23,115
23,116
23,117
23,118
23,119
23,120
23,121
23,122
23,123
23,124
23,125
23,126
23,127
23,128
23,129
23,130
23,131
23,132
23,133
23,134
23,135
704,570
704,571
704,572
704,573
704,574
704,575
704,576
704,577
704,578
704,579
704,580
704,581
704,582
704,583
704,584
704,585
704,586
704,587
704,588
704,589
704,590
704,591
704,592
704,593
704,594
704,595
704,596
704,597
704,598
704,599
704,600
704,601
704,602
704,603
704,604
704,605
704,606
704,607
704,608
704,609
704,610
704,611
704,612
704,613
704,614
704,615
704,616
704,617
704,618
704,619
704,620
704,621
704,622
704,623
704,624
704,625
704,626
704,627
704,628
704,629
704,630
704,631
704,632
704,633
704,634
704,635
704,636
704,637
704,638
704,639
704,640
704,641
704,642
704,643
704,644
704,645
704,646
704,647
704,648
704,649
704,650
704,651
704,652
704,653
704,654
704,655
704,656
704,657
704,658
704,659
704,660
704,661
704,662
704,663
704,664
704,665
704,666
704,667
704,668
704,669
704,670
704,671
704,672
704,673
704,674
704,675
704,676
704,677
704,678
704,679
704,680
704,681
704,682
704,683
704,684
704,685
704,686
704,687
704,688
704,689
704,690
704,691
704,692
704,693
704,694
704,695
704,696
704,697
705,570
705,571
705,572
705,573
705,574
705,575
705,576
705,577
705,578
705,579
705,580
705,581
705,582
705,583
705,584
705,585
705,586
705,587
705,588
705,589
705,590
705,591
705,592
705,593
705,594
705,595
705,596
705,597
705,598
705,599
705,600
705,601
705,602
705,603
705,604
705,605
705,606
705,607
705,608
705,609
705,610
705,611
705,612
705,613
705,614
705,615
705,616
705,617
705,618
705,619
705,620
705,621
705,622
705,623
705,624
705,625
705,626
705,627
705,628
705,629
705,630
705,631
705,632
705,633
705,634
705,635
705,636
705,637
705,638
705,639
705,640
705,641
705,642
705,643
705,644
705,645
705,646
705,647
705,648
705,649
705,650
705,651
705,652
705,653
705,654
705,655
705,656
705,657
705,658
705,659
705,660
705,661
705,662
705,663
705,664
705,665
705,666
705,667
705,668
705,669
705,670
705,671
705,672
705,673
705,674
705,675
705,676
705,677
705,678
705,679
705,680
705,681
705,682
705,683
705,684
705,685
705,686
705,687
705,688
705,689
705,690
705,691
705,692
705,693
705,694
705,695
705,696
705,697
335,46
335,47
335,48
335,49
335,50
335,51
335,52
335,53
335,54
335,55
335,56
335,57
335,58
335,59
335,60
335,61
335,62
335,63
335,64
335,65
335,66
335,67
335,68
335,69
335,70
335,71
335,72
335,73
335,74
335,75
335,76
335,77
335,78
335,79
335,80
335,81
335,82
335,83
335,84
335,85
335,86
335,87
335,88
335,89
335,90
335,91
335,92
335,93
335,94
335,95
335,96
335,97
335,98
335,99
335,100
335,101
335,102
335,103
335,104
335,105
335,106
335,107
335,108
335,109
335,110
335,111
335,112
335,113
335,114
335,115
335,116
335,117
335,118
335,119
335,120
335,121
335,122
335,123
335,124
335,125
335,126
335,127
335,128
335,129
335,130
335,131
335,132
335,133
335,134
335,135
335,136
335,137
335,138
335,139
335,140
335,141
335,142
335,143
335,144
335,145
335,146
335,147
335,148
335,149
335,150
335,151
335,152
335,153
335,154
335,155
335,156
335,157
335,158
335,159
335,160
335,161
335,162
335,163
335,164
335,165
335,166
335,167
335,168
335,169
335,170
335,171
335,172
335,173
336,46
336,47
336,48
336,49
336,50
336,51
336,52
336,53
336,54
336,55
336,56
336,57
336,58
336,59
336,60
336,61
336,62
336,63
336,64
336,65
336,66
336,67
336,68
336,69
336,70
336,71
336,72
336,73
336,74
336,75
336,76
336,77
336,78
336,79
336,80
336,81
336,82
336,83
336,84
336,85
336,86
336,87
336,88
336,89
336,90
336,91
336,92
336,93
336,94
336,95
336,96
336,97
336,98
336,99
336,100
336,101
336,102
336,103
336,104
336,105
336,106
336,107
336,108
336,109
336,110
336,111
336,112
336,113
336,114
336,115
336,116
336,117
336,118
336,119
336,120
336,121
336,122
336,123
336,124
336,125
336,126
336,127
336,128
336,129
336,130
336,131
336,132
336,133
336,134
336,135
336,136
336,137
336,138
336,139
336,140
336,141
336,142
336,143
336,144
336,145
336,146
336,147
336,148
336,149
336,150
336,151
336,152
336,153
336,154
336,155
336,156
336,157
336,158
336,159
336,160
336,161
336,162
336,163
336,164
336,165
336,166
336,167
336,168
336,169
336,170
336,171
336,172
336,173
470,416
470,417
470,418
470,419
470,420
470,421
470,422
470,423
470,424
470,425
470,426
470,427
470,428
470,429
470,430
470,431
470,432
470,433
470,434
470,435
470,436
470,437
470,438
470,439
470,440
470,441
470,442
470,443
470,444
470,445
470,446
470,447
470,448
470,449
470,450
470,451
470,452
470,453
470,454
470,455
470,456
470,457
470,458
470,459
470,460
470,461
470,462
470,463
470,464
470,465
470,466
470,467
470,468
470,469
470,470
470,471
470,472
470,473
470,474
470,475
470,476
470,477
470,478
470,479
470,480
470,481
470,482
470,483
470,484
470,485
470,486
470,487
470,488
470,489
470,490
470,491
470,492
470,493
470,494
470,495
470,496
470,497
470,498
470,499
470,500
470,501
470,502
470,503
470,504
470,505
470,506
470,507
470,508
470,509
470,510
470,511
470,512
470,513
470,514
470,515
470,516
470,517
470,518
470,519
470,520
470,521
470,522
470,523
470,524
470,525
470,526
470,527
470,528
470,529
470,530
470,531
470,532
470,533
470,534
470,535
470,536
470,537
470,538
470,539
470,540
470,541
470,542
470,543
471,416
471,417
471,418
471,419
471,420
471,421
471,422
471,423
471,424
471,425
471,426
471,427
471,428
471,429
471,430
471,431
471,432
471,433
471,434
471,435
471,436
471,437
471,438
471,439
471,440
471,441
471,442
471,443
471,444
471,445
471,446
471,447
471,448
471,449
471,450
471,451
471,452
471,453
471,454
471,455
471,456
471,457
471,458
471,459
471,460
471,461
471,462
471,463
471,464
471,465
471,466
471,467
471,468
471,469
471,470
471,471
471,472
471,473
471,474
471,475
471,476
471,477
471,478
471,479
471,480
471,481
471,482
471,483
471,484
471,485
471,486
471,487
471,488
471,489
471,490
471,491
471,492
471,493
471,494
471,495
471,496
471,497
471,498
471,499
471,500
471,501
471,502
471,503
471,504
471,505
471,506
471,507
471,508
471,509
471,510
471,511
471,512
471,513
471,514
471,515
471,516
471,517
471,518
471,519
471,520
471,521
471,522
471,523
471,524
471,525
471,526
471,527
471,528
471,529
471,530
471,531
471,532
471,533
471,534
471,535
471,536
471,537
471,538
471,539
471,540
471,541
471,542
471,543
331,180
331,181
331,182
331,183
331,184
331,185
331,186
331,187
331,188
331,189
331,190
331,191
331,192
331,193
331,194
331,195
331,196
331,197
331,198
331,199
331,200
331,201
331,202
331,203
331,204
331,205
331,206
331,207
331,208
331,209
331,210
331,211
331,212
331,213
331,214
331,215
331,216
331,217
331,218
331,219
331,220
331,221
331,222
331,223
331,224
331,225
331,226
331,227
331,228
331,229
331,230
331,231
331,232
331,233
331,234
331,235
331,236
331,237
331,238
331,239
331,240
331,241
331,242
331,243
331,244
331,245
331,246
331,247
331,248
331,249
331,250
331,251
331,252
331,253
331,254
331,255
331,256
331,257
331,258
331,259
331,260
331,261
331,262
331,263
331,264
331,265
331,266
331,267
331,268
331,269
331,270
331,271
331,272
331,273
331,274
331,275
331,276
331,277
331,278
331,279
331,280
331,281
331,282
331,283
331,284
331,285
331,286
331,287
331,288
331,289
331,290
331,291
331,292
331,293
331,294
331,295
331,296
331,297
331,298
331,299
331,300
331,301
331,302
331,303
331,304
331,305
331,306
331,307
332,180
332,181
332,182
332,183
332,184
332,185
332,186
332,187
332,188
332,189
332,190
332,191
332,192
332,193
332,194
332,195
332,196
332,197
332,198
332,199
332,200
332,201
332,202
332,203
332,204
332,205
332,206
332,207
332,208
332,209
332,210
332,211
332,212
332,213
332,214
332,215
332,216
332,217
332,218
332,219
332,220
332,221
332,222
332,223
332,224
332,225
332,226
332,227
332,228
332,229
332,230
332,231
332,232
332,233
332,234
332,235
332,236
332,237
332,238
332,239
332,240
332,241
332,242
332,243
332,244
332,245
332,246
332,247
332,248
332,249
332,250
332,251
332,252
332,253
332,254
332,255
332,256
332,257
332,258
332,259
332,260
332,261
332,262
332,263
332,264
332,265
332,266
332,267
332,268
332,269
332,270
332,271
332,272
332,273
332,274
332,275
332,276
332,277
332,278
332,279
332,280
332,281
332,282
332,283
332,284
332,285
332,286
332,287
332,288
332,289
332,290
332,291
332,292
332,293
332,294
332,295
332,296
332,297
332,298
332,299
332,300
332,301
332,302
332,303
332,304
332,305
332,306
332,307
1022,398
1022,399
1022,400
1022,401
1022,402
1022,403
1022,404
1022,405
1022,406
1022,407
1022,408
1022,409
1022,410
1022,411
1022,412
1022,413
1022,414
1022,415
1022,416
1022,417
1022,418
1022,419
1022,420
1022,421
1022,422
1022,423
1022,424
1022,425
1022,426
1022,427
1022,428
1022,429
1022,430
1022,431
1022,432
1022,433
1022,434
1022,435
1022,436
1022,437
1022,438
1022,439
1022,440
1022,441
1022,442
1022,443
1022,444
1022,445
1022,446
1022,447
1022,448
1022,449
1022,450
1022,451
1022,452
1022,453
1022,454
1022,455
1022,456
1022,457
1022,458
1022,459
1022,460
1022,461
1022,462
1022,463
1022,464
1022,465
1022,466
1022,467
1022,468
1022,469
1022,470
1022,471
1022,472
1022,473
1022,474
1022,475
1022,476
1022,477
1022,478
1022,479
1022,480
1022,481
1022,482
1022,483
1022,484
1022,485
1022,486
1022,487
1022,488
1022,489
1022,490
1022,491
1022,492
1022,493
1022,494
1022,495
1022,496
1022,497
1022,498
1022,499
1022,500
1022,501
1022,502
1022,503
1022,504
1022,505
1022,506
1022,507
1022,508
1022,509
1022,510
1022,511
1022,512
1022,513
1022,514
1022,515
1022,516
1022,517
1022,518
1022,519
1022,520
1022,521
1022,522
1022,523
1022,524
1022,525
1023,398
1023,399
1023,400
1023,401
1023,402
1023,403
1023,404
1023,405
1023,406
1023,407
1023,408
1023,409
1023,410
1023,411
1023,412
1023,413
1023,414
1023,415
1023,416
1023,417
1023,418
1023,419
1023,420
1023,421
1023,422
1023,423
1023,424
1023,425
1023,426
1023,427
1023,428
1023,429
1023,430
1023,431
1023,432
1023,433
1023,434
1023,435
1023,436
1023,437
1023,438
1023,439
1023,440
1023,441
1023,442
1023,443
1023,444
1023,445
1023,446
1023,447
1023,448
1023,449
1023,450
1023,451
1023,452
1023,453
1023,454
1023,455
1023,456
1023,457
1023,458
1023,459
1023,460
1023,461
1023,462
1023,463
1023,464
1023,465
1023,466
1023,467
1023,468
1023,469
1023,470
1023,471
1023,472
1023,473
1023,474
1023,475
1023,476
1023,477
1023,478
1023,479
1023,480
1023,481
1023,482
1023,483
1023,484
1023,485
1023,486
1023,487
1023,488
1023,489
1023,490
1023,491
1023,492
1023,493
1023,494
1023,495
1023,496
1023,497
1023,498
1023,499
1023,500
1023,501
1023,502
1023,503
1023,504
1023,505
1023,506
1023,507
1023,508
1023,509
1023,510
1023,511
1023,512
1023,513
1023,514
1023,515
1023,516
1023,517
1023,518
1023,519
1023,520
1023,521
1023,522
1023,523
1023,524
1023,525
647,785
647,786
647,787
647,788
647,789
647,790
647,791
647,792
647,793
647,794
647,795
647,796
647,797
647,798
647,799
647,800
647,801
647,802
647,803
647,804
647,805
647,806
647,807
647,808
647,809
647,810
647,811
647,812
647,813
647,814
647,815
647,816
647,817
647,818
647,819
647,820
647,821
647,822
647,823
647,824
647,825
647,826
647,827
647,828
647,829
647,830
647,831
647,832
647,833
647,834
647,835
647,836
647,837
647,838
647,839
647,840
647,841
647,842
647,843
647,844
647,845
647,846
647,847
647,848
647,849
647,850
647,851
647,852
647,853
647,854
647,855
647,856
647,857
647,858
647,859
647,860
647,861
647,862
647,863
647,864
647,865
647,866
647,867
647,868
647,869
647,870
647,871
647,872
647,873
647,874
647,875
647,876
647,877
647,878
647,879
647,880
647,881
647,882
647,883
647,884
647,885
647,886
647,887
647,888
647,889
647,890
647,891
647,892
647,893
647,894
647,895
647,896
647,897
647,898
647,899
647,900
647,901
647,902
647,903
647,904
647,905
647,906
647,907
647,908
647,909
647,910
647,911
647,912
648,785
648,786
648,787
648,788
648,789
648,790
648,791
648,792
648,793
648,794
648,795
648,796
648,797
648,798
648,799
648,800
648,801
648,802
648,803
648,804
648,805
648,806
648,807
648,808
648,809
648,810
648,811
648,812
648,813
648,814
648,815
648,816
648,817
648,818
648,819
648,820
648,821
648,822
648,823
648,824
648,825
648,826
648,827
648,828
648,829
648,830
648,831
648,832
648,833
648,834
648,835
648,836
648,837
648,838
648,839
648,840
648,841
648,842
648,843
648,844
648,845
648,846
648,847
648,848
648,849
648,850
648,851
648,852
648,853
648,854
648,855
648,856
648,857
648,858
648,859
648,860
648,861
648,862
648,863
648,864
648,865
648,866
648,867
648,868
648,869
648,870
648,871
648,872
648,873
648,874
648,875
648,876
648,877
648,878
648,879
648,880
648,881
648,882
648,883
648,884
648,885
648,886
648,887
648,888
648,889
648,890
648,891
648,892
648,893
648,894
648,895
648,896
648,897
648,898
648,899
648,900
648,901
648,902
648,903
648,904
648,905
648,906
648,907
648,908
648,909
648,910
648,911
648,912
821,146
821,147
821,148
821,149
821,150
821,151
821,152
821,153
821,154
821,155
821,156
821,157
821,158
821,159
821,160
821,161
821,162
821,163
821,164
821,165
821,166
821,167
821,168
821,169
821,170
821,171
821,172
821,173
821,174
821,175
821,176
821,177
821,178
821,179
821,180
821,181
821,182
821,183
821,184
821,185
821,186
821,187
821,188
821,189
821,190
821,191
821,192
821,193
821,194
821,195
821,196
821,197
821,198
821,199
821,200
821,201
821,202
821,203
821,204
821,205
821,206
821,207
821,208
821,209
821,210
821,211
821,212
821,213
821,214
821,215
821,216
821,217
821,218
821,219
821,220
821,221
821,222
821,223
821,224
821,225
821,226
821,227
821,228
821,229
821,230
821,231
821,232
821,233
821,234
821,235
821,236
821,237
821,238
821,239
821,240
821,241
821,242
821,243
821,244
821,245
821,246
821,247
821,248
821,249
821,250
821,251
821,252
821,253
821,254
821,255
821,256
821,257
821,258
821,259
821,260
821,261
821,262
821,263
821,264
821,265
821,266
821,267
821,268
821,269
821,270
821,271
821,272
821,273
822,146
822,147
822,148
822,149
822,150
822,151
822,152
822,153
822,154
822,155
822,156
822,157
822,158
822,159
822,160
822,161
822,162
822,163
822,164
822,165
822,166
822,167
822,168
822,169
822,170
822,171
822,172
822,173
822,174
822,175
822,176
822,177
822,178
822,179
822,180
822,181
822,182
822,183
822,184
822,185
822,186
822,187
822,188
822,189
822,190
822,191
822,192
822,193
822,194
822,195
822,196
822,197
822,198
822,199
822,200
822,201
822,202
822,203
822,204
822,205
822,206
822,207
822,208
822,209
822,210
822,211
822,212
822,213
822,214
822,215
822,216
822,217
822,218
822,219
822,220
822,221
822,222
822,223
822,224
822,225
822,226
822,227
822,228
822,229
822,230
822,231
822,232
822,233
822,234
822,235
822,236
822,237
822,238
822,239
822,240
822,241
822,242
822,243
822,244
822,245
822,246
822,247
822,248
822,249
822,250
822,251
822,252
822,253
822,254
822,255
822,256
822,257
822,258
822,259
822,260
822,261
822,262
822,263
822,264
822,265
822,266
822,267
822,268
822,269
822,270
822,271
822,272
822,273
117,574
117,575
117,576
117,577
117,578
117,579
117,580
117,581
117,582
117,583
117,584
117,585
117,586
117,587
117,588
117,589
117,590
117,591
117,592
117,593
117,594
117,595
117,596
117,597
117,598
117,599
117,600
117,601
117,602
117,603
117,604
117,605
117,606
117,607
117,608
117,609
117,610
117,611
117,612
117,613
117,614
117,615
117,616
117,617
117,618
117,619
117,620
117,621
117,622
117,623
117,624
117,625
117,626
117,627
117,628
117,629
117,630
117,631
117,632
117,633
117,634
117,635
117,636
117,637
117,638
117,639
117,640
117,641
117,642
117,643
117,644
117,645
117,646
117,647
117,648
117,649
117,650
117,651
117,652
117,653
117,654
117,655
117,656
117,657
117,658
117,659
117,660
117,661
117,662
117,663
117,664
117,665
117,666
117,667
117,668
117,669
117,670
117,671
117,672
117,673
117,674
117,675
117,676
117,677
117,678
117,679
117,680
117,681
117,682
117,683
117,684
117,685
117,686
117,687
117,688
117,689
117,690
117,691
117,692
117,693
117,694
117,695
117,696
117,697
117,698
117,699
117,700
117,701
118,574
118,575
118,576
118,577
118,578
118,579
118,580
118,581
118,582
118,583
118,584
118,585
118,586
118,587
118,588
118,589
118,590
118,591
118,592
118,593
118,594
118,595
118,596
118,597
118,598
118,599
118,600
118,601
118,602
118,603
118,604
118,605
118,606
118,607
118,608
118,609
118,610
118,611
118,612
118,613
118,614
118,615
118,616
118,617
118,618
118,619
118,620
118,621
118,622
118,623
118,624
118,625
118,626
118,627
118,628
118,629
118,630
118,631
118,632
118,633
118,634
118,635
118,636
118,637
118,638
118,639
118,640
118,641
118,642
118,643
118,644
118,645
118,646
118,647
118,648
118,649
118,650
118,651
118,652
118,653
118,654
118,655
118,656
118,657
118,658
118,659
118,660
118,661
118,662
118,663
118,664
118,665
118,666
118,667
118,668
118,669
118,670
118,671
118,672
118,673
118,674
118,675
118,676
118,677
118,678
118,679
118,680
118,681
118,682
118,683
118,684
118,685
118,686
118,687
118,688
118,689
118,690
118,691
118,692
118,693
118,694
118,695
118,696
118,697
118,698
118,699
118,700
118,701
917,650
917,651
917,652
917,653
917,654
917,655
917,656
917,657
917,658
917,659
917,660
917,661
917,662
917,663
917,664
917,665
917,666
917,667
917,668
917,669
917,670
917,671
917,672
917,673
917,674
917,675
917,676
917,677
917,678
917,679
917,680
917,681
917,682
917,683
917,684
917,685
917,686
917,687
917,688
917,689
917,690
917,691
917,692
917,693
917,694
917,695
917,696
917,697
917,698
917,699
917,700
917,701
917,702
917,703
917,704
917,705
917,706
917,707
917,708
917,709
917,710
917,711
917,712
917,713
917,714
917,715
917,716
917,717
917,718
917,719
917,720
917,721
917,722
917,723
917,724
917,725
917,726
917,727
917,728
917,729
917,730
917,731
917,732
917,733
917,734
917,735
917,736
917,737
917,738
917,739
917,740
917,741
917,742
917,743
917,744
917,745
917,746
917,747
917,748
917,749
917,750
917,751
917,752
917,753
917,754
917,755
917,756
917,757
917,758
917,759
917,760
917,761
917,762
917,763
917,764
917,765
917,766
917,767
917,768
917,769
917,770
917,771
917,772
917,773
917,774
917,775
917,776
917,777
918,650
918,651
918,652
918,653
918,654
918,655
918,656
918,657
918,658
918,659
918,660
918,661
918,662
918,663
918,664
918,665
918,666
918,667
918,668
918,669
918,670
918,671
918,672
918,673
918,674
918,675
918,676
918,677
918,678
918,679
918,680
918,681
918,682
918,683
918,684
918,685
918,686
918,687
918,688
918,689
918,690
918,691
918,692
918,693
918,694
918,695
918,696
918,697
918,698
918,699
918,700
918,701
918,702
918,703
918,704
918,705
918,706
918,707
918,708
918,709
918,710
918,711
918,712
918,713
918,714
918,715
918,716
918,717
918,718
918,719
918,720
918,721
918,722
918,723
918,724
918,725
918,726
918,727
918,728
918,729
918,730
918,731
918,732
918,733
918,734
918,735
918,736
918,737
918,738
918,739
918,740
918,741
918,742
918,743
918,744
918,745
918,746
918,747
918,748
918,749
918,750
918,751
918,752
918,753
918,754
918,755
918,756
918,757
918,758
918,759
918,760
918,761
918,762
918,763
918,764
918,765
918,766
918,767
918,768
918,769
918,770
918,771
918,772
918,773
918,774
918,775
918,776
918,777
968,61
968,62
968,63
968,64
968,65
968,66
968,67
968,68
968,69
968,70
968,71
968,72
968,73
968,74
968,75
968,76
968,77
968,78
968,79
968,80
968,81
968,82
968,83
968,84
968,85
968,86
968,87
968,88
968,89
968,90
968,91
968,92
968,93
968,94
968,95
968,96
968,97
968,98
968,99
968,100
968,101
968,102
968,103
968,104
968,105
968,106
968,107
968,108
968,109
968,110
968,111
968,112
968,113
968,114
968,115
968,116
968,117
968,118
968,119
968,120
968,121
968,122
968,123
968,124
968,125
968,126
968,127
968,128
968,129
968,130
968,131
968,132
968,133
968,134
968,135
968,136
968,137
968,138
968,139
968,140
968,141
968,142
968,143
968,144
968,145
968,146
968,147
968,148
968,149
968,150
968,151
968,152
968,153
968,154
968,155
968,156
968,157
968,158
968,159
968,160
968,161
968,162
968,163
968,164
968,165
968,166
968,167
968,168
968,169
968,170
968,171
968,172
968,173
968,174
968,175
968,176
968,177
968,178
968,179
968,180
968,181
968,182
968,183
968,184
968,185
968,186
968,187
968,188
969,61
969,62
969,63
969,64
969,65
969,66
969,67
969,68
969,69
969,70
969,71
969,72
969,73
969,74
969,75
969,76
969,77
969,78
969,79
969,80
969,81
969,82
969,83
969,84
969,85
969,86
969,87
969,88
969,89
969,90
969,91
969,92
969,93
969,94
969,95
969,96
969,97
969,98
969,99
969,100
969,101
969,102
969,103
969,104
969,105
969,106
969,107
969,108
969,109
969,110
969,111
969,112
969,113
969,114
969,115
969,116
969,117
969,118
969,119
969,120
969,121
969,122
969,123
969,124
969,125
969,126
969,127
969,128
969,129
969,130
969,131
969,132
969,133
969,134
969,135
969,136
969,137
969,138
969,139
969,140
969,141
969,142
969,143
969,144
969,145
969,146
969,147
969,148
969,149
969,150
969,151
969,152
969,153
969,154
969,155
969,156
969,157
969,158
969,159
969,160
969,161
969,162
969,163
969,164
969,165
969,166
969,167
969,168
969,169
969,170
969,171
969,172
969,173
969,174
969,175
969,176
969,177
969,178
969,179
969,180
969,181
969,182
969,183
969,184
969,185
969,186
969,187
969,188
359,62
359,63
359,64
359,65
359,66
359,67
359,68
359,69
359,70
359,71
359,72
359,73
359,74
359,75
359,76
359,77
359,78
359,79
359,80
359,81
359,82
359,83
359,84
359,85
359,86
359,87
359,88
359,89
359,90
359,91
359,92
359,93
359,94
359,95
359,96
359,97
359,98
359,99
359,100
359,101
359,102
359,103
359,104
359,105
359,106
359,107
359,108
359,109
359,110
359,111
359,112
359,113
359,114
359,115
359,116
359,117
359,118
359,119
359,120
359,121
359,122
359,123
359,124
359,125
359,126
359,127
359,128
359,129
359,130
359,131
359,132
359,133
359,134
359,135
359,136
359,137
359,138
359,139
359,140
359,141
359,142
359,143
359,144
359,145
359,146
359,147
359,148
359,149
359,150
359,151
359,152
359,153
359,154
359,155
359,156
359,157
359,158
359,159
359,160
359,161
359,162
359,163
359,164
359,165
359,166
359,167
359,168
359,169
359,170
359,171
359,172
359,173
359,174
359,175
359,176
359,177
359,178
359,179
359,180
359,181
359,182
359,183
359,184
359,185
359,186
359,187
359,188
359,189
360,62
360,63
360,64
360,65
360,66
360,67
360,68
360,69
360,70
360,71
360,72
360,73
360,74
360,75
360,76
360,77
360,78
360,79
360,80
360,81
360,82
360,83
360,84
360,85
360,86
360,87
360,88
360,89
360,90
360,91
360,92
360,93
360,94
360,95
360,96
360,97
360,98
360,99
360,100
360,101
360,102
360,103
360,104
360,105
360,106
360,107
360,108
360,109
360,110
360,111
360,112
360,113
360,114
360,115
360,116
360,117
360,118
360,119
360,120
360,121
360,122
360,123
360,124
360,125
360,126
360,127
360,128
360,129
360,130
360,131
360,132
360,133
360,134
360,135
360,136
360,137
360,138
360,139
360,140
360,141
360,142
360,143
360,144
360,145
360,146
360,147
360,148
360,149
360,150
360,151
360,152
360,153
360,154
360,155
360,156
360,157
360,158
360,159
360,160
360,161
360,162
360,163
360,164
360,165
360,166
360,167
360,168
360,169
360,170
360,171
360,172
360,173
360,174
360,175
360,176
360,177
360,178
360,179
360,180
360,181
360,182
360,183
360,184
360,185
360,186
360,187
360,188
360,189
700,578
700,579
700,580
700,581
700,582
700,583
700,584
700,585
700,586
700,587
700,588
700,589
700,590
700,591
700,592
700,593
700,594
700,595
700,596
700,597
700,598
700,599
700,600
700,601
700,602
700,603
700,604
700,605
700,606
700,607
700,608
700,609
700,610
700,611
700,612
700,613
700,614
700,615
700,616
700,617
700,618
700,619
700,620
700,621
700,622
700,623
700,624
700,625
700,626
700,627
700,628
700,629
700,630
700,631
700,632
700,633
700,634
700,635
700,636
700,637
700,638
700,639
700,640
700,641
700,642
700,643
700,644
700,645
700,646
700,647
700,648
700,649
700,650
700,651
700,652
700,653
700,654
700,655
700,656
700,657
700,658
700,659
700,660
700,661
700,662
700,663
700,664
700,665
700,666
700,667
700,668
700,669
700,670
700,671
700,672
700,673
700,674
700,675
700,676
700,677
700,678
700,679
700,680
700,681
700,682
700,683
700,684
700,685
700,686
700,687
700,688
700,689
700,690
700,691
700,692
700,693
700,694
700,695
700,696
700,697
700,698
700,699
700,700
700,701
700,702
700,703
700,704
700,705
701,578
701,579
701,580
701,581
701,582
701,583
701,584
701,585
701,586
701,587
701,588
701,589
701,590
701,591
701,592
701,593
701,594
701,595
701,596
701,597
701,598
701,599
701,600
701,601
701,602
701,603
701,604
701,605
701,606
701,607
701,608
701,609
701,610
701,611
701,612
701,613
701,614
701,615
701,616
701,617
701,618
701,619
701,620
701,621
701,622
701,623
701,624
701,625
701,626
701,627
701,628
701,629
701,630
701,631
701,632
701,633
701,634
701,635
701,636
701,637
701,638
701,639
701,640
701,641
701,642
701,643
701,644
701,645
701,646
701,647
701,648
701,649
701,650
701,651
701,652
701,653
701,654
701,655
701,656
701,657
701,658
701,659
701,660
701,661
701,662
701,663
701,664
701,665
701,666
701,667
701,668
701,669
701,670
701,671
701,672
701,673
701,674
701,675
701,676
701,677
701,678
701,679
701,680
701,681
701,682
701,683
701,684
701,685
701,686
701,687
701,688
701,689
701,690
701,691
701,692
701,693
701,694
701,695
701,696
701,697
701,698
701,699
701,700
701,701
701,702
701,703
701,704
701,705
78,559
78,560
78,561
78,562
78,563
78,564
78,565
78,566
78,567
78,568
78,569
78,570
78,571
78,572
78,573
78,574
78,575
78,576
78,577
78,578
78,579
78,580
78,581
78,582
78,583
78,584
78,585
78,586
78,587
78,588
78,589
78,590
78,591
78,592
78,593
78,594
78,595
78,596
78,597
78,598
78,599
78,600
78,601
78,602
78,603
78,604
78,605
78,606
78,607
78,608
78,609
78,610
78,611
78,612
78,613
78,614
78,615
78,616
78,617
78,618
78,619
78,620
78,621
78,622
78,623
78,624
78,625
78,626
78,627
78,628
78,629
78,630
78,631
78,632
78,633
78,634
78,635
78,636
78,637
78,638
78,639
78,640
78,641
78,642
78,643
78,644
78,645
78,646
78,647
78,648
78,649
78,650
78,651
78,652
78,653
78,654
78,655
78,656
78,657
78,658
78,659
78,660
78,661
78,662
78,663
78,664
78,665
78,666
78,667
78,668
78,669
78,670
78,671
78,672
78,673
78,674
78,675
78,676
78,677
78,678
78,679
78,680
78,681
78,682
78,683
78,684
78,685
78,686
79,559
79,560
79,561
79,562
79,563
79,564
79,565
79,566
79,567
79,568
79,569
79,570
79,571
79,572
79,573
79,574
79,575
79,576
79,577
79,578
79,579
79,580
79,581
79,582
79,583
79,584
79,585
79,586
79,587
79,588
79,589
79,590
79,591
79,592
79,593
79,594
79,595
79,596
79,597
79,598
79,599
79,600
79,601
79,602
79,603
79,604
79,605
79,606
79,607
79,608
79,609
79,610
79,611
79,612
79,613
79,614
79,615
79,616
79,617
79,618
79,619
79,620
79,621
79,622
79,623
79,624
79,625
79,626
79,627
79,628
79,629
79,630
79,631
79,632
79,633
79,634
79,635
79,636
79,637
79,638
79,639
79,640
79,641
79,642
79,643
79,644
79,645
79,646
79,647
79,648
79,649
79,650
79,651
79,652
79,653
79,654
79,655
79,656
79,657
79,658
79,659
79,660
79,661
79,662
79,663
79,664
79,665
79,666
79,667
79,668
79,669
79,670
79,671
79,672
79,673
79,674
79,675
79,676
79,677
79,678
79,679
79,680
79,681
79,682
79,683
79,684
79,685
79,686
1011,107
1011,108
1011,109
1011,110
1011,111
1011,112
1011,113
1011,114
1011,115
1011,116
1011,117
1011,118
1011,119
1011,120
1011,121
1011,122
1011,123
1011,124
1011,125
1011,126
1011,127
1011,128
1011,129
1011,130
1011,131
1011,132
1011,133
1011,134
1011,135
1011,136
1011,137
1011,138
1011,139
1011,140
1011,141
1011,142
1011,143
1011,144
1011,145
1011,146
1011,147
1011,148
1011,149
1011,150
1011,151
1011,152
1011,153
1011,154
1011,155
1011,156
1011,157
1011,158
1011,159
1011,160
1011,161
1011,162
1011,163
1011,164
1011,165
1011,166
1011,167
1011,168
1011,169
1011,170
1011,171
1011,172
1011,173
1011,174
1011,175
1011,176
1011,177
1011,178
1011,179
1011,180
1011,181
1011,182
1011,183
1011,184
1011,185
1011,186
1011,187
1011,188
1011,189
1011,190
1011,191
1011,192
1011,193
1011,194
1011,195
1011,196
1011,197
1011,198
1011,199
1011,200
1011,201
1011,202
1011,203
1011,204
1011,205
1011,206
1011,207
1011,208
1011,209
1011,210
1011,211
1011,212
1011,213
1011,214
1011,215
1011,216
1011,217
1011,218
1011,219
1011,220
1011,221
1011,222
1011,223
1011,224
1011,225
1011,226
1011,227
1011,228
1011,229
1011,230
1011,231
1011,232
1011,233
1011,234
1012,107
1012,108
1012,109
1012,110
1012,111
1012,112
1012,113
1012,114
1012,115
1012,116
1012,117
1012,118
1012,119
1012,120
1012,121
1012,122
1012,123
1012,124
1012,125
1012,126
1012,127
1012,128
1012,129
1012,130
1012,131
1012,132
1012,133
1012,134
1012,135
1012,136
1012,137
1012,138
1012,139
1012,140
1012,141
1012,142
1012,143
1012,144
1012,145
1012,146
1012,147
1012,148
1012,149
1012,150
1012,151
1012,152
1012,153
1012,154
1012,155
1012,156
1012,157
1012,158
1012,159
1012,160
1012,161
1012,162
1012,163
1012,164
1012,165
1012,166
1012,167
1012,168
1012,169
1012,170
1012,171
1012,172
1012,173
1012,174
1012,175
1012,176
1012,177
1012,178
1012,179
1012,180
1012,181
1012,182
1012,183
1012,184
1012,185
1012,186
1012,187
1012,188
1012,189
1012,190
1012,191
1012,192
1012,193
1012,194
1012,195
1012,196
1012,197
1012,198
1012,199
1012,200
1012,201
1012,202
1012,203
1012,204
1012,205
1012,206
1012,207
1012,208
1012,209
1012,210
1012,211
1012,212
1012,213
1012,214
1012,215
1012,216
1012,217
1012,218
1012,219
1012,220
1012,221
1012,222
1012,223
1012,224
1012,225
1012,226
1012,227
1012,228
1012,229
1012,230
1012,231
1012,232
1012,233
1012,234
850,148
850,149
850,150
850,151
850,152
850,153
850,154
850,155
850,156
850,157
850,158
850,159
850,160
850,161
850,162
850,163
850,164
850,165
850,166
850,167
850,168
850,169
850,170
850,171
850,172
850,173
850,174
850,175
850,176
850,177
850,178
850,179
850,180
850,181
850,182
850,183
850,184
850,185
850,186
850,187
850,188
850,189
850,190
850,191
850,192
850,193
850,194
850,195
850,196
850,197
850,198
850,199
850,200
850,201
850,202
850,203
850,204
850,205
850,206
850,207
850,208
850,209
850,210
850,211
850,212
850,213
850,214
850,215
850,216
850,217
850,218
850,219
850,220
850,221
850,222
850,223
850,224
850,225
850,226
850,227
850,228
850,229
850,230
850,231
850,232
850,233
850,234
850,235
850,236
850,237
850,238
850,239
850,240
850,241
850,242
850,243
850,244
850,245
850,246
850,247
850,248
850,249
850,250
850,251
850,252
850,253
850,254
850,255
850,256
850,257
850,258
850,259
850,260
850,261
850,262
850,263
850,264
850,265
850,266
850,267
850,268
850,269
850,270
850,271
850,272
850,273
850,274
850,275
851,148
851,149
851,150
851,151
851,152
851,153
851,154
851,155
851,156
851,157
851,158
851,159
851,160
851,161
851,162
851,163
851,164
851,165
851,166
851,167
851,168
851,169
851,170
851,171
851,172
851,173
851,174
851,175
851,176
851,177
851,178
851,179
851,180
851,181
851,182
851,183
851,184
851,185
851,186
851,187
851,188
851,189
851,190
851,191
851,192
851,193
851,194
851,195
851,196
851,197
851,198
851,199
851,200
851,201
851,202
851,203
851,204
851,205
851,206
851,207
851,208
851,209
851,210
851,211
851,212
851,213
851,214
851,215
851,216
851,217
851,218
851,219
851,220
851,221
851,222
851,223
851,224
851,225
851,226
851,227
851,228
851,229
851,230
851,231
851,232
851,233
851,234
851,235
851,236
851,237
851,238
851,239
851,240
851,241
851,242
851,243
851,244
851,245
851,246
851,247
851,248
851,249
851,250
851,251
851,252
851,253
851,254
851,255
851,256
851,257
851,258
851,259
851,260
851,261
851,262
851,263
851,264
851,265
851,266
851,267
851,268
851,269
851,270
851,271
851,272
851,273
851,274
851,275
526,499
526,500
526,501
526,502
526,503
526,504
526,505
526,506
526,507
526,508
526,509
526,510
526,511
526,512
526,513
526,514
526,515
526,516
526,517
526,518
526,519
526,520
526,521
526,522
526,523
526,524
526,525
526,526
526,527
526,528
526,529
526,530
526,531
526,532
526,533
526,534
526,535
526,536
526,537
526,538
526,539
526,540
526,541
526,542
526,543
526,544
526,545
526,546
526,547
526,548
526,549
526,550
526,551
526,552
526,553
526,554
526,555
526,556
526,557
526,558
526,559
526,560
526,561
526,562
526,563
526,564
526,565
526,566
526,567
526,568
526,569
526,570
526,571
526,572
526,573
526,574
526,575
526,576
526,577
526,578
526,579
526,580
526,581
526,582
526,583
526,584
526,585
526,586
526,587
526,588
526,589
526,590
526,591
526,592
526,593
526,594
526,595
526,596
526,597
526,598
526,599
526,600
526,601
526,602
526,603
526,604
526,605
526,606
526,607
526,608
526,609
526,610
526,611
526,612
526,613
526,614
526,615
526,616
526,617
526,618
526,619
526,620
526,621
526,622
526,623
526,624
526,625
526,626
527,499
527,500
527,501
527,502
527,503
527,504
527,505
527,506
527,507
527,508
527,509
527,510
527,511
527,512
527,513
527,514
527,515
527,516
527,517
527,518
527,519
527,520
527,521
527,522
527,523
527,524
527,525
527,526
527,527
527,528
527,529
527,530
527,531
527,532
527,533
527,534
527,535
527,536
527,537
527,538
527,539
527,540
527,541
527,542
527,543
527,544
527,545
527,546
527,547
527,548
527,549
527,550
527,551
527,552
527,553
527,554
527,555
527,556
527,557
527,558
527,559
527,560
527,561
527,562
527,563
527,564
527,565
527,566
527,567
527,568
527,569
527,570
527,571
527,572
527,573
527,574
527,575
527,576
527,577
527,578
527,579
527,580
527,581
527,582
527,583
527,584
527,585
527,586
527,587
527,588
527,589
527,590
527,591
527,592
527,593
527,594
527,595
527,596
527,597
527,598
527,599
527,600
527,601
527,602
527,603
527,604
527,605
527,606
527,607
527,608
527,609
527,610
527,611
527,612
527,613
527,614
527,615
527,616
527,617
527,618
527,619
527,620
527,621
527,622
527,623
527,624
527,625
527,626
553,536
553,537
553,538
553,539
553,540
553,541
553,542
553,543
553,544
553,545
553,546
553,547
553,548
553,549
553,550
553,551
553,552
553,553
553,554
553,555
553,556
553,557
553,558
553,559
553,560
553,561
553,562
553,563
553,564
553,565
553,566
553,567
553,568
553,569
553,570
553,571
553,572
553,573
553,574
553,575
553,576
553,577
553,578
553,579
553,580
553,581
553,582
553,583
553,584
553,585
553,586
553,587
553,588
553,589
553,590
553,591
553,592
553,593
553,594
553,595
553,596
553,597
553,598
553,599
553,600
553,601
553,602
553,603
553,604
553,605
553,606
553,607
553,608
553,609
553,610
553,611
553,612
553,613
553,614
553,615
553,616
553,617
553,618
553,619
553,620
553,621
553,622
553,623
553,624
553,625
553,626
553,627
553,628
553,629
553,630
553,631
553,632
553,633
553,634
553,635
553,636
553,637
553,638
553,639
553,640
553,641
553,642
553,643
553,644
553,645
553,646
553,647
553,648
553,649
553,650
553,651
553,652
553,653
553,654
553,655
553,656
553,657
553,658
553,659
553,660
553,661
553,662
553,663
554,536
554,537
554,538
554,539
554,540
554,541
554,542
554,543
554,544
554,545
554,546
554,547
554,548
554,549
554,550
554,551
554,552
554,553
554,554
554,555
554,556
554,557
554,558
554,559
554,560
554,561
554,562
554,563
554,564
554,565
554,566
554,567
554,568
554,569
554,570
554,571
554,572
554,573
554,574
554,575
554,576
554,577
554,578
554,579
554,580
554,581
554,582
554,583
554,584
554,585
554,586
554,587
554,588
554,589
554,590
554,591
554,592
554,593
554,594
554,595
554,596
554,597
554,598
554,599
554,600
554,601
554,602
554,603
554,604
554,605
554,606
554,607
554,608
554,609
554,610
554,611
554,612
554,613
554,614
554,615
554,616
554,617
554,618
554,619
554,620
554,621
554,622
554,623
554,624
554,625
554,626
554,627
554,628
554,629
554,630
554,631
554,632
554,633
554,634
554,635
554,636
554,637
554,638
554,639
554,640
554,641
554,642
554,643
554,644
554,645
554,646
554,647
554,648
554,649
554,650
554,651
554,652
554,653
554,654
554,655
554,656
554,657
554,658
554,659
554,660
554,661
554,662
554,663
312,169
312,170
312,171
312,172
312,173
312,174
312,175
312,176
312,177
312,178
312,179
312,180
312,181
312,182
312,183
312,184
312,185
312,186
312,187
312,188
312,189
312,190
312,191
312,192
312,193
312,194
312,195
312,196
312,197
312,198
312,199
312,200
312,201
312,202
312,203
312,204
312,205
312,206
312,207
312,208
312,209
312,210
312,211
312,212
312,213
312,214
312,215
312,216
312,217
312,218
312,219
312,220
312,221
312,222
312,223
312,224
312,225
312,226
312,227
312,228
312,229
312,230
312,231
312,232
312,233
312,234
312,235
312,236
312,237
312,238
312,239
312,240
312,241
312,242
312,243
312,244
312,245
312,246
312,247
312,248
312,249
312,250
312,251
312,252
312,253
312,254
312,255
312,256
312,257
312,258
312,259
312,260
312,261
312,262
312,263
312,264
312,265
312,266
312,267
312,268
312,269
312,270
312,271
312,272
312,273
312,274
312,275
312,276
312,277
312,278
312,279
312,280
312,281
312,282
312,283
312,284
312,285
312,286
312,287
312,288
312,289
312,290
312,291
312,292
312,293
312,294
312,295
312,296
313,169
313,170
313,171
313,172
313,173
313,174
313,175
313,176
313,177
313,178
313,179
313,180
313,181
313,182
313,183
313,184
313,185
313,186
313,187
313,188
313,189
313,190
313,191
313,192
313,193
313,194
313,195
313,196
313,197
313,198
313,199
313,200
313,201
313,202
313,203
313,204
313,205
313,206
313,207
313,208
313,209
313,210
313,211
313,212
313,213
313,214
313,215
313,216
313,217
313,218
313,219
313,220
313,221
313,222
313,223
313,224
313,225
313,226
313,227
313,228
313,229
313,230
313,231
313,232
313,233
313,234
313,235
313,236
313,237
313,238
313,239
313,240
313,241
313,242
313,243
313,244
313,245
313,246
313,247
313,248
313,249
313,250
313,251
313,252
313,253
313,254
313,255
313,256
313,257
313,258
313,259
313,260
313,261
313,262
313,263
313,264
313,265
313,266
313,267
313,268
313,269
313,270
313,271
313,272
313,273
313,274
313,275
313,276
313,277
313,278
313,279
313,280
313,281
313,282
313,283
313,284
313,285
313,286
313,287
313,288
313,289
313,290
313,291
313,292
313,293
313,294
313,295
313,296
557,543
557,544
557,545
557,546
557,547
557,548
557,549
557,550
557,551
557,552
557,553
557,554
557,555
557,556
557,557
557,558
557,559
557,560
557,561
557,562
557,563
557,564
557,565
557,566
557,567
557,568
557,569
557,570
557,571
557,572
557,573
557,574
557,575
557,576
557,577
557,578
557,579
557,580
557,581
557,582
557,583
557,584
557,585
557,586
557,587
557,588
557,589
557,590
557,591
557,592
557,593
557,594
557,595
557,596
557,597
557,598
557,599
557,600
557,601
557,602
557,603
557,604
557,605
557,606
557,607
557,608
557,609
557,610
557,611
557,612
557,613
557,614
557,615
557,616
557,617
557,618
557,619
557,620
557,621
557,622
557,623
557,624
557,625
557,626
557,627
557,628
557,629
557,630
557,631
557,632
557,633
557,634
557,635
557,636
557,637
557,638
557,639
557,640
557,641
557,642
557,643
557,644
557,645
557,646
557,647
557,648
557,649
557,650
557,651
557,652
557,653
557,654
557,655
557,656
557,657
557,658
557,659
557,660
557,661
557,662
557,663
557,664
557,665
557,666
557,667
557,668
557,669
557,670
558,543
558,544
558,545
558,546
558,547
558,548
558,549
558,550
558,551
558,552
558,553
558,554
558,555
558,556
558,557
558,558
558,559
558,560
558,561
558,562
558,563
558,564
558,565
558,566
558,567
558,568
558,569
558,570
558,571
558,572
558,573
558,574
558,575
558,576
558,577
558,578
558,579
558,580
558,581
558,582
558,583
558,584
558,585
558,586
558,587
558,588
558,589
558,590
558,591
558,592
558,593
558,594
558,595
558,596
558,597
558,598
558,599
558,600
558,601
558,602
558,603
558,604
558,605
558,606
558,607
558,608
558,609
558,610
558,611
558,612
558,613
558,614
558,615
558,616
558,617
558,618
558,619
558,620
558,621
558,622
558,623
558,624
558,625
558,626
558,627
558,628
558,629
558,630
558,631
558,632
558,633
558,634
558,635
558,636
558,637
558,638
558,639
558,640
558,641
558,642
558,643
558,644
558,645
558,646
558,647
558,648
558,649
558,650
558,651
558,652
558,653
558,654
558,655
558,656
558,657
558,658
558,659
558,660
558,661
558,662
558,663
558,664
558,665
558,666
558,667
558,668
558,669
558,670
322,83
322,84
322,85
322,86
322,87
322,88
322,89
322,90
322,91
322,92
322,93
322,94
322,95
322,96
322,97
322,98
322,99
322,100
322,101
322,102
322,103
322,104
322,105
322,106
322,107
322,108
322,109
322,110
322,111
322,112
322,113
322,114
322,115
322,116
322,117
322,118
322,119
322,120
322,121
322,122
322,123
322,124
322,125
322,126
322,127
322,128
322,129
322,130
322,131
322,132
322,133
322,134
322,135
322,136
322,137
322,138
322,139
322,140
322,141
322,142
322,143
322,144
322,145
322,146
322,147
322,148
322,149
322,150
322,151
322,152
322,153
322,154
322,155
322,156
322,157
322,158
322,159
322,160
322,161
322,162
322,163
322,164
322,165
322,166
322,167
322,168
322,169
322,170
322,171
322,172
322,173
322,174
322,175
322,176
322,177
322,178
322,179
322,180
322,181
322,182
322,183
322,184
322,185
322,186
322,187
322,188
322,189
322,190
322,191
322,192
322,193
322,194
322,195
322,196
322,197
322,198
322,199
322,200
322,201
322,202
322,203
322,204
322,205
322,206
322,207
322,208
322,209
322,210
323,83
323,84
323,85
323,86
323,87
323,88
323,89
323,90
323,91
323,92
323,93
323,94
323,95
323,96
323,97
323,98
323,99
323,100
323,101
323,102
323,103
323,104
323,105
323,106
323,107
323,108
323,109
323,110
323,111
323,112
323,113
323,114
323,115
323,116
323,117
323,118
323,119
323,120
323,121
323,122
323,123
323,124
323,125
323,126
323,127
323,128
323,129
323,130
323,131
323,132
323,133
323,134
323,135
323,136
323,137
323,138
323,139
323,140
323,141
323,142
323,143
323,144
323,145
323,146
323,147
323,148
323,149
323,150
323,151
323,152
323,153
323,154
323,155
323,156
323,157
323,158
323,159
323,160
323,161
323,162
323,163
323,164
323,165
323,166
323,167
323,168
323,169
323,170
323,171
323,172
323,173
323,174
323,175
323,176
323,177
323,178
323,179
323,180
323,181
323,182
323,183
323,184
323,185
323,186
323,187
323,188
323,189
323,190
323,191
323,192
323,193
323,194
323,195
323,196
323,197
323,198
323,199
323,200
323,201
323,202
323,203
323,204
323,205
323,206
323,207
323,208
323,209
323,210
999,575
999,576
999,577
999,578
999,579
999,580
999,581
999,582
999,583
999,584
999,585
999,586
999,587
999,588
999,589
999,590
999,591
999,592
999,593
999,594
999,595
999,596
999,597
999,598
999,599
999,600
999,601
999,602
999,603
999,604
999,605
999,606
999,607
999,608
999,609
999,610
999,611
999,612
999,613
999,614
999,615
999,616
999,617
999,618
999,619
999,620
999,621
999,622
999,623
999,624
999,625
999,626
999,627
999,628
999,629
999,630
999,631
999,632
999,633
999,634
999,635
999,636
999,637
999,638
999,639
999,640
999,641
999,642
999,643
999,644
999,645
999,646
999,647
999,648
999,649
999,650
999,651
999,652
999,653
999,654
999,655
999,656
999,657
999,658
999,659
999,660
999,661
999,662
999,663
999,664
999,665
999,666
999,667
999,668
999,669
999,670
999,671
999,672
999,673
999,674
999,675
999,676
999,677
999,678
999,679
999,680
999,681
999,682
999,683
999,684
999,685
999,686
999,687
999,688
999,689
999,690
999,691
999,692
999,693
999,694
999,695
999,696
999,697
999,698
999,699
999,700
999,701
999,702
1000,575
1000,576
1000,577
1000,578
1000,579
1000,580
1000,581
1000,582
1000,583
1000,584
1000,585
1000,586
1000,587
1000,588
1000,589
1000,590
1000,591
1000,592
1000,593
1000,594
1000,595
1000,596
1000,597
1000,598
1000,599
1000,600
1000,601
1000,602
1000,603
1000,604
1000,605
1000,606
1000,607
1000,608
1000,609
1000,610
1000,611
1000,612
1000,613
1000,614
1000,615
1000,616
1000,617
1000,618
1000,619
1000,620
1000,621
1000,622
1000,623
1000,624
1000,625
1000,626
1000,627
1000,628
1000,629
1000,630
1000,631
1000,632
1000,633
1000,634
1000,635
1000,636
1000,637
1000,638
1000,639
1000,640
1000,641
1000,642
1000,643
1000,644
1000,645
1000,646
1000,647
1000,648
1000,649
1000,650
1000,651
1000,652
1000,653
1000,654
1000,655
1000,656
1000,657
1000,658
1000,659
1000,660
1000,661
1000,662
1000,663
1000,664
1000,665
1000,666
1000,667
1000,668
1000,669
1000,670
1000,671
1000,672
1000,673
1000,674
1000,675
1000,676
1000,677
1000,678
1000,679
1000,680
1000,681
1000,682
1000,683
1000,684
1000,685
1000,686
1000,687
1000,688
1000,689
1000,690
1000,691
1000,692
1000,693
1000,694
1000,695
1000,696
1000,697
1000,698
1000,699
1000,700
1000,701
1000,702
510,481
510,482
510,483
510,484
510,485
510,486
510,487
510,488
510,489
510,490
510,491
510,492
510,493
510,494
510,495
510,496
510,497
510,498
510,499
510,500
510,501
510,502
510,503
510,504
510,505
510,506
510,507
510,508
510,509
510,510
510,511
510,512
510,513
510,514
510,515
510,516
510,517
510,518
510,519
510,520
510,521
510,522
510,523
510,524
510,525
510,526
510,527
510,528
510,529
510,530
510,531
510,532
510,533
510,534
510,535
510,536
510,537
510,538
510,539
510,540
510,541
510,542
510,543
510,544
510,545
510,546
510,547
510,548
510,549
510,550
510,551
510,552
510,553
510,554
510,555
510,556
510,557
510,558
510,559
510,560
510,561
510,562
510,563
510,564
510,565
510,566
510,567
510,568
510,569
510,570
510,571
510,572
510,573
510,574
510,575
510,576
510,577
510,578
510,579
510,580
510,581
510,582
510,583
510,584
510,585
510,586
510,587
510,588
510,589
510,590
510,591
510,592
510,593
510,594
510,595
510,596
510,597
510,598
510,599
510,600
510,601
510,602
510,603
510,604
510,605
510,606
510,607
510,608
511,481
511,482
511,483
511,484
511,485
511,486
511,487
511,488
511,489
511,490
511,491
511,492
511,493
511,494
511,495
511,496
511,497
511,498
511,499
511,500
511,501
511,502
511,503
511,504
511,505
511,506
511,507
511,508
511,509
511,510
511,511
511,512
511,513
511,514
511,515
511,516
511,517
511,518
511,519
511,520
511,521
511,522
511,523
511,524
511,525
511,526
511,527
511,528
511,529
511,530
511,531
511,532
511,533
511,534
511,535
511,536
511,537
511,538
511,539
511,540
511,541
511,542
511,543
511,544
511,545
511,546
511,547
511,548
511,549
511,550
511,551
511,552
511,553
511,554
511,555
511,556
511,557
511,558
511,559
511,560
511,561
511,562
511,563
511,564
511,565
511,566
511,567
511,568
511,569
511,570
511,571
511,572
511,573
511,574
511,575
511,576
511,577
511,578
511,579
511,580
511,581
511,582
511,583
511,584
511,585
511,586
511,587
511,588
511,589
511,590
511,591
511,592
511,593
511,594
511,595
511,596
511,597
511,598
511,599
511,600
511,601
511,602
511,603
511,604
511,605
511,606
511,607
511,608
897,736
897,737
897,738
897,739
897,740
897,741
897,742
897,743
897,744
897,745
897,746
897,747
897,748
897,749
897,750
897,751
897,752
897,753
897,754
897,755
897,756
897,757
897,758
897,759
897,760
897,761
897,762
897,763
897,764
897,765
897,766
897,767
897,768
897,769
897,770
897,771
897,772
897,773
897,774
897,775
897,776
897,777
897,778
897,779
897,780
897,781
897,782
897,783
897,784
897,785
897,786
897,787
897,788
897,789
897,790
897,791
897,792
897,793
897,794
897,795
897,796
897,797
897,798
897,799
897,800
897,801
897,802
897,803
897,804
897,805
897,806
897,807
897,808
897,809
897,810
897,811
897,812
897,813
897,814
897,815
897,816
897,817
897,818
897,819
897,820
897,821
897,822
897,823
897,824
897,825
897,826
897,827
897,828
897,829
897,830
897,831
897,832
897,833
897,834
897,835
897,836
897,837
897,838
897,839
897,840
897,841
897,842
897,843
897,844
897,845
897,846
897,847
897,848
897,849
897,850
897,851
897,852
897,853
897,854
897,855
897,856
897,857
897,858
897,859
897,860
897,861
897,862
897,863
898,736
898,737
898,738
898,739
898,740
898,741
898,742
898,743
898,744
898,745
898,746
898,747
898,748
898,749
898,750
898,751
898,752
898,753
898,754
898,755
898,756
898,757
898,758
898,759
898,760
898,761
898,762
898,763
898,764
898,765
898,766
898,767
898,768
898,769
898,770
898,771
898,772
898,773
898,774
898,775
898,776
898,777
898,778
898,779
898,780
898,781
898,782
898,783
898,784
898,785
898,786
898,787
898,788
898,789
898,790
898,791
898,792
898,793
898,794
898,795
898,796
898,797
898,798
898,799
898,800
898,801
898,802
898,803
898,804
898,805
898,806
898,807
898,808
898,809
898,810
898,811
898,812
898,813
898,814
898,815
898,816
898,817
898,818
898,819
898,820
898,821
898,822
898,823
898,824
898,825
898,826
898,827
898,828
898,829
898,830
898,831
898,832
898,833
898,834
898,835
898,836
898,837
898,838
898,839
898,840
898,841
898,842
898,843
898,844
898,845
898,846
898,847
898,848
898,849
898,850
898,851
898,852
898,853
898,854
898,855
898,856
898,857
898,858
898,859
898,860
898,861
898,862
898,863
18,296
18,297
18,298
18,299
18,300
18,301
18,302
18,303
18,304
18,305
18,306
18,307
18,308
18,309
18,310
18,311
18,312
18,313
18,314
18,315
18,316
18,317
18,318
18,319
18,320
18,321
18,322
18,323
18,324
18,325
18,326
18,327
18,328
18,329
18,330
18,331
18,332
18,333
18,334
18,335
18,336
18,337
18,338
18,339
18,340
18,341
18,342
18,343
18,344
18,345
18,346
18,347
18,348
18,349
18,350
18,351
18,352
18,353
18,354
18,355
18,356
18,357
18,358
18,359
18,360
18,361
18,362
18,363
18,364
18,365
18,366
18,367
18,368
18,369
18,370
18,371
18,372
18,373
18,374
18,375
18,376
18,377
18,378
18,379
18,380
18,381
18,382
18,383
18,384
18,385
18,386
18,387
18,388
18,389
18,390
18,391
18,392
18,393
18,394
18,395
18,396
18,397
18,398
18,399
18,400
18,401
18,402
18,403
18,404
18,405
18,406
18,407
18,408
18,409
18,410
18,411
18,412
18,413
18,414
18,415
18,416
18,417
18,418
18,419
18,420
18,421
18,422
18,423
19,296
19,297
19,298
19,299
19,300
19,301
19,302
19,303
19,304
19,305
19,306
19,307
19,308
19,309
19,310
19,311
19,312
19,313
19,314
19,315
19,316
19,317
19,318
19,319
19,320
19,321
19,322
19,323
19,324
19,325
19,326
19,327
19,328
19,329
19,330
19,331
19,332
19,333
19,334
19,335
19,336
19,337
19,338
19,339
19,340
19,341
19,342
19,343
19,344
19,345
19,346
19,347
19,348
19,349
19,350
19,351
19,352
19,353
19,354
19,355
19,356
19,357
19,358
19,359
19,360
19,361
19,362
19,363
19,364
19,365
19,366
19,367
19,368
19,369
19,370
19,371
19,372
19,373
19,374
19,375
19,376
19,377
19,378
19,379
19,380
19,381
19,382
19,383
19,384
19,385
19,386
19,387
19,388
19,389
19,390
19,391
19,392
19,393
19,394
19,395
19,396
19,397
19,398
19,399
19,400
19,401
19,402
19,403
19,404
19,405
19,406
19,407
19,408
19,409
19,410
19,411
19,412
19,413
19,414
19,415
19,416
19,417
19,418
19,419
19,420
19,421
19,422
19,423
828,614
828,615
828,616
828,617
828,618
828,619
828,620
828,621
828,622
828,623
828,624
828,625
828,626
828,627
828,628
828,629
828,630
828,631
828,632
828,633
828,634
828,635
828,636
828,637
828,638
828,639
828,640
828,641
828,642
828,643
828,644
828,645
828,646
828,647
828,648
828,649
828,650
828,651
828,652
828,653
828,654
828,655
828,656
828,657
828,658
828,659
828,660
828,661
828,662
828,663
828,664
828,665
828,666
828,667
828,668
828,669
828,670
828,671
828,672
828,673
828,674
828,675
828,676
828,677
828,678
828,679
828,680
828,681
828,682
828,683
828,684
828,685
828,686
828,687
828,688
828,689
828,690
828,691
828,692
828,693
828,694
828,695
828,696
828,697
828,698
828,699
828,700
828,701
828,702
828,703
828,704
828,705
828,706
828,707
828,708
828,709
828,710
828,711
828,712
828,713
828,714
828,715
828,716
828,717
828,718
828,719
828,720
828,721
828,722
828,723
828,724
828,725
828,726
828,727
828,728
828,729
828,730
828,731
828,732
828,733
828,734
828,735
828,736
828,737
828,738
828,739
828,740
828,741
829,614
829,615
829,616
829,617
829,618
829,619
829,620
829,621
829,622
829,623
829,624
829,625
829,626
829,627
829,628
829,629
829,630
829,631
829,632
829,633
829,634
829,635
829,636
829,637
829,638
829,639
829,640
829,641
829,642
829,643
829,644
829,645
829,646
829,647
829,648
829,649
829,650
829,651
829,652
829,653
829,654
829,655
829,656
829,657
829,658
829,659
829,660
829,661
829,662
829,663
829,664
829,665
829,666
829,667
829,668
829,669
829,670
829,671
829,672
829,673
829,674
829,675
829,676
829,677
829,678
829,679
829,680
829,681
829,682
829,683
829,684
829,685
829,686
829,687
829,688
829,689
829,690
829,691
829,692
829,693
829,694
829,695
829,696
829,697
829,698
829,699
829,700
829,701
829,702
829,703
829,704
829,705
829,706
829,707
829,708
829,709
829,710
829,711
829,712
829,713
829,714
829,715
829,716
829,717
829,718
829,719
829,720
829,721
829,722
829,723
829,724
829,725
829,726
829,727
829,728
829,729
829,730
829,731
829,732
829,733
829,734
829,735
829,736
829,737
829,738
829,739
829,740
829,741
17,802
17,803
17,804
17,805
17,806
17,807
17,808
17,809
17,810
17,811
17,812
17,813
17,814
17,815
17,816
17,817
17,818
17,819
17,820
17,821
17,822
17,823
17,824
17,825
17,826
17,827
17,828
17,829
17,830
17,831
17,832
17,833
17,834
17,835
17,836
17,837
17,838
17,839
17,840
17,841
17,842
17,843
17,844
17,845
17,846
17,847
17,848
17,849
17,850
17,851
17,852
17,853
17,854
17,855
17,856
17,857
17,858
17,859
17,860
17,861
17,862
17,863
17,864
17,865
17,866
17,867
17,868
17,869
17,870
17,871
17,872
17,873
17,874
17,875
17,876
17,877
17,878
17,879
17,880
17,881
17,882
17,883
17,884
17,885
17,886
17,887
17,888
17,889
17,890
17,891
17,892
17,893
17,894
17,895
17,896
17,897
17,898
17,899
17,900
17,901
17,902
17,903
17,904
17,905
17,906
17,907
17,908
17,909
17,910
17,911
17,912
17,913
17,914
17,915
17,916
17,917
17,918
17,919
17,920
17,921
17,922
17,923
17,924
17,925
17,926
17,927
17,928
17,929
18,802
18,803
18,804
18,805
18,806
18,807
18,808
18,809
18,810
18,811
18,812
18,813
18,814
18,815
18,816
18,817
18,818
18,819
18,820
18,821
18,822
18,823
18,824
18,825
18,826
18,827
18,828
18,829
18,830
18,831
18,832
18,833
18,834
18,835
18,836
18,837
18,838
18,839
18,840
18,841
18,842
18,843
18,844
18,845
18,846
18,847
18,848
18,849
18,850
18,851
18,852
18,853
18,854
18,855
18,856
18,857
18,858
18,859
18,860
18,861
18,862
18,863
18,864
18,865
18,866
18,867
18,868
18,869
18,870
18,871
18,872
18,873
18,874
18,875
18,876
18,877
18,878
18,879
18,880
18,881
18,882
18,883
18,884
18,885
18,886
18,887
18,888
18,889
18,890
18,891
18,892
18,893
18,894
18,895
18,896
18,897
18,898
18,899
18,900
18,901
18,902
18,903
18,904
18,905
18,906
18,907
18,908
18,909
18,910
18,911
18,912
18,913
18,914
18,915
18,916
18,917
18,918
18,919
18,920
18,921
18,922
18,923
18,924
18,925
18,926
18,927
18,928
18,929
339,163
339,164
339,165
339,166
339,167
339,168
339,169
339,170
339,171
339,172
339,173
339,174
339,175
339,176
339,177
339,178
339,179
339,180
339,181
339,182
339,183
339,184
339,185
339,186
339,187
339,188
339,189
339,190
339,191
339,192
339,193
339,194
339,195
339,196
339,197
339,198
339,199
339,200
339,201
339,202
339,203
339,204
339,205
339,206
339,207
339,208
339,209
339,210
339,211
339,212
339,213
339,214
339,215
339,216
339,217
339,218
339,219
339,220
339,221
339,222
339,223
339,224
339,225
339,226
339,227
339,228
339,229
339,230
339,231
339,232
339,233
339,234
339,235
339,236
339,237
339,238
339,239
339,240
339,241
339,242
339,243
339,244
339,245
339,246
339,247
339,248
339,249
339,250
339,251
339,252
339,253
339,254
339,255
339,256
339,257
339,258
339,259
339,260
339,261
339,262
339,263
339,264
339,265
339,266
339,267
339,268
339,269
339,270
339,271
339,272
339,273
339,274
339,275
339,276
339,277
339,278
339,279
339,280
339,281
339,282
339,283
339,284
339,285
339,286
339,287
339,288
339,289
339,290
340,163
340,164
340,165
340,166
340,167
340,168
340,169
340,170
340,171
340,172
340,173
340,174
340,175
340,176
340,177
340,178
340,179
340,180
340,181
340,182
340,183
340,184
340,185
340,186
340,187
340,188
340,189
340,190
340,191
340,192
340,193
340,194
340,195
340,196
340,197
340,198
340,199
340,200
340,201
340,202
340,203
340,204
340,205
340,206
340,207
340,208
340,209
340,210
340,211
340,212
340,213
340,214
340,215
340,216
340,217
340,218
340,219
340,220
340,221
340,222
340,223
340,224
340,225
340,226
340,227
340,228
340,229
340,230
340,231
340,232
340,233
340,234
340,235
340,236
340,237
340,238
340,239
340,240
340,241
340,242
340,243
340,244
340,245
340,246
340,247
340,248
340,249
340,250
340,251
340,252
340,253
340,254
340,255
340,256
340,257
340,258
340,259
340,260
340,261
340,262
340,263
340,264
340,265
340,266
340,267
340,268
340,269
340,270
340,271
340,272
340,273
340,274
340,275
340,276
340,277
340,278
340,279
340,280
340,281
340,282
340,283
340,284
340,285
340,286
340,287
340,288
340,289
340,290
21,727
21,728
21,729
21,730
21,731
21,732
21,733
21,734
21,735
21,736
21,737
21,738
21,739
21,740
21,741
21,742
21,743
21,744
21,745
21,746
21,747
21,748
21,749
21,750
21,751
21,752
21,753
21,754
21,755
21,756
21,757
21,758
21,759
21,760
21,761
21,762
21,763
21,764
21,765
21,766
21,767
21,768
21,769
21,770
21,771
21,772
21,773
21,774
21,775
21,776
21,777
21,778
21,779
21,780
21,781
21,782
21,783
21,784
21,785
21,786
21,787
21,788
21,789
21,790
21,791
21,792
21,793
21,794
21,795
21,796
21,797
21,798
21,799
21,800
21,801
21,802
21,803
21,804
21,805
21,806
21,807
21,808
21,809
21,810
21,811
21,812
21,813
21,814
21,815
21,816
21,817
21,818
21,819
21,820
21,821
21,822
21,823
21,824
21,825
21,826
21,827
21,828
21,829
21,830
21,831
21,832
21,833
21,834
21,835
21,836
21,837
21,838
21,839
21,840
21,841
21,842
21,843
21,844
21,845
21,846
21,847
21,848
21,849
21,850
21,851
21,852
21,853
21,854
22,727
22,728
22,729
22,730
22,731
22,732
22,733
22,734
22,735
22,736
22,737
22,738
22,739
22,740
22,741
22,742
22,743
22,744
22,745
22,746
22,747
22,748
22,749
22,750
22,751
22,752
22,753
22,754
22,755
22,756
22,757
22,758
22,759
22,760
22,761
22,762
22,763
22,764
22,765
22,766
22,767
22,768
22,769
22,770
22,771
22,772
22,773
22,774
22,775
22,776
22,777
22,778
22,779
22,780
22,781
22,782
22,783
22,784
22,785
22,786
22,787
22,788
22,789
22,790
22,791
22,792
22,793
22,794
22,795
22,796
22,797
22,798
22,799
22,800
22,801
22,802
22,803
22,804
22,805
22,806
22,807
22,808
22,809
22,810
22,811
22,812
22,813
22,814
22,815
22,816
22,817
22,818
22,819
22,820
22,821
22,822
22,823
22,824
22,825
22,826
22,827
22,828
22,829
22,830
22,831
22,832
22,833
22,834
22,835
22,836
22,837
22,838
22,839
22,840
22,841
22,842
22,843
22,844
22,845
22,846
22,847
22,848
22,849
22,850
22,851
22,852
22,853
22,854
1,635
1,636
1,637
1,638
1,639
1,640
1,641
1,642
1,643
1,644
1,645
1,646
1,647
1,648
1,649
1,650
1,651
1,652
1,653
1,654
1,655
1,656
1,657
1,658
1,659
1,660
1,661
1,662
1,663
1,664
1,665
1,666
1,667
1,668
1,669
1,670
1,671
1,672
1,673
1,674
1,675
1,676
1,677
1,678
1,679
1,680
1,681
1,682
1,683
1,684
1,685
1,686
1,687
1,688
1,689
1,690
1,691
1,692
1,693
1,694
1,695
1,696
1,697
1,698
1,699
1,700
1,701
1,702
1,703
1,704
1,705
1,706
1,707
1,708
1,709
1,710
1,711
1,712
1,713
1,714
1,715
1,716
1,717
1,718
1,719
1,720
1,721
1,722
1,723
1,724
1,725
1,726
1,727
1,728
1,729
1,730
1,731
1,732
1,733
1,734
1,735
1,736
1,737
1,738
1,739
1,740
1,741
1,742
1,743
1,744
1,745
1,746
1,747
1,748
1,749
1,750
1,751
1,752
1,753
1,754
1,755
1,756
1,757
1,758
1,759
1,760
1,761
1,762
2,635
2,636
2,637
2,638
2,639
2,640
2,641
2,642
2,643
2,644
2,645
2,646
2,647
2,648
2,649
2,650
2,651
2,652
2,653
2,654
2,655
2,656
2,657
2,658
2,659
2,660
2,661
2,662
2,663
2,664
2,665
2,666
2,667
2,668
2,669
2,670
2,671
2,672
2,673
2,674
2,675
2,676
2,677
2,678
2,679
2,680
2,681
2,682
2,683
2,684
2,685
2,686
2,687
2,688
2,689
2,690
2,691
2,692
2,693
2,694
2,695
2,696
2,697
2,698
2,699
2,700
2,701
2,702
2,703
2,704
2,705
2,706
2,707
2,708
2,709
2,710
2,711
2,712
2,713
2,714
2,715
2,716
2,717
2,718
2,719
2,720
2,721
2,722
2,723
2,724
2,725
2,726
2,727
2,728
2,729
2,730
2,731
2,732
2,733
2,734
2,735
2,736
2,737
2,738
2,739
2,740
2,741
2,742
2,743
2,744
2,745
2,746
2,747
2,748
2,749
2,750
2,751
2,752
2,753
2,754
2,755
2,756
2,757
2,758
2,759
2,760
2,761
2,762
967,665
967,666
967,667
967,668
967,669
967,670
967,671
967,672
967,673
967,674
967,675
967,676
967,677
967,678
967,679
967,680
967,681
967,682
967,683
967,684
967,685
967,686
967,687
967,688
967,689
967,690
967,691
967,692
967,693
967,694
967,695
967,696
967,697
967,698
967,699
967,700
967,701
967,702
967,703
967,704
967,705
967,706
967,707
967,708
967,709
967,710
967,711
967,712
967,713
967,714
967,715
967,716
967,717
967,718
967,719
967,720
967,721
967,722
967,723
967,724
967,725
967,726
967,727
967,728
967,729
967,730
967,731
967,732
967,733
967,734
967,735
967,736
967,737
967,738
967,739
967,740
967,741
967,742
967,743
967,744
967,745
967,746
967,747
967,748
967,749
967,750
967,751
967,752
967,753
967,754
967,755
967,756
967,757
967,758
967,759
967,760
967,761
967,762
967,763
967,764
967,765
967,766
967,767
967,768
967,769
967,770
967,771
967,772
967,773
967,774
967,775
967,776
967,777
967,778
967,779
967,780
967,781
967,782
967,783
967,784
967,785
967,786
967,787
967,788
967,789
967,790
967,791
967,792
968,665
968,666
968,667
968,668
968,669
968,670
968,671
968,672
968,673
968,674
968,675
968,676
968,677
968,678
968,679
968,680
968,681
968,682
968,683
968,684
968,685
968,686
968,687
968,688
968,689
968,690
968,691
968,692
968,693
968,694
968,695
968,696
968,697
968,698
968,699
968,700
968,701
968,702
968,703
968,704
968,705
968,706
968,707
968,708
968,709
968,710
968,711
968,712
968,713
968,714
968,715
968,716
968,717
968,718
968,719
968,720
968,721
968,722
968,723
968,724
968,725
968,726
968,727
968,728
968,729
968,730
968,731
968,732
968,733
968,734
968,735
968,736
968,737
968,738
968,739
968,740
968,741
968,742
968,743
968,744
968,745
968,746
968,747
968,748
968,749
968,750
968,751
968,752
968,753
968,754
968,755
968,756
968,757
968,758
968,759
968,760
968,761
968,762
968,763
968,764
968,765
968,766
968,767
968,768
968,769
968,770
968,771
968,772
968,773
968,774
968,775
968,776
968,777
968,778
968,779
968,780
968,781
968,782
968,783
968,784
968,785
968,786
968,787
968,788
968,789
968,790
968,791
968,792
415,56
415,57
415,58
415,59
415,60
415,61
415,62
415,63
415,64
415,65
415,66
415,67
415,68
415,69
415,70
415,71
415,72
415,73
415,74
415,75
415,76
415,77
415,78
415,79
415,80
415,81
415,82
415,83
415,84
415,85
415,86
415,87
415,88
415,89
415,90
415,91
415,92
415,93
415,94
415,95
415,96
415,97
415,98
415,99
415,100
415,101
415,102
415,103
415,104
415,105
415,106
415,107
415,108
415,109
415,110
415,111
415,112
415,113
415,114
415,115
415,116
415,117
415,118
415,119
415,120
415,121
415,122
415,123
415,124
415,125
415,126
415,127
415,128
415,129
415,130
415,131
415,132
415,133
415,134
415,135
415,136
415,137
415,138
415,139
415,140
415,141
415,142
415,143
415,144
415,145
415,146
415,147
415,148
415,149
415,150
415,151
415,152
415,153
415,154
415,155
415,156
415,157
415,158
415,159
415,160
415,161
415,162
415,163
415,164
415,165
415,166
415,167
415,168
415,169
415,170
415,171
415,172
415,173
415,174
415,175
415,176
415,177
415,178
415,179
415,180
415,181
415,182
415,183
416,56
416,57
416,58
416,59
416,60
416,61
416,62
416,63
416,64
416,65
416,66
416,67
416,68
416,69
416,70
416,71
416,72
416,73
416,74
416,75
416,76
416,77
416,78
416,79
416,80
416,81
416,82
416,83
416,84
416,85
416,86
416,87
416,88
416,89
416,90
416,91
416,92
416,93
416,94
416,95
416,96
416,97
416,98
416,99
416,100
416,101
416,102
416,103
416,104
416,105
416,106
416,107
416,108
416,109
416,110
416,111
416,112
416,113
416,114
416,115
416,116
416,117
416,118
416,119
416,120
416,121
416,122
416,123
416,124
416,125
416,126
416,127
416,128
416,129
416,130
416,131
416,132
416,133
416,134
416,135
416,136
416,137
416,138
416,139
416,140
416,141
416,142
416,143
416,144
416,145
416,146
416,147
416,148
416,149
416,150
416,151
416,152
416,153
416,154
416,155
416,156
416,157
416,158
416,159
416,160
416,161
416,162
416,163
416,164
416,165
416,166
416,167
416,168
416,169
416,170
416,171
416,172
416,173
416,174
416,175
416,176
416,177
416,178
416,179
416,180
416,181
416,182
416,183
474,401
474,402
474,403
474,404
474,405
474,406
474,407
474,408
474,409
474,410
474,411
474,412
474,413
474,414
474,415
474,416
474,417
474,418
474,419
474,420
474,421
474,422
474,423
474,424
474,425
474,426
474,427
474,428
474,429
474,430
474,431
474,432
474,433
474,434
474,435
474,436
474,437
474,438
474,439
474,440
474,441
474,442
474,443
474,444
474,445
474,446
474,447
474,448
474,449
474,450
474,451
474,452
474,453
474,454
474,455
474,456
474,457
474,458
474,459
474,460
474,461
474,462
474,463
474,464
474,465
474,466
474,467
474,468
474,469
474,470
474,471
474,472
474,473
474,474
474,475
474,476
474,477
474,478
474,479
474,480
474,481
474,482
474,483
474,484
474,485
474,486
474,487
474,488
474,489
474,490
474,491
474,492
474,493
474,494
474,495
474,496
474,497
474,498
474,499
474,500
474,501
474,502
474,503
474,504
474,505
474,506
474,507
474,508
474,509
474,510
474,511
474,512
474,513
474,514
474,515
474,516
474,517
474,518
474,519
474,520
474,521
474,522
474,523
474,524
474,525
474,526
474,527
474,528
475,401
475,402
475,403
475,404
475,405
475,406
475,407
475,408
475,409
475,410
475,411
475,412
475,413
475,414
475,415
475,416
475,417
475,418
475,419
475,420
475,421
475,422
475,423
475,424
475,425
475,426
475,427
475,428
475,429
475,430
475,431
475,432
475,433
475,434
475,435
475,436
475,437
475,438
475,439
475,440
475,441
475,442
475,443
475,444
475,445
475,446
475,447
475,448
475,449
475,450
475,451
475,452
475,453
475,454
475,455
475,456
475,457
475,458
475,459
475,460
475,461
475,462
475,463
475,464
475,465
475,466
475,467
475,468
475,469
475,470
475,471
475,472
475,473
475,474
475,475
475,476
475,477
475,478
475,479
475,480
475,481
475,482
475,483
475,484
475,485
475,486
475,487
475,488
475,489
475,490
475,491
475,492
475,493
475,494
475,495
475,496
475,497
475,498
475,499
475,500
475,501
475,502
475,503
475,504
475,505
475,506
475,507
475,508
475,509
475,510
475,511
475,512
475,513
475,514
475,515
475,516
475,517
475,518
475,519
475,520
475,521
475,522
475,523
475,524
475,525
475,526
475,527
475,528