122,806
123,807
351,1011
352,1010
980,783
981,782
926,277
927,278
516,305
517,304
954,1014
955,1013
290,700
291,699
557,335
558,336
670,815
671,816
986,286
987,285
776,497
777,496
742,708
743,707
850,707
851,708
196,740
197,739
609,403
610,404
578,859
579,858
328,468
329,469
317,787
318,786
633,543
634,542
857,212
858,211
794,804
795,805
580,162
581,161
712,650
713,649
317,294
318,293
423,693
424,692
875,429
876,430
393,491
394,490
372,22
373,23
192,765
193,764
1000,323
1001,322
662,539
663,540
760,406
761,405
704,274
705,273
445,178
446,177
101,838
102,839
410,208
411,207
374,805
375,804
542,739
543,740
629,397
630,396
698,182
699,181
414,82
415,83
276,294
277,295
308,902
309,901
728,333
729,332
840,390
841,389
402,653
403,652
292,368
293,369
479,576
480,577
324,319
325,318
294,837
295,836
83,907
84,906
779,101
780,102
945,47
946,48
24,1012
25,1013
439,243
440,242
602,740
603,741
303,818
304,819
917,452
918,451
746,133
747,134
785,27
786,26
621,93
622,94
242,953
243,952
270,760
271,759
555,133
556,134
148,997
149,998
604,277
605,276
633,764
634,763
638,215
639,216
825,832
826,831
908,933
909,932
445,606
446,607
339,792
340,791
276,935
277,936
347,583
348,584
923,348
924,347
815,229
816,228
1016,177
1017,178
775,837
776,838
304,373
305,374
118,810
119,809
209,809
210,810
277,863
278,864
774,180
775,181
205,903
206,904
397,354
398,353
675,760
676,761
425,534
426,535
29,952
30,953
769,400
770,399
179,955
180,956
273,762
274,763
477,110
478,109
287,526
288,527
578,158
579,157
376,102
377,101
683,462
684,463
349,420
350,419
784,576
785,577
349,517
350,518
925,929
926,928
219,613
220,612
1019,926
1020,925
524,679
525,680
224,909
225,908
368,29
369,30
420,31
421,32
624,281
625,282
464,352
465,351
408,660
409,661
662,17
663,18
541,910
542,911
514,112
515,113
576,342
577,343
397,875
398,876
267,396
268,397
937,760
938,759
406,374
407,373
962,93
963,94
688,761
689,760
499,631
500,632
431,417
432,416
585,557
586,558
846,723
847,722
659,61
660,60
366,64
367,65
291,53
292,52
213,841
214,842
126,1012
127,1011
164,958
165,957
639,213
640,212
820,77
821,76
979,412
980,413
694,16
695,17
965,393
966,394
699,335
700,336
956,936
957,935
423,600
424,601
953,638
954,639
592,118
593,119
520,693
521,692
875,42
876,41
896,219
897,218
311,817
312,818
77,575
78,574
998,830
999,829
176,942
177,941
912,153
913,152
656,499
657,498
876,317
877,318
43,777
44,778
386,654
387,653
294,676
295,675
1006,698
1007,697
400,872
401,871
370,302
371,303
867,892
868,891
715,421
716,422
996,207
997,206
824,648
825,647
383,696
384,695
1022,910
1023,911
15,952
16,951
451,418
452,417
941,898
942,899
884,787
885,788
755,409
756,410
617,13
618,14
858,747
859,746
422,467
423,466
484,596
485,597
827,576
828,577
542,186
543,187
907,659
908,660
310,80
311,79
1023,86
1024,85
346,549
347,548
661,422
662,421
958,596
959,595
814,706
815,707
585,293
586,292
774,377
775,376
537,619
538,620
523,651
524,652
925,92
926,93
777,977
778,976
924,452
925,453
394,470
395,471
370,647
371,646
394,487
395,488
921,591
922,592
445,354
446,355
549,77
550,76
176,907
177,908
132,932
133,931
516,89
517,90
579,893
580,894
1001,704
1002,703
681,590
682,589
944,912
945,911
431,877
432,878
947,205
948,204
1013,878
1014,877
670,529
671,528
976,860
977,859
946,618
947,619
694,261
695,262
633,1023
634,1024
503,82
504,83
687,563
688,562
721,779
722,778
567,998
568,997
703,571
704,572
3,997
4,998
247,778
248,777
641,237
642,238
685,444
686,445
479,53
480,52
439,875
440,874
912,219
913,218
1005,375
1006,374
849,439
850,438
945,626
946,625
238,723
239,722
150,955
151,954
829,778
830,777
925,674
926,673
1006,41
1007,40
319,95
320,94
702,982
703,983
844,248
845,247
924,316
925,317
379,221
380,220
253,266
254,265
134,828
135,829
846,631
847,630
939,923
940,922
519,995
520,994
791,733
792,732
721,592
722,591
52,998
53,999
433,827
434,826
921,238
922,237
570,270
571,269
896,767
897,768
568,962
569,963
816,158
817,159
278,305
279,306
51,753
52,754
604,1021
605,1020
523,484
524,483
462,833
463,834
709,416
710,417
332,980
333,979
805,363
806,364
822,527
823,526
471,578
472,579
956,949
957,950
633,134
634,135
402,254
403,253
3,584
4,585
279,298
280,299
320,84
321,83
660,153
661,152
618,264
619,265
492,554
493,553
181,890
182,891
517,782
518,781
1010,683
1011,684
279,759
280,760
968,835
969,836
677,539
678,538
333,837
334,836
560,779
561,780
348,499
349,498
494,154
495,153
1018,684
1019,683
547,84
548,83
968,265
969,264
435,328
436,327
680,394
681,393
626,687
627,686
537,696
538,697
737,673
738,674
380,274
381,275
432,597
433,596
16,733
17,732
43,298
44,297
949,352
950,353
730,135
731,134
160,861
161,862
431,700
432,699
960,995
961,994
802,116
803,115
658,648
659,647
955,983
956,984
407,978
408,979
41,261
42,262
758,380
759,381
976,317
977,316
968,878
969,879
284,952
285,951
709,540
710,539
938,755
939,756
542,520
543,519
626,157
627,158
389,728
390,727
831,267
832,266
273,315
274,314
579,4
580,3
916,848
917,849
323,334
324,333
529,86
530,87
795,929
796,930
1017,314
1018,315
155,899
156,898
903,376
904,375
634,263
635,262
790,366
791,365
549,758
550,757
131,829
132,828
863,364
864,363
343,791
344,790
751,979
752,978
942,962
943,963
940,142
941,143
656,165
657,164
802,283
803,284
141,799
142,800
289,694
290,693
1014,319
1015,318
556,110
557,109
648,767
649,768
627,85
628,84
75,1021
76,1022
603,49
604,50
744,976
745,977
141,580
142,579
765,345
766,344
402,43
403,44
801,29
802,30
331,816
332,817
583,111
584,112
166,850
167,851
143,890
144,889
572,69
573,70
77,585
78,584
524,321
525,322
306,253
307,254
497,859
498,858
477,19
478,18
335,507
336,506
1016,121
1017,120
388,278
389,277
367,752
368,753
864,594
865,595
496,652
497,653
504,315
505,314
297,617
298,616
372,784
373,785
875,334
876,335
706,1023
707,1022
838,285
839,286
287,663
288,662
341,921
342,920
533,838
534,837
731,559
732,560
362,945
363,944
800,879
801,880
979,217
980,216
941,408
942,407
1015,252
1016,251
791,558
792,557
360,934
361,933
279,40
280,39
681,512
682,513
937,130
938,129
658,630
659,629
967,473
968,472
802,900
803,899
429,599
430,600
405,612
406,613
419,255
420,254
644,530
645,529
391,772
392,771
475,880
476,879
976,865
977,864
490,173
491,174
246,790
247,791
364,699
365,700
167,906
168,905
697,589
698,590
735,398
736,399
682,346
683,345
852,531
853,532
968,314
969,313
212,785
213,784
241,629
242,628
296,378
297,379
215,959
216,958
740,369
741,368
423,501
424,500
871,493
872,492
656,182
657,181
473,657
474,656
755,386
756,387
438,649
439,648
925,994
926,993
367,314
368,315
1009,536
1010,537
909,231
910,230
150,717
151,718
562,800
563,801
558,396
559,397
754,919
755,918
704,592
705,591
406,31
407,32
789,181
790,182
783,549
784,548
985,781
986,782
461,545
462,544
751,866
752,867
710,343
711,342
568,551
569,552
155,557
156,558
848,287
849,288
708,985
709,984
259,39
260,38
689,973
690,972
222,826
223,825
216,961
217,962
688,956
689,955
1006,19
1007,18
139,913
140,912
484,660
485,659
682,103
683,102
457,693
458,692
695,254
696,255
263,565
264,566
828,159
829,158
880,24
881,23
927,1024
928,1023
589,85
590,84
744,845
745,846
571,1021
572,1020
760,413
761,414
564,743
565,742
957,867
958,868
510,857
511,858
644,1007
645,1008
256,956
257,955
432,511
433,512
390,304
391,305
614,437
615,438
411,919
412,918
741,868
742,869
211,781
212,782
336,987
337,986
377,580
378,581
618,1024
619,1023
628,859
629,860
452,302
453,303
946,254
947,253
682,236
683,235
416,919
417,918
872,509
873,510
126,771
127,770
591,102
592,103
963,572
964,571
336,485
337,484
351,999
352,1000
810,535
811,534
932,67
933,68
839,654
840,653
77,772
78,771
410,187
411,186
394,269
395,270
168,863
169,864
133,758
134,759
478,974
479,975
694,237
695,236
293,882
294,883
294,327
295,328
365,71
366,70
419,603
420,604
993,128
994,129
689,353
690,352
880,497
881,498
602,800
603,799
470,420
471,421
325,251
326,250
954,39
955,38
294,1014
295,1015
434,212
435,211
327,511
328,512
959,923
960,922
139,724
140,725
169,595
170,594
204,626
205,627
635,796
636,797
675,516
676,515
995,532
996,533
63,1018
64,1019
574,891
575,892
1015,167
1016,168
17,1001
18,1000
351,959
352,960
938,218
939,219
442,875
443,876
393,887
394,886
1011,285
1012,284
893,628
894,627
427,383
428,382
488,183
489,182
323,358
324,359
573,669
574,668
844,781
845,782
959,417
960,418
497,729
498,730
677,960
678,959
969,856
970,855
670,475
671,474
955,239
956,238
665,722
666,721
838,995
839,996
445,20
446,21
853,543
854,544
574,329
575,328
174,681
175,682
79,749
80,748
371,943
372,944
1013,363
1014,364
528,703
529,704
465,520
466,521
483,622
484,621
387,804
388,803
343,303
344,302
468,78
469,77
76,1002
77,1001
286,948
287,949
452,198
453,199
465,640
466,641
458,53
459,52
311,108
312,107
700,480
701,481
379,228
380,227
1003,995
1004,996
324,817
325,816
897,991
898,992
412,535
413,534
390,869
391,868
931,927
932,928
268,636
269,637
407,143
408,142
167,909
168,910
406,116
407,115
422,715
423,716
819,631
820,630
468,511
469,512
12,576
13,577
501,699
502,698
316,583
317,582
677,939
678,940
297,649
298,648
708,755
709,756
412,247
413,248
341,863
342,864
231,790
232,789
599,930
600,929
303,874
304,875
454,24
455,25
713,95
714,94
756,275
757,274
621,116
622,117
871,1015
872,1016
599,733
600,732
652,885
653,886
525,842
526,843
9,742
10,743
688,514
689,515
43,934
44,933
723,559
724,560
291,124
292,123
575,959
576,958
989,294
990,295
474,489
475,490
876,836
877,835
403,589
404,588
865,1004
866,1003
122,936
123,937
1000,688
1001,687
815,630
816,631
615,617
616,618
440,540
441,539
834,578
835,577
297,694
298,695
643,258
644,259
368,610
369,611
381,598
382,597
112,938
113,939
540,752
541,753
737,763
738,762
1017,67
1018,66
220,953
221,952
603,701
604,700
53,959
54,958
472,417
473,418
900,991
901,992
964,74
965,73
600,843
601,844
870,846
871,847
106,736
107,735
421,655
422,654
731,344
732,343
423,199
424,198
391,631
392,632
395,891
396,892
478,567
479,566
755,779
756,778
771,19
772,18
764,182
765,181
181,603
182,602
987,97
988,98
360,715
361,714
976,717
977,718
675,687
676,688
820,710
821,709
175,976
176,975
962,246
963,247
712,683
713,684
665,12
666,13
592,14
593,15
1012,36
1013,37
514,299
515,300
969,247
970,246
19,941
20,940
945,69
946,70
352,132
353,133
461,139
462,138
808,364
809,365
719,583
720,584
520,668
521,667
657,708
658,707
613,634
614,635
567,1020
568,1019
973,242
974,241
55,753
56,754
827,286
828,287
302,1000
303,1001
780,981
781,980
619,647
620,646
502,174
503,175
1011,927
1012,926
958,138
959,139
646,474
647,473
933,585
934,584
219,627
220,628
608,474
609,473
360,770
361,771
700,401
701,402
499,598
500,599
970,112
971,113
469,1021
470,1022
36,767
37,768
196,719
197,718
279,248
280,247
812,330
813,331
500,625
501,626
350,630
351,631
649,1007
650,1008
360,599
361,600
561,300
562,301
888,812
889,813
1013,291
1014,290
888,583
889,584
402,342
403,343
5,1023
6,1024
402,693
403,692
1021,398
1022,397
641,280
642,281
910,666
911,667
625,194
626,193
502,161
503,160
862,688
863,687
736,976
737,975
405,959
406,958
437,701
438,702
412,827
413,826
709,96
710,95
792,579
793,578
108,924
109,923
862,249
863,248
731,962
732,961
194,967
195,968
680,958
681,957
671,49
672,50
629,728
630,729
711,488
712,489
959,430
960,429
850,189
851,190
212,884
213,883
841,770
842,771
312,64
313,63
262,544
263,543
749,362
750,363
709,882
710,883
975,767
976,766
365,846
366,847
625,824
626,823
519,739
520,740
489,461
490,460
810,909
811,908
965,263
966,264
648,453
649,452
435,508
436,507
334,899
335,900
792,838
793,839
278,966
279,967
820,208
821,209
615,738
616,739
253,840
254,839
759,841
760,842
534,937
535,936
12,979
13,978
968,847
969,848
940,771
941,770
874,838
875,839
563,690
564,691
784,138
785,139
493,135
494,136
263,975
264,974
615,1004
616,1005
159,815
160,814
933,73
934,74
386,492
387,491
90,786
91,785
722,302
723,303
588,257
589,258
470,31
471,32
470,863
471,864
300,315
301,316
285,875
286,874
951,276
952,275
731,852
732,851
117,844
118,843
634,539
635,538
532,162
533,163
566,154
567,155
703,238
704,239
835,503
836,502
993,232
994,233
396,581
397,582
595,396
596,395
784,99
785,98
504,69
505,70
466,618
467,619
670,764
671,763
365,914
366,913
743,303
744,304
673,490
674,489
582,328
583,327
278,259
279,258
201,888
202,887
327,855
328,854
295,641
296,642
722,334
723,333
815,201
816,200
68,747
69,748
826,786
827,787
292,59
293,60
551,3
552,4
710,329
711,330
261,6
262,5
41,734
42,735
932,844
933,845
1002,76
1003,77
983,164
984,165
667,939
668,938
423,474
424,475
441,9
442,10
43,820
44,819
284,859
285,858
739,19
740,18
923,754
924,755
241,597
242,596
267,788
268,787
282,688
283,689
415,206
416,205
881,567
882,566
717,771
718,772
396,650
397,651
501,486
502,485
225,891
226,890
618,151
619,152
523,649
524,648
352,902
353,901
750,903
751,902
691,563
692,562
718,276
719,275
81,957
82,956
221,793
222,792
834,1012
835,1013
760,946
761,947
311,1017
312,1016
923,74
924,75
453,52
454,53
427,560
428,559
924,938
925,937
738,530
739,531
862,257
863,258
884,905
885,904
287,510
288,509
707,16
708,15
817,21
818,22
1021,890
1022,889
390,292
391,293
965,113
966,112
454,34
455,35
973,263
974,262
670,233
671,232
669,479
670,478
894,387
895,386
461,524
462,525
723,807
724,808
1004,119
1005,118
272,524
273,525
445,617
446,618
597,224
598,223
648,124
649,123
964,783
965,784
389,587
390,586
701,471
702,470
415,502
416,501
263,788
264,787
584,811
585,812
351,634
352,633
417,145
418,144
265,359
266,360
995,360
996,359
566,280
567,281
845,679
846,678
165,834
166,835
572,315
573,316
561,334
562,333
712,755
713,756
925,156
926,157
919,602
920,603
291,1007
292,1008
933,62
934,63
759,895
760,896
932,941
933,940
888,966
889,967
552,846
553,847
300,222
301,223
423,826
424,827
546,506
547,505
961,673
962,672
484,699
485,698
436,591
437,592
828,653
829,652
622,38
623,37
947,53
948,54
478,516
479,517
51,279
52,278
184,935
185,934
244,982
245,983
928,95
929,94
159,853
160,852
485,887
486,888
635,299
636,300
482,503
483,504
877,168
878,169
355,864
356,863
247,991
248,990
881,941
882,942
133,564
134,563
805,178
806,179
933,892
934,891
281,973
282,974
673,13
674,12
251,628
252,627
114,774
115,775
385,179
386,180
592,966
593,967
504,575
505,576
564,965
565,966
1014,264
1015,263
496,591
497,592
1004,1017
1005,1016
288,831
289,830
22,980
23,981
454,345
455,344
612,185
613,186
1005,37
1006,36
534,707
535,706
276,350
277,351
612,594
613,595
806,28
807,29
912,6
913,5
345,516
346,517
591,808
592,809
523,475
524,474
430,351
431,350
917,421
918,420
1011,669
1012,668
950,95
951,96
764,67
765,66
773,843
774,844
293,289
294,288
108,808
109,809
941,949
942,948
683,515
684,516
898,589
899,588
158,817
159,818
941,858
942,857
358,918
359,919
142,893
143,894
595,844
596,843
443,887
444,888
295,732
296,731
407,211
408,212
593,184
594,185
1003,355
1004,354
651,91
652,90
434,514
435,513
176,911
177,910
506,45
507,44
433,409
434,408
867,905
868,906
142,730
143,731
892,800
893,801
696,364
697,363
614,269
615,268
697,565
698,564
216,944
217,943
309,323
310,324
788,893
789,892
407,396
408,397
1022,974
1023,973
860,1001
861,1002
221,959
222,960
284,290
285,289
873,413
874,414
625,289
626,290
779,451
780,450
941,782
942,783
699,430
700,431
708,930
709,929
896,831
897,830
168,957
169,958
356,250
357,249
293,803
294,804
373,781
374,780
463,698
464,697
460,613
461,614
584,710
585,709
665,635
666,634
848,665
849,666
668,267
669,266
594,922
595,923
769,437
770,436
408,25
409,26
596,280
597,281
965,99
966,100
361,800
362,799
141,275
142,276
381,225
382,224
145,915
146,916
908,205
909,206
322,68
323,69
1023,354
1024,353
32,276
33,277
254,898
255,899
982,322
983,323
978,166
979,167
327,423
328,424
345,648
346,649
479,712
480,713
407,445
408,444
384,1002
385,1001
660,362
661,361
38,760
39,759
139,788
140,787
961,558
962,559
774,666
775,665
160,612
161,611
536,318
537,319
419,612
420,613
413,816
414,817
330,546
331,545
472,183
473,184
431,548
432,547
465,512
466,513
853,257
854,256
475,450
476,451
314,876
315,877
845,703
846,702
963,852
964,851
917,131
918,130
527,965
528,964
928,445
929,444
611,119
612,120
378,617
379,616
469,621
470,620
617,298
618,299
963,835
964,834
239,708
240,707
683,537
684,538
690,462
691,461
1008,295
1009,296
520,113
521,112
312,815
313,814
965,944
966,943
444,523
445,524
432,576
433,577
421,489
422,488
586,777
587,776
2,261
3,260
760,938
761,937
315,398
316,397
46,568
47,569
826,19
827,20
312,965
313,966
635,199
636,198
55,788
56,787
1009,214
1010,213
530,888
531,887
1000,767
1001,766
1005,327
1006,326
845,387
846,388
899,1023
900,1024
873,843
874,844
671,497
672,498
833,662
834,663
911,76
912,75
544,257
545,258
904,813
905,812
1022,16
1023,15
257,890
258,889
724,793
725,792
448,978
449,979
2,267
3,268
489,724
490,723
469,84
470,85
615,12
616,11
322,47
323,48
300,814
301,815
865,248
866,247
861,556
862,557
703,945
704,946
359,627
360,626
276,639
277,638
328,454
329,453
260,988
261,989
1000,312
1001,311
877,494
878,495
254,923
255,924
778,568
779,567
78,903
79,902
245,767
246,768
326,773
327,774
747,584
748,583
972,838
973,837
667,262
668,263
602,655
603,654
766,843
767,842
399,629
400,630
881,502
882,501
231,803
232,804
416,390
417,391
666,684
667,683
984,980
985,981
352,964
353,965
950,380
951,379
506,1021
507,1022
894,931
895,932
403,67
404,66
25,933
26,932
549,134
550,133
624,181
625,182
604,830
605,829
786,818
787,819
451,816
452,815
886,335
887,334
612,700
613,701
921,174
922,175
675,154
676,153
244,578
245,579
368,866
369,865
524,748
525,747
53,894
54,895
321,802
322,801
884,360
885,361
466,398
467,399
970,69
971,70
278,915
279,914
827,527
828,526
584,858
585,857
415,548
416,549
684,756
685,757
380,777
381,778
713,430
714,429
259,814
260,815
638,203
639,202
285,904
286,905
919,956
920,955
626,361
627,360
559,888
560,889
938,65
939,66
369,957
370,956
1007,259
1008,258
167,936
168,935
775,891
776,892
737,540
738,541
619,802
620,803
80,899
81,900
611,288
612,287
698,400
699,399
1006,403
1007,402
278,331
279,330
564,765
565,764
661,873
662,874
825,708
826,707
588,328
589,329
460,75
461,74
12,267
13,266
965,913
966,914
25,736
26,735
482,508
483,507
733,266
734,267
687,800
688,801
280,1013
281,1012
795,375
796,374
364,949
365,948
1003,398
1004,397
580,1019
581,1018
889,746
890,745
215,583
216,584
975,807
976,808
429,536
430,535
547,229
548,230
1022,661
1023,660
723,369
724,370
441,649
442,648
589,221
590,220
380,579
381,580
698,385
699,384
221,581
222,580
160,604
161,605
373,304
374,303
896,169
897,170
234,962
235,963
345,942
346,941
506,54
507,55
769,405
770,404
809,22
810,21
184,938
185,939
532,307
533,306
404,80
405,81
300,434
301,433
368,16
369,15
276,51
277,50
103,760
104,761
558,280
559,281
568,321
569,322
748,867
749,868
225,804
226,803
444,409
445,410
957,843
958,842
964,1009
965,1008
338,890
339,891
880,49
881,50
389,451
390,452
935,864
936,863
975,99
976,100
667,942
668,943
598,369
599,370
182,662
183,661
867,894
868,895
901,1017
902,1018
922,366
923,365
985,81
986,82
260,397
261,398
334,66
335,67
593,1019
594,1018
221,905
222,906
608,396
609,395
995,1014
996,1013
699,194
700,195
795,822
796,823
267,402
268,403
668,447
669,446
1015,482
1016,481
215,649
216,648
72,920
73,919
874,268
875,267
192,781
193,780
678,236
679,235
769,394
770,395
210,838
211,839
634,719
635,718
388,685
389,686
800,256
801,257
7,773
8,772
402,982
403,981
1016,34
1017,35
566,151
567,150
226,989
227,988
210,870
211,871
767,340
768,341
295,315
296,314
991,314
992,315
441,564
442,565
294,848
295,849
572,28
573,27
592,485
593,486
526,782
527,783
717,539
718,538
622,577
623,578
572,889
573,888
893,805
894,804
321,767
322,766
748,782
749,781
708,433
709,434
594,1011
595,1012
528,671
529,670
264,979
265,978
282,715
283,716
373,292
374,293
353,767
354,768
467,539
468,538
327,937
328,936
352,317
353,316
635,761
636,760
950,265
951,266
850,538
851,539
50,988
51,987
273,91
274,90
948,808
949,809
942,250
943,249
459,594
460,593
797,819
798,820
265,827
266,826
1012,86
1013,87
693,498
694,499
44,873
45,872
882,770
883,771
780,210
781,209
854,668
855,667
727,805
728,804
493,692
494,693
983,971
984,970
972,872
973,873
300,250
301,251
952,269
953,268
394,905
395,906
108,584
109,585
1012,302
1013,301
272,985
273,986
434,657
435,656
783,845
784,846
315,309
316,308
435,618
436,619
573,693
574,694
328,231
329,232
357,885
358,884
795,979
796,980
1017,888
1018,889
682,443
683,442
360,316
361,317
637,130
638,131
241,593
242,592
311,282
312,281
112,881
113,882
420,145
421,144
281,904
282,903
508,475
509,476
519,173
520,172
328,482
329,483
528,962
529,961
470,304
471,305
206,607
207,606
584,706
585,707
406,549
407,550
842,551
843,552
43,910
44,911
426,699
427,700
32,280
33,279
395,236
396,237
1023,350
1024,351
645,313
646,314
256,917
257,918
871,362
872,361
392,288
393,287
623,356
624,357
579,79
580,80
822,929
823,930
787,333
788,332
696,308
697,307
295,381
296,382
301,307
302,306
993,134
994,135
709,607
710,606
748,920
749,921
118,1002
119,1001
610,879
611,878
424,19
425,18
447,211
448,210
745,829
746,830
607,234
608,233
733,464
734,465
467,606
468,607
146,975
147,976
941,831
942,830
459,241
460,242
765,849
766,848
513,620
514,621
419,192
420,193
76,292
77,293
281,818
282,819
994,132
995,131
898,816
899,817
708,959
709,960
773,263
774,264
444,373
445,372
939,834
940,835
924,486
925,487
806,805
807,804
168,836
169,837
268,338
269,337
683,406
684,407
534,709
535,710
539,856
540,857
815,197
816,198
487,879
488,880
478,1022
479,1021
354,627
355,626
833,515
834,514
542,262
543,263
318,281
319,280
535,159
536,158
859,803
860,804
593,312
594,311
956,114
957,113
980,608
981,609
552,911
553,910
530,647
531,646
315,842
316,841
569,112
570,111
362,616
363,617
932,4
933,3
156,265
157,266
970,325
971,324
46,814
47,815
656,402
657,403
86,968
87,969
734,955
735,954
413,235
414,234
421,75
422,76
642,542
643,541
302,838
303,837
315,300
316,301
568,846
569,845
951,604
952,605
958,615
959,616
606,455
607,456
686,311
687,310
891,216
892,217
546,134
547,133
986,63
987,62
976,696
977,697
1003,956
1004,955
1014,39
1015,38
650,308
651,307
832,181
833,182
472,718
473,717
801,835
802,836
508,725
509,726
143,931
144,932
809,572
810,573
507,258
508,257
994,18
995,17
610,868
611,869
743,181
744,180
733,907
734,906
277,960
278,959
45,989
46,988
338,927
339,926
753,930
754,931
393,869
394,868
535,985
536,984
160,935
161,934
181,667
182,666
899,930
900,929
936,570
937,571
685,346
686,347
590,213
591,214
632,468
633,469
656,643
657,642
195,802
196,801
1021,323
1022,322
152,900
153,899
988,266
989,267
314,918
315,917
60,1019
61,1020
819,835
820,834
904,815
905,816
613,680
614,679
756,818
757,817
816,184
817,183
626,765
627,764
606,857
607,856
752,124
753,123
218,259
219,260
745,870
746,869
969,107
970,108
827,638
828,639
601,425
602,424
642,37
643,36
928,116
929,115
574,79
575,78
435,23
436,24
842,675
843,674
525,635
526,636
421,168
422,169
486,74
487,75
431,652
432,653
849,267
850,266
748,871
749,872
718,135
719,136
710,476
711,477
411,12
412,13
601,911
602,912
667,972
668,971
925,463
926,464
492,712
493,711
354,873
355,872
548,1000
549,1001
382,36
383,37
841,741
842,740
807,587
808,586
347,867
348,868
565,613
566,614
323,78
324,77
285,587
286,588
192,773
193,772
929,243
930,242
260,227
261,228
409,786
410,787
382,113
383,114
447,994
448,995
676,271
677,272
86,759
87,758
402,607
403,608
169,608
170,609
314,946
315,945
376,853
377,852
352,642
353,643
624,647
625,648
36,981
37,980
281,892
282,891
970,176
971,175
46,901
47,900
371,849
372,848
760,955
761,956
517,547
518,546
620,684
621,683
977,196
978,195
703,384
704,385
778,491
779,490
62,951
63,950
625,364
626,363
853,298
854,299
720,369
721,370
954,177
955,178
691,738
692,737
341,983
342,982
284,777
285,776
733,819
734,818
409,642
410,641
386,202
387,201
971,321
972,322
923,721
924,722
78,796
79,797
798,261
799,262
837,522
838,521
640,659
641,660
842,758
843,757
860,77
861,78
732,869
733,870
152,720
153,721
778,436
779,435
386,515
387,514
714,546
715,547
466,419
467,418
104,897
105,896
285,87
286,86
856,820
857,821
713,334
714,335
325,750
326,749
1007,207
1008,208
686,629
687,630
441,211
442,210
874,467
875,468
622,749
623,748
667,10
668,11
527,618
528,619
751,958
752,959
628,826
629,827
901,972
902,971
838,622
839,621
286,547
287,546
280,369
281,368
584,804
585,803
436,249
437,248
10,273
11,272
949,781
950,782
699,1024
700,1023
366,626
367,627
563,173
564,172
385,391
386,390
143,957
144,956
896,131
897,132
221,591
222,590
988,993
989,992
248,567
249,566
826,538
827,539
1,577
2,576
967,772
968,773
856,247
857,248
738,24
739,23
336,474
337,473
402,15
403,16
784,40
785,39
677,972
678,973
295,206
296,207
233,577
234,576
597,335
598,336
38,575
39,576
758,386
759,385
292,696
293,697
98,856
99,857
678,263
679,262
543,1006
544,1005
505,784
506,783
532,608
533,607
727,586
728,587
293,711
294,712
835,630
836,631
284,594
285,595
454,920
455,919
115,856
116,857
621,225
622,226
918,614
919,615
296,506
297,505
171,924
172,925
767,363
768,364
999,196
1000,195
70,1023
71,1024
197,812
198,813
314,971
315,970
430,181
431,180
937,964
938,965
1013,51
1014,52
752,342
753,341
862,791
863,790
950,836
951,837
339,1000
340,999
884,868
885,867
811,144
812,145
449,12
450,11
436,597
437,598
148,862
149,861
813,569
814,570
483,426
484,427
367,597
368,596
893,1018
894,1017
680,323
681,322
427,341
428,340
900,278
901,277
616,827
617,826
289,1018
290,1017
638,472
639,473
451,132
452,131
221,587
222,588
168,640
169,641
755,20
756,19
844,376
845,377
858,891
859,890
260,378
261,377
673,573
674,574
1019,955
1020,956
286,771
287,770
1004,135
1005,134
1001,735
1002,736
421,189
422,188
710,333
711,332
543,754
544,755
242,818
243,819
378,283
379,284
675,1005
676,1006
716,803
717,804
725,536
726,535
453,376
454,375
380,265
381,264
141,718
142,717
321,41
322,40
416,26
417,25
601,618
602,617
917,991
918,992
693,560
694,559
147,743
148,742
196,816
197,815
644,33
645,32
555,615
556,616
579,481
580,480
387,945
388,946
679,478
680,477
229,764
230,763
20,947
21,946
282,912
283,913
887,932
888,931
184,871
185,870
312,54
313,55
739,844
740,843
271,93
272,94
643,700
644,701
432,481
433,480
496,701
497,700
897,196
898,195
826,350
827,349
181,853
182,852
289,120
290,121
807,909
808,908
613,917
614,918
525,690
526,691
522,152
523,151
343,916
344,915
906,227
907,226
707,167
708,166
232,634
233,635
776,381
777,380
26,981
27,980
406,170
407,169
423,1003
424,1002
832,711
833,712
394,516
395,517
268,662
269,661
746,367
747,368
181,849
182,850
733,902
734,903
992,921
993,920
94,564
95,563
618,846
619,847
602,964
603,965
155,613
156,612
958,888
959,889
560,317
561,316
41,585
42,586
34,789
35,788
532,598
533,597
653,377
654,378
411,789
412,788
643,722
644,723
100,942
101,943
852,723
853,724
220,785
221,784
941,394
942,395
532,717
533,716
17,966
18,967
790,820
791,819
292,859
293,860
351,750
352,749
867,269
868,268
693,304
694,303
383,249
384,248
893,380
894,381
823,785
824,784
836,249
837,248
953,415
954,414
507,737
508,736
752,136
753,135
699,567
700,568
872,115
873,114
332,717
333,716
645,355
646,354
652,118
653,117
1004,115
1005,116
33,585
34,584
285,789
286,790
518,619
519,618
602,661
603,660
558,843
559,842
972,9
973,10
283,10
284,9
255,977
256,976
827,444
828,443
198,769
199,770
447,379
448,378
994,169
995,168
308,594
309,595
371,588
372,589
179,973
180,974
10,916
11,917
889,777
890,776
562,282
563,281
311,93
312,94
839,18
840,17
533,713
534,712
460,559
461,560
183,958
184,957
662,134
663,135
125,885
126,884
631,620
632,619
183,609
184,610
1006,723
1007,724
434,494
435,495
848,381
849,382
162,898
163,897
423,243
424,242
1006,508
1007,509
219,903
220,902
898,941
899,942
915,861
916,862
594,11
595,10
75,928
76,929
628,835
629,834
962,545
963,544
439,284
440,285
802,330
803,329
966,129
967,128
987,628
988,629
346,408
347,409
340,771
341,772
341,255
342,254
614,264
615,263
43,732
44,733
835,18
836,19
532,922
533,923
403,277
404,276
948,188
949,187
517,701
518,702
515,616
516,617
996,242
997,241
921,595
922,596
851,90
852,91
361,725
362,724
1018,977
1019,978
775,568
776,567
681,313
682,312
571,885
572,886
27,775
28,774
648,184
649,183
553,901
554,902
216,600
217,601
794,567
795,566
732,362
733,363
945,841
946,840
304,165
305,164
70,956
71,957
824,332
825,333
609,1004
610,1003
456,488
457,489
868,161
869,162
47,808
48,807
980,625
981,626
298,802
299,803
646,284
647,285
142,946
143,945
522,623
523,624
672,782
673,783
708,652
709,653
956,905
957,906
740,182
741,183
864,803
865,804
115,938
116,937
114,1016
115,1017
315,776
316,777
856,160
857,161
1017,323
1018,322
975,331
976,332
829,997
830,996
848,449
849,448
641,249
642,250
985,47
986,48
359,899
360,898
767,899
768,898
352,997
353,996
794,897
795,896
754,1022
755,1021
699,949
700,948
807,614
808,615
606,757
607,758
269,60
270,59
875,905
876,906
605,715
606,714
296,591
297,592
369,676
370,677
275,978
276,977
888,1024
889,1023
518,93
519,92
697,518
698,519
535,773
536,772
279,836
280,837
732,573
733,572
811,312
812,313
905,134
906,133
320,32
321,33
640,180
641,179
584,258
585,259
1017,72
1018,71
691,438
692,439
273,299
274,298
439,806
440,807
387,614
388,615
295,266
296,265
895,400
896,399
408,120
409,119
437,208
438,207
575,952
576,951
429,851
430,852
371,904
372,905
968,160
969,159
435,630
436,631
266,2
267,3
620,954
621,955
1006,502
1007,501
883,801
884,800
396,942
397,943
905,362
906,361
527,666
528,665
111,280
112,279
122,773
123,774
512,79
513,80
334,1001
335,1000
487,562
488,563
34,590
35,589
633,662
634,663
182,1003
183,1004
617,707
618,706
322,116
323,115
174,864
175,865
182,911
183,912
359,617
360,616
965,566
966,565
253,917
254,916
566,1001
567,1000
720,304
721,305
620,669
621,670
756,425
757,424
850,357
851,358
145,946
146,945
426,31
427,32
885,521
886,520
769,448
770,447
531,760
532,761
101,768
102,769
210,596
211,595
104,830
105,829
399,244
400,245
359,8
360,7
714,653
715,652
453,187
454,188
158,888
159,887
612,14
613,15
608,1011
609,1012
337,911
338,910
810,548
811,549
669,688
670,687
817,1013
818,1014
1001,947
1002,948
56,990
57,989
7,744
8,745
327,508
328,507
738,954
739,953
352,651
353,652
966,1017
967,1018
275,37
276,36
313,16
314,17
257,262
258,263
425,879
426,878
433,311
434,310
625,480
626,479
515,1007
516,1006
581,841
582,840
435,462
436,463
696,670
697,669
535,643
536,644
426,657
427,656
861,799
862,800
324,62
325,63
391,210
392,211
797,772
798,773
504,152
505,153
364,748
365,749
655,566
656,565
838,903
839,904
741,363
742,364
660,702
661,701
698,243
699,242
340,861
341,860
819,294
820,295
975,671
976,672
429,219
430,218
564,114
565,113
874,717
875,718
620,697
621,698
908,653
909,652
287,12
288,11
971,636
972,635
969,123
970,124
991,944
992,943
611,913
612,914
219,885
220,886
138,766
139,765
981,277
982,276
312,755
313,756
746,904
747,903
526,518
527,519
379,761
380,762
713,366
714,367
598,959
599,958
599,882
600,883
907,666
908,667
482,647
483,648
643,190
644,189
688,289
689,290
457,529
458,528
251,573
252,572
671,1020
672,1019
966,239
967,240
608,621
609,620
991,696
992,695
166,816
167,817
794,709
795,708
655,231
656,230
351,908
352,907
127,846
128,845
88,782
89,783
535,702
536,703
419,583
420,582
552,808
553,809
680,542
681,541
610,135
611,136
745,68
746,69
516,744
517,743
927,347
928,348
767,537
768,536
584,53
585,52
414,270
415,271
335,562
336,561
871,839
872,840
147,820
148,819
884,166
885,165
637,739
638,738
90,296
91,295
666,567
667,566
726,560
727,561
594,768
595,767
665,487
666,488
308,281
309,282
546,299
547,298
956,932
957,933
488,714
489,713
518,838
519,839
948,195
949,196
197,735
198,734
268,54
269,53
389,418
390,419
480,880
481,879
839,890
840,891
187,924
188,923
468,74
469,75
1,731
2,730
301,587
302,586
865,729
866,728
309,92
310,91
688,449
689,450
889,383
890,382
915,580
916,579
888,162
889,163
706,529
707,528
982,952
983,953
283,888
284,889
889,237
890,236
337,960
338,959
260,247
261,246
1023,941
1024,940
777,555
778,554
951,154
952,155
767,476
768,475
44,774
45,773
812,732
813,731
682,685
683,686
414,345
415,346
427,359
428,360
552,135
553,136
690,815
691,816
935,186
936,185
537,475
538,474
394,968
395,967
604,394
605,395
1011,724
1012,723
530,79
531,80
623,206
624,205
563,731
564,730
736,332
737,333
587,774
588,773
459,590
460,591
976,519
977,518
487,551
488,550
450,429
451,430
279,725
280,726
485,78
486,77
991,951
992,952
566,214
567,215
928,52
929,51
366,33
367,32
365,45
366,44
492,723
493,722
685,278
686,277
422,404
423,405
571,927
572,926
903,285
904,286
508,910
509,909
517,154
518,155
1004,321
1005,320
527,69
528,68
501,322
502,323
741,572
742,571
341,375
342,374
617,181
618,180
932,842
933,841
701,417
702,418
432,586
433,585
612,475
613,476
344,965
345,964
584,798
585,797
518,43
519,42
290,717
291,716
417,387
418,388
324,837
325,836
740,820
741,821
503,462
504,461
654,352
655,351
701,778
702,777
690,525
691,526
425,715
426,716
360,737
361,736
171,606
172,605
132,874
133,873
923,414
924,415
394,759
395,758
477,924
478,923
438,614
439,615
316,64
317,63
928,746
929,747
340,213
341,214
932,230
933,229
713,446
714,445
443,880
444,879
171,628
172,627
784,385
785,386
345,505
346,506
630,783
631,784
492,527
493,526
392,243
393,244
244,586
245,585
962,339
963,340
1016,724
1017,725
545,250
546,249
451,695
452,694
308,512
309,513
622,541
623,540
935,132
936,133
703,530
704,529
219,669
220,670
790,717
791,716
292,38
293,37
781,276
782,275
71,276
72,275
834,870
835,869
311,66
312,67
368,290
369,289
722,123
723,124
483,711
484,712
34,575
35,574
227,585
228,586
917,1014
918,1015
886,286
887,285
470,176
471,175
75,1011
76,1012
426,876
427,875
1011,889
1012,888
292,130
293,131
482,889
483,888
710,819
711,818
107,935
108,934
600,886
601,885
245,963
246,962
829,662
830,661
727,592
728,591
659,780
660,781
625,434
626,435
119,933
120,934
445,658
446,657
560,985
561,984
376,225
377,226
524,181
525,182
657,806
658,805
416,466
417,467
787,378
788,377
341,308
342,307
1016,505
1017,506
361,719
362,718
860,591
861,592
929,595
930,596
776,443
777,444
393,275
394,276
472,632
473,633
932,571
933,570
376,907
377,906
871,722
872,721
645,328
646,329
224,870
225,871
864,830
865,831
632,952
633,953
629,90
630,89
252,671
253,672
139,811
140,812
367,547
368,546
391,345
392,344
335,253
336,254
560,5
561,6
108,779
109,778
320,377
321,378
155,857
156,858
722,812
723,813
914,992
915,991
545,7
546,6
612,683
613,684
528,733
529,734
788,432
789,431
589,616
590,615
320,293
321,294
767,673
768,672
849,676
850,677
491,113
492,114
918,970
919,971
850,581
851,580
637,1010
638,1011
527,626
528,625
642,616
643,617
766,895
767,896
666,98
667,97
691,451
692,450
966,806
967,805
987,644
988,645
809,705
810,704
405,653
406,652
687,230
688,229
665,689
666,688
221,981
222,980
980,581
981,582
802,374
803,375
897,962
898,961
669,563
670,564
841,779
842,778
936,973
937,972
964,551
965,552
594,217
595,218
322,712
323,711
824,654
825,653
532,178
533,179
310,584
311,583
774,383
775,384
505,16
506,17
481,550
482,549
83,968
84,969
674,179
675,180
580,596
581,595
704,953
705,952
284,839
285,840
742,856
743,857
687,756
688,757
782,540
783,541
687,442
688,441
650,709
651,708
795,54
796,55
706,582
707,583
408,649
409,650
642,262
643,261
886,228
887,229
673,1007
674,1008
573,840
574,841
123,916
124,917
597,796
598,797
902,352
903,351
371,10
372,9
381,267
382,268
778,361
779,362
209,756
210,757
557,905
558,904
295,639
296,638
348,443
349,442
806,98
807,97
746,898
747,897
534,304
535,305
606,784
607,785
108,850
109,849
1,567
2,566
362,7
363,6
843,227
844,228
347,468
348,469
385,725
386,726
239,951
240,952
669,518
670,517
677,665
678,666
471,516
472,515
332,334
333,335
88,1012
89,1013
647,487
648,488
372,751
373,752
976,248
977,249
868,718
869,717
311,514
312,513
536,635
537,634
658,828
659,827
501,110
502,111
677,304
678,305
773,964
774,965
971,232
972,233
845,556
846,557
357,846
358,845
46,734
47,735
477,158
478,157
1016,879
1017,880
368,615
369,616
703,389
704,388
837,540
838,539
861,932
862,931
537,251
538,250
216,840
217,839
953,11
954,10
986,960
987,959
573,293
574,294
169,582
170,581
134,756
135,755
345,617
346,618
270,766
271,767
777,86
778,87
413,251
414,250
184,925
185,926
432,114
433,113
227,969
228,970
376,241
377,242
601,257
602,256
60,563
61,562
73,942
74,941
977,6
978,7
288,332
289,331
838,529
839,528
660,182
661,183
1003,343
1004,342
139,731
140,732
991,4
992,5
244,763
245,764
991,1009
992,1008
367,603
368,604
518,962
519,961
744,948
745,947
578,294
579,293
303,379
304,380
394,996
395,997
50,1022
51,1023
823,541
824,542
128,802
129,801
153,972
154,973
1006,468
1007,467
644,163
645,162
720,313
721,312
947,304
948,303
317,82
318,83
489,630
490,629
423,293
424,294
396,402
397,401
420,210
421,209
334,881
335,882
293,908
294,909
804,265
805,266
698,495
699,496
398,167
399,166
637,577
638,576
655,243
656,244
627,587
628,588
636,772
637,771
207,987
208,988
673,432
674,433
43,811
44,812
635,625
636,624
213,594
214,593
568,76
569,77
540,552
541,553
394,497
395,496
665,541
666,540
559,268
560,269
527,161
528,160
712,223
713,224
454,521
455,522
747,910
748,911
825,203
826,202
427,348
428,349
566,305
567,304
333,243
334,242
414,151
415,150
596,763
597,764
362,632
363,631
634,1003
635,1002
22,999
23,998
763,417
764,416
352,148
353,147
259,345
260,344
953,6
954,5
402,562
403,561
414,72
415,73
483,31
484,30
441,579
442,578
457,432
458,431
941,420
942,419
381,30
382,31
402,699
403,700
878,190
879,189
277,857
278,858
192,268
193,269
1022,366
1023,365
989,1024
990,1023
252,568
253,567
309,833
310,834
662,650
663,649
622,537
623,538
714,284
715,285
995,345
996,344
102,892
103,893
233,612
234,613
567,835
568,834
530,556
531,557
46,863
47,864
592,250
593,251
923,47
924,48
827,564
828,563
646,263
647,264
866,239
867,240
825,906
826,905
1023,860
1024,861
441,832
442,833
717,320
718,321
619,391
620,392
741,931
742,930
986,263
987,264
820,724
821,723
827,533
828,532
241,966
242,967
334,37
335,36
437,36
438,35
752,591
753,592
731,322
732,323
396,623
397,624
620,472
621,471
486,174
487,175
328,431
329,430
78,893
79,894
972,643
973,644
856,1012
857,1011
512,72
513,73
891,444
892,445
629,668
630,669
356,842
357,841
297,426
298,427
425,711
426,712
268,549
269,550
295,737
296,738
593,221
594,220
2,263
3,264
714,43
715,44
204,581
205,582
1018,2
1019,3
664,914
665,913
1007,234
1008,235
19,747
20,746
415,12
416,13
470,61
471,62
281,887
282,886
675,540
676,541
331,777
332,776
376,625
377,626
247,294
248,293
586,414
587,413
282,679
283,678
673,622
674,621
490,154
491,153
900,230
901,231
792,892
793,893
489,135
490,136
468,440
469,441
554,131
555,130
949,833
950,832
100,776
101,775
931,867
932,868
709,514
710,515
655,222
656,223
969,78
970,79
525,646
526,647
831,687
832,688
996,275
997,276
888,1014
889,1015
341,270
342,269
623,305
624,304
625,76
626,77
381,1005
382,1004
891,424
892,425
623,407
624,408
985,965
986,964
257,972
258,971
399,558
400,559
467,544
468,545
256,584
257,585
69,775
70,776
349,459
350,458
392,472
393,473
417,63
418,62
589,314
590,313
211,923
212,922
358,53
359,52
684,196
685,195
98,794
99,793
737,546
738,547
71,1011
72,1012
704,783
705,782
708,322
709,321
466,206
467,205
192,919
193,920
606,1003
607,1004
944,334
945,335
619,784
620,785
740,810
741,809
833,848
834,847
264,16
265,15
362,979
363,980
768,572
769,573
480,152
481,151
902,168
903,169
361,663
362,662
284,109
285,108
676,753
677,754
914,516
915,517
622,242
623,241
660,633
661,634
423,807
424,806
965,290
966,291
90,587
91,586
549,186
550,187
45,748
46,749
705,6
706,7
814,895
815,894
807,665
808,666
280,935
281,936
939,399
940,400
626,541
627,540
603,679
604,678
954,400
955,399
329,594
330,595
327,958
328,957
617,323
618,322
214,682
215,681
867,77
868,76
499,180
500,181
711,574
712,575
941,804
942,805
390,601
391,600
773,234
774,233
752,848
753,847
471,875
472,874
287,665
288,666
604,1013
605,1014
97,917
98,918
561,992
562,993
87,747
88,746
652,60
653,61
186,672
187,673
891,430
892,431
125,1014
126,1015
537,614
538,613
424,622
425,623
944,611
945,610
810,114
811,113
282,299
283,300
383,801
384,800
39,768
40,769
718,505
719,504
140,747
141,748
503,738
504,739
861,218
862,219
68,574
69,575
304,170
305,169
564,76
565,77
109,754
110,755
419,97
420,96
532,432
533,431
799,895
800,894
551,162
552,163
286,54
287,53
584,695
585,696
429,242
430,243
460,517
461,516
722,378
723,377
960,598
961,599
810,628
811,627
718,240
719,241
751,777
752,778
989,977
990,978
417,694
418,695
539,925
540,924
420,59
421,60
113,791
114,792
766,419
767,420
906,678
907,679
311,125
312,124
750,810
751,811
922,699
923,698
600,336
601,337
749,947
750,946
265,833
266,832
715,688
716,687
644,741
645,742
461,135
462,134
670,657
671,658
769,330
770,331
662,641
663,640
211,567
212,566
428,461
429,462
563,289
564,290
4,770
5,771
355,622
356,621
172,885
173,886
577,171
578,170
518,575
519,576
400,578
401,577
630,748
631,747
301,320
302,319
642,739
643,738
370,997
371,998
944,274
945,275
849,964
850,965
962,10
963,11
874,1013
875,1012
868,298
869,299
59,910
60,911
618,366
619,365
987,680
988,679
846,832
847,831
920,776
921,775
632,405
633,406
800,266
801,267
943,57
944,56
496,400
497,399
303,816
304,815
894,827
895,828
1021,883
1022,884
534,321
535,322
488,698
489,699
67,279
68,280
200,782
201,781
344,851
345,850
983,703
984,702
735,452
736,451
450,253
451,254
582,358
583,359
129,785
130,784
50,953
51,952
49,293
50,294
135,872
136,873
590,595
591,596
394,634
395,633
622,159
623,158
195,822
196,821
622,1008
623,1009
837,831
838,832
102,806
103,807
1001,670
1002,671
383,195
384,196
232,632
233,631
964,538
965,537
506,549
507,548
415,162
416,161
651,36
652,35
354,788
355,789
504,962
505,961
468,650
469,651
47,884
48,885
742,558
743,557
710,266
711,265
924,1004
925,1003
747,1021
748,1022
174,622
175,623
1022,359
1023,358
702,358
703,359
114,822
115,821
264,763
265,764
833,208
834,209
713,570
714,571
138,1012
139,1011
948,155
949,154
359,385
360,384
789,947
790,946
938,745
939,746
506,612
507,613
324,1020
325,1019
740,916
741,915
608,360
609,361
454,536
455,535
792,27
793,28
470,878
471,879
474,846
475,847
953,378
954,377
586,314
587,313
283,332
284,333
944,859
945,860
945,803
946,804
865,535
866,536
701,476
702,475
421,651
422,652
285,308
286,309
537,583
538,584
831,289
832,288
741,346
742,345
512,17
513,18
555,801
556,802
808,333
809,332
862,210
863,209
742,757
743,756
182,630
183,629
433,593
434,594
767,948
768,949
852,690
853,689
804,945
805,946
277,929
278,930
959,437
960,436
861,618
862,619
709,103
710,102
212,846
213,845
985,2
986,1
449,438
450,437
371,840
372,841
465,864
466,865
338,884
339,883
565,80
566,81
568,890
569,891
809,569
810,570
267,976
268,977
688,459
689,458
925,1017
926,1018
677,560
678,559
1019,279
1020,280
540,847
541,846
631,677
632,678
836,562
837,563
693,598
694,597
354,859
355,860
262,104
263,103
1003,792
1004,793
86,279
87,280
790,709
791,710
1015,285
1016,284
486,463
487,462
855,619
856,620
623,396
624,397
145,806
146,807
680,306
681,305
137,810
138,809
799,550
800,549
56,782
57,781
419,91
420,90
524,659
525,658
70,948
71,947
10,895
11,894
513,844
514,843
419,660
420,659
135,839
136,840
920,167
921,166
298,76
299,77
662,391
663,392
291,48
292,47
1014,83
1015,82
791,571
792,572
862,521
863,520
385,718
386,717
473,77
474,78
431,966
432,967
596,122
597,121
25,943
26,942
975,711
976,710
677,9
678,10
747,575
748,574
871,268
872,267
642,812
643,813
361,915
362,914
418,189
419,188
958,801
959,802
1022,978
1023,977
149,872
150,871
360,261
361,262
582,646
583,645
516,613
517,612
441,978
442,977
740,8
741,7
542,313
543,314
698,445
699,446
551,72
552,71
623,273
624,272
631,658
632,657
316,69
317,68
798,785
799,784
44,260
45,261
113,767
114,766
373,102
374,101
617,9
618,10
858,217
859,216
264,366
265,365
678,670
679,669
289,84
290,85
752,302
753,303
934,615
935,616
661,890
662,891
137,947
138,946
371,247
372,246
352,142
353,143
1000,488
1001,489
274,317
275,318
669,587
670,588
61,756
62,757
747,937
748,938
1022,11
1023,12
787,705
788,704
1018,937
1019,938
837,535
838,536
867,964
868,963
372,5
373,6
937,241
938,242
826,717
827,716
378,790
379,789
556,225
557,224
1013,94
1014,93
294,694
295,693
34,760
35,759
452,196
453,195
494,417
495,418
1022,734
1023,735
359,866
360,865
432,242
433,243
610,694
611,695
502,299
503,298
384,806
385,805
681,319
682,320
408,888
409,889
871,488
872,487
590,89
591,88
385,610
386,611
440,38
441,39
835,534
836,533
408,699
409,700
539,520
540,519
295,305
296,304
692,853
693,852
735,409
736,410
418,625
419,626
792,913
793,912
822,584
823,585
975,62
976,63
451,272
452,273
961,316
962,317
123,870
124,869
422,195
423,196
130,815
131,816
380,4
381,3
216,606
217,607
796,146
797,145
326,74
327,75
974,494
975,495
66,1001
67,1002
610,152
611,153
86,774
87,773
611,172
612,171
366,368
367,369
172,974
173,975
696,340
697,339
581,51
582,52
219,856
220,857
887,738
888,739
762,389
763,388
463,375
464,374
921,930
922,931
695,823
696,822
383,884
384,885
791,146
792,145
1001,328
1002,327
821,529
822,530
779,879
780,880
597,903
598,902
908,239
909,240
6,976
7,975
472,356
473,355
556,82
557,81
724,981
725,980
357,283
358,282
519,20
520,19
497,130
498,129
517,667
518,666
168,821
169,822
278,899
279,898
677,407
678,406
1023,1001
1024,1002
390,202
391,201
879,362
880,363
358,980
359,981
587,268
588,269
644,719
645,720
617,817
618,816
796,219
797,220
1003,975
1004,976
728,530
729,529
827,671
828,672
631,691
632,690
425,28
426,27
505,172
506,171
256,606
257,607
954,84
955,85
678,685
679,684
424,238
425,237
721,279
722,278
880,610
881,609
610,176
611,175
527,178
528,177
100,790
101,791
905,68
906,67
310,5
311,6
520,83
521,84
823,710
824,711
827,436
828,437
537,641
538,640
624,827
625,828
270,623
271,622
790,302
791,303
997,218
998,217
790,783
791,782
21,262
22,261
499,629
500,628
282,374
283,375
458,607
459,608
264,318
265,317
417,699
418,698
699,962
700,963
332,724
333,725
292,914
293,915
344,997
345,996
71,589
72,590
15,964
16,963
634,56
635,55
375,791
376,790
686,808
687,807
1014,255
1015,256
272,61
273,62
579,383
580,382
252,761
253,762
106,827
107,828
529,111
530,110
830,783
831,784
235,945
236,944
562,508
563,507
923,658
924,657
1023,81
1024,80
321,24
322,23
683,393
684,392
997,643
998,644
275,69
276,68
6,758
7,757
867,50
868,49
355,651
356,652
984,180
985,179
953,636
954,635
750,906
751,905
964,76
965,77
34,296
35,295
214,632
215,631
718,262
719,263
959,812
960,813
571,305
572,306
876,360
877,361
778,479
779,478
280,964
281,963
707,135
708,134
458,995
459,994
196,708
197,707
1020,294
1021,293
209,789
210,790
568,359
569,360
859,586
860,587
865,338
866,339
683,35
684,36
497,241
498,242
162,717
163,716
952,410
953,409
493,133
494,132
272,332
273,331
824,566
825,567
312,750
313,751
279,747
280,746
306,247
307,246
22,944
23,943
853,574
854,573
900,358
901,357
953,586
954,585
374,222
375,221
946,41
947,40
415,369
416,370
39,786
40,785
705,598
706,599
692,233
693,232
872,1003
873,1004
354,251
355,252
1015,222
1016,223
673,565
674,564
708,290
709,291
543,180
544,179
630,874
631,875
264,1006
265,1005
987,1012
988,1013
735,637
736,636
541,27
542,26
899,42
900,41
959,351
960,352
894,585
895,584
653,181
654,180
237,712
238,711
219,965
220,964
139,778
140,777
282,600
283,601
454,659
455,660
127,777
128,778
20,1005
21,1004
363,636
364,635
602,651
603,650
615,994
616,993
623,777
624,776
387,949
388,948
944,928
945,927
180,906
181,907
99,576
100,577
746,181
747,180
870,687
871,688
978,285
979,284
964,161
965,160
270,821
271,820
618,859
619,858
19,574
20,573
261,336
262,337
381,240
382,241
233,603
234,604
655,670
656,669
317,814
318,815
871,822
872,821
655,488
656,487
468,784
469,783
479,504
480,503
898,63
899,62
924,863
925,864
710,364
711,363
373,706
374,707
619,481
620,480
427,368
428,367
433,44
434,43
443,47
444,48
46,903
47,904
559,925
560,926
739,570
740,569
860,840
861,839
763,691
764,690
341,803
342,804
155,654
156,653
672,624
673,625
90,1000
91,999
364,597
365,596
1,736
2,735
941,60
942,61
1021,489
1022,490
465,611
466,612
679,795
680,794
34,1020
35,1021
808,673
809,672
875,740
876,741
233,261
234,262
580,616
581,617
335,586
336,587
896,164
897,165
218,914
219,913
37,779
38,780
525,803
526,802
646,581
647,582
980,589
981,588
506,557
507,558
382,593
383,592
108,865
109,866
942,252
943,253
588,938
589,937
420,544
421,543
507,71
508,72
564,633
565,632
927,960
928,959
683,1012
684,1011
667,898
668,899
392,222
393,221
215,956
216,955
840,638
841,639
454,442
455,441
540,303
541,304
290,620
291,621
530,782
531,783
618,998
619,999
492,84
493,83
972,1020
973,1021
1022,793
1023,792
962,173
963,172
364,24
365,23
250,630
251,631
485,113
486,114
639,182
640,183
204,624
205,623
549,288
550,287
380,706
381,707
570,835
571,836
1018,55
1019,54
455,650
456,649
419,548
420,549
1011,858
1012,859
744,40
745,39
232,622
233,621
516,695
517,694
328,462
329,463
513,697
514,698
698,499
699,498
430,383
431,382
492,121
493,122
227,828
228,829
355,316
356,317
957,822
958,823
134,783
135,782
824,932
825,931
598,555
599,556
382,199
383,198
698,484
699,483
412,869
413,868
150,266
151,265
658,778
659,777
1008,201
1009,202
851,153
852,154
606,644
607,643
966,206
967,205
823,285
824,284
524,628
525,629
275,968
276,969
1,939
2,938
507,449
508,450
477,487
478,488
364,686
365,685
870,218
871,217
79,563
80,562
932,11
933,10
791,120
792,119
55,564
56,563
840,613
841,614
561,486
562,485
137,779
138,780
399,610
400,609
983,738
984,739
840,387
841,386
214,852
215,853
754,361
755,362
945,968
946,969
888,543
889,542
372,613
373,612
814,831
815,830
782,23
783,22
994,89
995,88
910,905
911,906
477,324
478,325
609,496
610,495
1001,261
1002,260
166,283
167,282
313,546
314,547
576,839
577,838
828,713
829,714
621,664
622,665
251,699
252,698
533,668
534,667
991,666
992,667
585,332
586,331
290,305
291,304
321,894
322,893
739,249
740,248
309,301
310,300
732,579
733,580
327,5
328,4
20,1001
21,1002
624,793
625,794
934,928
935,929
665,963
666,962