43,600
43,601
43,602
43,603
43,604
43,605
43,606
43,607
43,608
43,609
43,610
43,611
43,612
43,613
43,614
43,615
43,616
43,617
43,618
43,619
43,620
43,621
43,622
43,623
43,624
43,625
43,626
43,627
43,628
43,629
43,630
43,631
43,632
43,633
43,634
43,635
43,636
43,637
43,638
43,639
43,640
43,641
43,642
43,643
43,644
43,645
43,646
43,647
43,648
43,649
43,650
43,651
43,652
43,653
43,654
43,655
43,656
43,657
43,658
43,659
43,660
43,661
43,662
43,663
43,664
43,665
43,666
43,667
43,668
43,669
43,670
43,671
43,672
43,673
43,674
43,675
43,676
43,677
43,678
43,679
43,680
43,681
43,682
43,683
43,684
43,685
43,686
43,687
43,688
43,689
43,690
43,691
43,692
43,693
43,694
43,695
43,696
43,697
43,698
43,699
43,700
43,701
43,702
43,703
43,704
43,705
43,706
43,707
43,708
43,709
43,710
43,711
43,712
43,713
43,714
43,715
43,716
43,717
43,718
43,719
43,720
43,721
43,722
43,723
43,724
43,725
43,726
43,727
2,635
3,635
4,635
5,635
6,635
7,635
8,635
9,635
10,635
11,635
12,635
13,635
14,635
15,635
16,635
17,635
18,635
19,635
20,635
21,635
22,635
23,635
24,635
25,635
26,635
27,635
28,635
29,635
30,635
31,635
32,635
33,635
34,635
35,635
36,635
37,635
38,635
39,635
40,635
41,635
42,635
44,635
45,635
46,635
47,635
48,635
49,635
50,635
51,635
52,635
53,635
54,635
55,635
56,635
57,635
58,635
59,635
60,635
61,635
62,635
63,635
64,635
65,635
66,635
67,635
68,635
69,635
70,635
71,635
72,635
73,635
74,635
75,635
76,635
77,635
78,635
79,635
80,635
81,635
82,635
83,635
84,635
85,635
86,635
87,635
88,635
89,635
90,635
91,635
92,635
93,635
94,635
95,635
96,635
97,635
98,635
99,635
100,635
101,635
102,635
103,635
104,635
105,635
106,635
107,635
108,635
109,635
110,635
111,635
112,635
113,635
114,635
115,635
116,635
117,635
118,635
119,635
120,635
121,635
122,635
123,635
124,635
125,635
126,635
127,635
128,635
129,635