946,134
946,135
923,168
923,169
781,156
781,157
733,756
733,757
735,946
735,947
176,639
176,640
272,788
272,789
652,9
652,10
668,965
668,966
622,112
622,113
4,940
4,941
621,384
621,385
813,782
813,783
941,152
941,153
916,903
916,904
317,118
317,119
923,157
923,158
398,898
398,899
890,888
890,889
769,937
769,938
643,707
643,708
316,250
316,251
991,623
991,624
941,892
941,893
518,111
518,112
71,944
71,945
1020,313
1020,314
357,661
357,662
552,550
552,551
959,126
959,127
606,306
606,307
613,615
613,616
1010,194
1010,195
710,860
710,861
782,594
782,595
688,718
688,719
904,227
904,228
136,922
136,923
474,713
474,714
417,921
417,922
289,105
289,106
248,774
248,775
887,803
887,804
715,606
715,607
583,1002
583,1003
654,295
654,296
460,159
460,160
555,698
555,699
765,247
765,248
480,301
480,302
632,683
632,684
548,26
548,27
304,861
304,862
110,925
110,926
439,586
439,587
386,544
386,545
827,616
827,617
31,913
31,914
609,650
609,651
654,896
654,897
106,909
106,910
768,717
768,718
840,585
840,586
647,170
647,171
816,662
816,663
159,758
159,759
673,689
673,690
674,448
674,449
44,268
44,269
677,956
677,957
811,844
811,845
568,925
568,926
992,692
992,693
347,412
347,413
295,585
295,586
309,893
309,894
730,263
730,264
287,679
287,680
221,987
221,988
645,686
645,687
629,409
629,410
634,414
634,415
692,279
692,280
406,156
406,157
965,93
965,94
759,113
759,114
408,41
408,42
600,835
600,836
559,910
559,911
292,608
292,609
777,563
777,564
340,202
340,203
337,1007
337,1008
890,819
890,820
556,663
556,664
888,354
888,355
343,265
343,266
392,380
392,381
864,650
864,651
303,889
303,890
28,998
28,999
252,1022
252,1023
503,475
503,476
792,105
792,106
420,826
420,827
1018,282
1018,283
349,949
349,950
666,226
666,227
999,467
999,468
339,136
339,137
913,964
913,965
943,136
943,137
767,408
767,409
606,241
606,242
613,660
613,661
343,785
343,786
557,73
557,74
819,432
819,433
692,570
692,571
423,632
423,633
262,588
262,589
929,809
929,810
559,938
559,939
5,287
5,288
999,823
999,824
530,156
530,157
666,510
666,511
971,622
971,623
46,794
46,795
927,74
927,75
811,728
811,729
489,240
489,241
659,697
659,698
566,941
566,942
941,732
941,733
287,302
287,303
186,861
186,862
737,792
737,793
412,884
412,885
706,566
706,567
762,25
762,26
812,866
812,867
555,938
555,939
11,900
11,901
401,10
401,11
429,429
429,430
763,824
763,825
293,82
293,83
726,937
726,938
436,352
436,353
724,1021
724,1022
493,374
493,375
554,857
554,858
372,279
372,280
780,464
780,465
657,604
657,605
439,723
439,724
836,821
836,822
299,639
299,640
980,360
980,361
301,254
301,255
666,323
666,324
523,176
523,177
928,731
928,732
38,965
38,966
1,985
1,986
904,886
904,887
330,515
330,516
884,695
884,696
401,267
401,268
827,423
827,424
356,580
356,581
851,77
851,78
299,682
299,683
422,173
422,174
857,783
857,784
992,326
992,327
357,296
357,297
709,378
709,379
617,391
617,392
378,874
378,875
570,79
570,80
599,402
599,403
874,439
874,440
685,410
685,411
331,368
331,369
708,482
708,483
679,617
679,618
865,606
865,607
480,28
480,29
610,1018
610,1019
414,18
414,19
250,762
250,763
409,385
409,386
200,894
200,895
104,903
104,904
312,307
312,308
776,323
776,324
414,712
414,713
395,614
395,615
372,221
372,222
838,542
838,543
929,846
929,847
270,423
270,424
518,449
518,450
919,864
919,865
833,509
833,510
463,124
463,125
648,231
648,232
959,99
959,100
202,883
202,884
334,477
334,478
12,741
12,742
709,839
709,840
961,186
961,187
148,760
148,761
463,152
463,153
819,453
819,454
274,389
274,390
361,234
361,235
443,311
443,312
111,825
111,826
260,387
260,388
995,221
995,222
563,318
563,319
421,54
421,55
573,332
573,333
1015,406
1015,407
191,882
191,883
103,853
103,854
507,103
507,104
569,1001
569,1002
843,710
843,711
685,811
685,812
578,811
578,812
935,350
935,351
374,695
374,696
576,319
576,320
251,816
251,817
463,386
463,387
671,310
671,311
212,978
212,979
417,410
417,411
952,144
952,145
361,848
361,849
533,791
533,792
350,966
350,967
927,337
927,338
993,138
993,139
405,147
405,148
618,161
618,162
770,275
770,276
721,316
721,317
763,836
763,837
566,652
566,653
443,338
443,339
1012,80
1012,81
292,946
292,947
677,254
677,255
437,11
437,12
965,386
965,387
988,474
988,475
304,884
304,885
411,698
411,699
956,362
956,363
351,331
351,332
265,85
265,86
350,742
350,743
640,697
640,698
248,832
248,833
408,546
408,547
819,695
819,696
941,957
941,958
703,318
703,319
983,942
983,943
502,428
502,429
347,1014
347,1015
286,867
286,868
997,1020
997,1021
549,255
549,256
486,250
486,251
652,1001
652,1002
388,598
388,599
168,881
168,882
3,897
3,898
841,26
841,27
258,632
258,633
867,19
867,20
959,938
959,939
457,877
457,878
37,275
37,276
949,944
949,945
1023,565
1023,566
597,600
597,601
454,592
454,593
164,619
164,620
620,110
620,111
594,151
594,152
895,372
895,373
693,266
693,267
321,265
321,266
835,114
835,115
890,753
890,754
151,972
151,973
592,134
592,135
418,345
418,346
1004,787
1004,788
860,49
860,50
980,181
980,182
674,842
674,843
499,466
499,467
217,886
217,887
480,192
480,193
611,941
611,942
999,188
999,189
681,517
681,518
870,93
870,94
658,1015
658,1016
11,277
11,278
868,1003
868,1004
162,675
162,676
290,706
290,707
542,848
542,849
862,646
862,647
384,742
384,743
565,1013
565,1014
696,102
696,103
315,388
315,389
715,167
715,168
444,416
444,417
121,832
121,833
933,483
933,484
431,271
431,272
995,510
995,511
545,1019
545,1020
189,886
189,887
294,771
294,772
939,56
939,57
340,547
340,548
1023,719
1023,720
878,798
878,799
629,136
629,137
354,908
354,909
896,614
896,615
517,736
517,737
489,150
489,151
585,45
585,46
777,772
777,773
858,77
858,78
572,151
572,152
259,983
259,984
940,854
940,855
75,277
75,278
691,991
691,992
852,680
852,681
601,477
601,478
389,631
389,632
828,730
828,731
715,814
715,815
379,727
379,728
991,627
991,628
97,904
97,905
832,352
832,353
926,846
926,847
637,686
637,687
721,67
721,68
447,9
447,10
743,824
743,825
382,771
382,772
856,21
856,22
465,123
465,124
123,855
123,856
329,269
329,270
673,410
673,411
653,479
653,480
328,380
328,381
581,171
581,172
682,364
682,365
688,454
688,455
916,845
916,846
964,590
964,591
499,171
499,172
532,763
532,764
592,643
592,644
85,732
85,733
478,888
478,889
1014,742
1014,743
374,853
374,854
392,434
392,435
610,999
610,1000
715,667
715,668
1017,94
1017,95
656,102
656,103
419,943
419,944
304,319
304,320
73,277
73,278
235,594
235,595
6,930
6,931
966,370
966,371
28,584
28,585
483,102
483,103
477,615
477,616
428,254
428,255
125,768
125,769
324,303
324,304
494,614
494,615
421,865
421,866
927,152
927,153
66,896
66,897
615,595
615,596
753,924
753,925
186,663
186,664
864,396
864,397
486,65
486,66
466,131
466,132
253,289
253,290
583,735
583,736
890,845
890,846
467,68
467,69
334,472
334,473
576,84
576,85
680,418
680,419
496,18
496,19
752,313
752,314
407,583
407,584
581,82
581,83
270,361
270,362
45,924
45,925
1019,477
1019,478
842,1012
842,1013
145,958
145,959
355,941
355,942
754,400
754,401
280,769
280,770
420,723
420,724
539,158
539,159
481,482
481,483
582,630
582,631
276,908
276,909
197,829
197,830
312,970
312,971
280,173
280,174
282,764
282,765
384,628
384,629
871,411
871,412
827,724
827,725
313,788
313,789
322,886
322,887
693,223
693,224
849,740
849,741
163,932
163,933
501,64
501,65
335,996
335,997
245,582
245,583
989,649
989,650
861,660
861,661
767,501
767,502
660,829
660,830
851,576
851,577
993,294
993,295
324,743
324,744
383,167
383,168
468,743
468,744
599,725
599,726
996,818
996,819
616,764
616,765
413,998
413,999
269,755
269,756
392,944
392,945
627,351
627,352
916,527
916,528
574,939
574,940
680,458
680,459
956,927
956,928
1021,263
1021,264
828,830
828,831
793,652
793,653
706,302
706,303
523,639
523,640
343,271
343,272
637,653
637,654
962,493
962,494
324,764
324,765
261,573
261,574
307,291
307,292
590,217
590,218
634,119
634,120
352,977
352,978
561,45
561,46
11,1022
11,1023
316,190
316,191
709,690
709,691
977,674
977,675
1003,290
1003,291
428,715
428,716
534,692
534,693
394,405
394,406
949,430
949,431
902,443
902,444
903,432
903,433
763,921
763,922
102,898
102,899
402,167
402,168
918,346
918,347
322,726
322,727
372,274
372,275
633,161
633,162
629,579
629,580
84,290
84,291
1000,208
1000,209
907,961
907,962
586,277
586,278
961,99
961,100
961,70
961,71
441,520
441,521
329,750
329,751
803,254
803,255
32,748
32,749
650,296
650,297
626,94
626,95
960,231
960,232
503,630
503,631
652,650
652,651
96,911
96,912
849,369
849,370
548,618
548,619
817,146
817,147
594,294
594,295
277,1023
277,1024
158,807
158,808
658,759
658,760
550,507
550,508
346,801
346,802
974,205
974,206
502,509
502,510
281,845
281,846
797,690
797,691
350,735
350,736
666,285
666,286
778,924
778,925
231,776
231,777
852,758
852,759
549,847
549,848
502,575
502,576
340,787
340,788
478,89
478,90
421,104
421,105
480,186
480,187
228,607
228,608
604,888
604,889
265,293
265,294
904,443
904,444
536,82
536,83
421,206
421,207
719,1016
719,1017
588,80
588,81
677,801
677,802
480,71
480,72
407,238
407,239
444,376
444,377
1006,706
1006,707
1006,541
1006,542
274,115
274,116
621,254
621,255
703,276
703,277
447,528
447,529
866,911
866,912
415,482
415,483
28,770
28,771
374,164
374,165
156,687
156,688
846,226
846,227
337,980
337,981
599,773
599,774
821,197
821,198
961,526
961,527
964,327
964,328
358,666
358,667
785,906
785,907
665,942
665,943
1007,1007
1007,1008
159,866
159,867
962,350
962,351
576,780
576,781
643,471
643,472
418,110
418,111
65,596
65,597
782,906
782,907
468,692
468,693
363,780
363,781
391,144
391,145
689,404
689,405
773,329
773,330
287,767
287,768
472,555
472,556
517,29
517,30
387,852
387,853
951,812
951,813
677,327
677,328
397,630
397,631
201,868
201,869
61,574
61,575
993,61
993,62
964,70
964,71
770,664
770,665
310,549
310,550
922,756
922,757
653,299
653,300
1021,499
1021,500
992,983
992,984
612,337
612,338
645,438
645,439
702,181
702,182
748,372
748,373
674,485
674,486
752,514
752,515
646,498
646,499
928,467
928,468
653,326
653,327
180,619
180,620
377,718
377,719
812,378
812,379
1024,921
1024,922
83,882
83,883
653,645
653,646
745,709
745,710
709,815
709,816
804,666
804,667
446,546
446,547
394,832
394,833
261,540
261,541
21,986
21,987
179,939
179,940
648,570
648,571
364,815
364,816
847,644
847,645
783,841
783,842
272,34
272,35
328,778
328,779
156,906
156,907
512,161
512,162
592,934
592,935
383,716
383,717
928,473
928,474
867,545
867,546
354,920
354,921
962,218
962,219
987,689
987,690
924,441
924,442
803,429
803,430
78,922
78,923
364,835
364,836
910,1014
910,1015
282,216
282,217
163,630
163,631
651,918
651,919
176,944
176,945
828,500
828,501
433,62
433,63
310,801
310,802
770,919
770,920
862,717
862,718
101,925
101,926
1019,73
1019,74
655,441
655,442
647,996
647,997
1023,382
1023,383
636,310
636,311
494,566
494,567
531,182
531,183
655,359
655,360
3,962
3,963
691,800
691,801
595,808
595,809
975,67
975,68
648,455
648,456
383,46
383,47
668,656
668,657
676,574
676,575
609,940
609,941
167,590
167,591
617,869
617,870
534,134
534,135
872,161
872,162
667,132
667,133
742,232
742,233
894,577
894,578
498,504
498,505
904,415
904,416
386,451
386,452
513,730
513,731
215,590
215,591
147,902
147,903
942,727
942,728
402,967
402,968
160,616
160,617
667,269
667,270
553,45
553,46
313,986
313,987
218,863
218,864
330,985
330,986
925,852
925,853
277,262
277,263
389,493
389,494
606,913
606,914
564,1003
564,1004
414,619
414,620
653,972
653,973
779,20
779,21
322,57
322,58
257,961
257,962
649,263
649,264
448,178
448,179
702,758
702,759
453,208
453,209
49,929
49,930
557,52
557,53
305,12
305,13
1001,275
1001,276
366,261
366,262
138,905
138,906
424,14
424,15
779,108
779,109
23,587
23,588
748,827
748,828
420,371
420,372
341,281
341,282
194,754
194,755
421,699
421,700
956,785
956,786
461,650
461,651
223,263
223,264
904,678
904,679
754,782
754,783
566,727
566,728
803,397
803,398
392,604
392,605
533,796
533,797
423,283
423,284
104,859
104,860
894,115
894,116
717,283
717,284
824,841
824,842
791,100
791,101
619,242
619,243
769,778
769,779
853,22
853,23
355,667
355,668
557,170
557,171
127,765
127,766
770,930
770,931
544,508
544,509
713,503
713,504
177,873
177,874
467,830
467,831
362,32
362,33
48,971
48,972
417,591
417,592
628,887
628,888
68,786
68,787
936,362
936,363
400,584
400,585
604,691
604,692
271,121
271,122
681,302
681,303
698,341
698,342
962,119
962,120
557,773
557,774
475,543
475,544
616,916
616,917
404,195
404,196
553,184
553,185
195,917
195,918
582,575
582,576
957,899
957,900
167,946
167,947
794,23
794,24
801,588
801,589
557,3
557,4
374,54
374,55
349,811
349,812
949,1011
949,1012
797,661
797,662
967,119
967,120
634,382
634,383
471,19
471,20
969,271
969,272
874,242
874,243
53,572
53,573
829,121
829,122
279,59
279,60
657,161
657,162
226,602
226,603
298,732
298,733
407,270
407,271
535,507
535,508
801,479
801,480
452,24
452,25
419,124
419,125
999,848
999,849
486,556
486,557
456,630
456,631
530,1005
530,1006
745,959
745,960
617,769
617,770
510,156
510,157
444,979
444,980
101,873
101,874
501,964
501,965
991,966
991,967
301,206
301,207
590,628
590,629
470,824
470,825
943,931
943,932
386,688
386,689
699,561
699,562
965,349
965,350
614,656
614,657
215,870
215,871
350,461
350,462
465,947
465,948
634,316
634,317
789,915
789,916
32,905
32,906
852,839
852,840
621,660
621,661
710,5
710,6
928,1016
928,1017
353,815
353,816
301,31
301,32
242,573
242,574
907,161
907,162
368,735
368,736
377,749
377,750
408,918
408,919
203,862
203,863
616,75
616,76
184,839
184,840
945,781
945,782
966,879
966,880
735,431
735,432
233,842
233,843
277,989
277,990
115,812
115,813
399,903
399,904
510,506
510,507
278,234
278,235
417,498
417,499
863,507
863,508
565,552
565,553
701,605
701,606
455,400
455,401
985,294
985,295
792,881
792,882
626,767
626,768
643,460
643,461
445,238
445,239
263,8
263,9
44,1013
44,1014
743,916
743,917
957,837
957,838
574,879
574,880
415,241
415,242
296,595
296,596
417,378
417,379
845,699
845,700
716,458
716,459
739,391
739,392
692,1008
692,1009
675,243
675,244
1011,917
1011,918
506,924
506,925
353,21
353,22
384,513
384,514
605,318
605,319
538,1009
538,1010
975,740
975,741
897,393
897,394
344,256
344,257
368,764
368,765
757,304
757,305
145,278
145,279
528,130
528,131
524,712
524,713
40,778
40,779
452,653
452,654
644,767
644,768
562,909
562,910
750,826
750,827
538,122
538,123
738,123
738,124
432,161
432,162
338,929
338,930
950,242
950,243
412,241
412,242
510,741
510,742
552,52
552,53
374,816
374,817
608,1007
608,1008
754,378
754,379
6,573
6,574
605,291
605,292
535,845
535,846
284,1005
284,1006
752,805
752,806
259,495
259,496
736,689
736,690
267,553
267,554
196,743
196,744
606,349
606,350
870,691
870,692
1005,11
1005,12
170,590
170,591
954,346
954,347
584,941
584,942
448,648
448,649
451,649
451,650
887,595
887,596
483,569
483,570
382,890
382,891
460,181
460,182
168,931
168,932
889,905
889,906
835,639
835,640
805,671
805,672
920,964
920,965
990,189
990,190
128,899
128,900
970,792
970,793
367,293
367,294
310,843
310,844
124,953
124,954
580,110
580,111
241,610
241,611
996,35
996,36
1007,788
1007,789
1021,34
1021,35
9,590
9,591
941,427
941,428
705,357
705,358
343,282
343,283
766,149
766,150
543,81
543,82
625,706
625,707
42,799
42,800
811,537
811,538
334,421
334,422
324,833
324,834
442,728
442,729
747,389
747,390
201,828
201,829
643,980
643,981
971,2
971,3
678,748
678,749
695,333
695,334
969,852
969,853
66,924
66,925
667,708
667,709
366,785
366,786
19,794
19,795
207,963
207,964
634,91
634,92
953,676
953,677
728,690
728,691
357,432
357,433
763,566
763,567
621,811
621,812
491,522
491,523
685,861
685,862
354,842
354,843
626,394
626,395
185,630
185,631
366,746
366,747
429,453
429,454
841,1001
841,1002
640,138
640,139
304,308
304,309
200,873
200,874
965,556
965,557
228,908
228,909
892,811
892,812
608,893
608,894
549,808
549,809
702,244
702,245
237,973
237,974
996,581
996,582
35,987
35,988
951,785
951,786
742,254
742,255
453,724
453,725
235,628
235,629
145,924
145,925
374,839
374,840
863,796
863,797
799,16
799,17
549,223
549,224
706,609
706,610
674,650
674,651
946,249
946,250
829,411
829,412
623,543
623,544
565,696
565,697
323,130
323,131
956,746
956,747
656,172
656,173
875,406
875,407
188,899
188,900
590,925
590,926
891,353
891,354
1016,231
1016,232
410,593
410,594
749,103
749,104
580,396
580,397
418,136
418,137
593,836
593,837
225,943
225,944
269,5
269,6
845,638
845,639
819,397
819,398
116,795
116,796
131,1011
131,1012
395,431
395,432
347,271
347,272
685,889
685,890
378,31
378,32
893,658
893,659
660,485
660,486
427,501
427,502
732,564
732,565
635,190
635,191
287,550
287,551
1012,572
1012,573
392,712
392,713
1019,99
1019,100
705,165
705,166
469,631
469,632
843,824
843,825
783,113
783,114
378,745
378,746
960,39
960,40
874,367
874,368
962,343
962,344
982,628
982,629
527,475
527,476
691,403
691,404
33,901
33,902
531,1010
531,1011
174,846
174,847
709,278
709,279
449,407
449,408
659,128
659,129
537,840
537,841
959,82
959,83
1015,489
1015,490
735,492
735,493
793,100
793,101
968,628
968,629
749,405
749,406
353,516
353,517
277,941
277,942
446,626
446,627
554,797
554,798
482,613
482,614
470,539
470,540
686,588
686,589
257,895
257,896
143,914
143,915
883,42
883,43
263,993
263,994
960,899
960,900
372,385
372,386
789,627
789,628
585,784
585,785
679,1005
679,1006
120,827
120,828
773,37
773,38
350,165
350,166
356,412
356,413
61,275
61,276
909,151
909,152
947,277
947,278
466,485
466,486
737,375
737,376
604,669
604,670
651,994
651,995
835,197
835,198
447,584
447,585
547,120
547,121
815,394
815,395
358,27
358,28
267,62
267,63
920,925
920,926
274,31
274,32
959,586
959,587
379,869
379,870
999,237
999,238
675,645
675,646
379,185
379,186
474,129
474,130
516,609
516,610
980,333
980,334
291,886
291,887
471,375
471,376
556,752
556,753
786,397
786,398
516,314
516,315
361,710
361,711
579,906
579,907
424,650
424,651
776,930
776,931
1011,533
1011,534
976,39
976,40
629,754
629,755
382,853
382,854
171,558
171,559
793,711
793,712
539,844
539,845
840,859
840,860
546,810
546,811
325,23
325,24
1023,728
1023,729
391,921
391,922
635,473
635,474
668,416
668,417
82,574
82,575
658,742
658,743
583,957
583,958
456,603
456,604
48,891
48,892
178,885
178,886
41,754
41,755
610,96
610,97
136,588
136,589
613,573
613,574
361,841
361,842
939,954
939,955
608,367
608,368
404,331
404,332
303,877
303,878
168,587
168,588
966,594
966,595
697,748
697,749
871,866
871,867
936,991
936,992
432,977
432,978
859,964
859,965
904,657
904,658
310,50
310,51
810,866
810,867
500,92
500,93
984,129
984,130
196,835
196,836
990,1017
990,1018
607,935
607,936
993,9
993,10
615,644
615,645
169,871
169,872
345,314
345,315
740,873
740,874
36,762
36,763
454,517
454,518
737,967
737,968
690,634
690,635
36,784
36,785
671,700
671,701
844,787
844,788
967,185
967,186
628,842
628,843
142,920
142,921
269,986
269,987
455,410
455,411
751,565
751,566
947,81
947,82
143,576
143,577
120,883
120,884
449,374
449,375
710,942
710,943
407,62
407,63
356,980
356,981
386,288
386,289
542,674
542,675
581,175
581,176
951,599
951,600
580,90
580,91
952,912
952,913
626,136
626,137
625,318
625,319
921,339
921,340
985,486
985,487
880,788
880,789
982,180
982,181
576,135
576,136
356,449
356,450
961,65
961,66
126,842
126,843
414,914
414,915
365,742
365,743
372,35
372,36
233,267
233,268
694,995
694,996
61,920
61,921
196,940
196,941
374,32
374,33
703,630
703,631
350,850
350,851
686,968
686,969
731,636
731,637
639,647
639,648
896,965
896,966
56,790
56,791
175,643
175,644
224,811
224,812
578,932
578,933
303,315
303,316
733,524
733,525
848,413
848,414
159,781
159,782
420,344
420,345
1004,542
1004,543
366,84
366,85
941,275
941,276
415,866
415,867
941,247
941,248
321,863
321,864
730,67
730,68
903,320
903,321
602,917
602,918
117,916
117,917
513,626
513,627
982,642
982,643
1005,4
1005,5
744,807
744,808
754,581
754,582
631,880
631,881
481,652
481,653
533,753
533,754
464,870
464,871
757,332
757,333
798,27
798,28
810,29
810,30
730,563
730,564
881,606
881,607
336,853
336,854
734,442
734,443
380,863
380,864
839,192
839,193
402,283
402,284
292,104
292,105
273,75
273,76
153,918
153,919
166,641
166,642
603,1002
603,1003
584,87
584,88
986,786
986,787
999,471
999,472
72,572
72,573
113,906
113,907
839,728
839,729
754,816
754,817
876,843
876,844
474,378
474,379
618,368
618,369
1009,831
1009,832
315,382
315,383
197,954
197,955
1018,971
1018,972
685,642
685,643
816,247
816,248
857,371
857,372
422,420
422,421
856,367
856,368
714,734
714,735
363,584
363,585
1003,784
1003,785
815,378
815,379
210,800
210,801
758,262
758,263
373,176
373,177
952,818
952,819
832,592
832,593
674,836
674,837
340,627
340,628
753,838
753,839
976,105
976,106
918,268
918,269
301,397
301,398
333,519
333,520
698,414
698,415
670,163
670,164
43,979
43,980
952,594
952,595
76,959
76,960
578,647
578,648
17,757
17,758
287,719
287,720
682,167
682,168
343,287
343,288
292,623
292,624
239,979
239,980
267,410
267,411
491,441
491,442
328,25
328,26
822,535
822,536
976,724
976,725
599,621
599,622
205,593
205,594
1021,899
1021,900
991,277
991,278
959,396
959,397
150,925
150,926
340,799
340,800
1015,381
1015,382
534,801
534,802
397,43
397,44
354,203
354,204
19,597
19,598
934,626
934,627
416,395
416,396
911,239
911,240
473,83
473,84
837,716
837,717
270,571
270,572
965,534
965,535
688,235
688,236
635,293
635,294
639,287
639,288
214,678
214,679
1013,57
1013,58
340,210
340,211
645,827
645,828
825,588
825,589
745,850
745,851
966,400
966,401
838,612
838,613
248,744
248,745
571,858
571,859
321,748
321,749
1015,85
1015,86
1006,498
1006,499
654,1016
654,1017
201,976
201,977
489,610
489,611
696,841
696,842
816,404
816,405
1007,321
1007,322
937,828
937,829
562,322
562,323
79,917
79,918
327,331
327,332
112,891
112,892
687,389
687,390
386,238
386,239
81,943
81,944
381,46
381,47
677,446
677,447
454,379
454,380
462,864
462,865
617,216
617,217
598,40
598,41
73,906
73,907
682,380
682,381
970,858
970,859
106,820
106,821
589,228
589,229
340,196
340,197
681,495
681,496
500,553
500,554
1013,244
1013,245
435,12
435,13
198,868
198,869
782,665
782,666
673,223
673,224
622,976
622,977
484,81
484,82
346,1011
346,1012
1009,317
1009,318
148,770
148,771
310,11
310,12
1007,436
1007,437
807,581
807,582
803,907
803,908
97,296
97,297
33,736
33,737
263,23
263,24
652,720
652,721
497,517
497,518
797,87
797,88
770,55
770,56
407,293
407,294
864,676
864,677
608,278
608,279
395,585
395,586
1001,982
1001,983
245,745
245,746
185,680
185,681
513,719
513,720
947,962
947,963
945,36
945,37
737,168
737,169
265,51
265,52
81,925
81,926
944,640
944,641
375,22
375,23
505,27
505,28
812,818
812,819
265,362
265,363
314,608
314,609
214,265
214,266
67,991
67,992
897,416
897,417
283,401
283,402
405,108
405,109
463,344
463,345
435,389
435,390
231,811
231,812
270,382
270,383
187,656
187,657
943,317
943,318
646,433
646,434
633,1013
633,1014
987,240
987,241
307,800
307,801
615,933
615,934
491,510
491,511
657,775
657,776
613,880
613,881
38,938
38,939
609,263
609,264
585,264
585,265
551,303
551,304
498,795
498,796
444,59
444,60
653,239
653,240
301,368
301,369
726,828
726,829
618,199
618,200
292,78
292,79
269,604
269,605
768,150
768,151
617,682
617,683
698,14
698,15
623,821
623,822
571,617
571,618
212,578
212,579
766,209
766,210
933,630
933,631
359,870
359,871
595,13
595,14
491,718
491,719
645,350
645,351
423,539
423,540
405,162
405,163
774,302
774,303
967,64
967,65
703,340
703,341
673,293
673,294
516,466
516,467
599,839
599,840
549,841
549,842
410,548
410,549
347,986
347,987
815,772
815,773
771,345
771,346
561,214
561,215
736,583
736,584
218,812
218,813
964,365
964,366
801,563
801,564
475,183
475,184
708,412
708,413
465,717
465,718
638,697
638,698
624,329
624,330
411,560
411,561
429,921
429,922
669,323
669,324
358,592
358,593
638,560
638,561
939,821
939,822
624,624
624,625
523,936
523,937
219,916
219,917
461,54
461,55
156,894
156,895
295,301
295,302
975,1019
975,1020
357,290
357,291
735,925
735,926
521,712
521,713
582,291
582,292
16,597
16,598
1000,745
1000,746
884,835
884,836
463,103
463,104
199,736
199,737
977,873
977,874
536,19
536,20
402,102
402,103
632,578
632,579
657,425
657,426
986,42
986,43
826,511
826,512
891,758
891,759
919,89
919,90
601,221
601,222
513,649
513,650
538,794
538,795
681,402
681,403
390,653
390,654
197,796
197,797
339,1007
339,1008
685,471
685,472
280,14
280,15
987,5
987,6
578,641
578,642
265,329
265,330
926,968
926,969
538,177
538,178
444,508
444,509
495,740
495,741
554,1009
554,1010
497,629
497,630
613,321
613,322
995,282
995,283
403,140
403,141
25,1002
25,1003
153,277
153,278
896,795
896,796
830,115
830,116
720,572
720,573
836,49
836,50
612,260
612,261
281,551
281,552
945,195
945,196
967,1022
967,1023
797,869
797,870
823,780
823,781
499,516
499,517
268,598
268,599
597,806
597,807
460,466
460,467
685,845
685,846
144,591
144,592
546,936
546,937
687,284
687,285
608,269
608,270
733,469
733,470
297,748
297,749
921,822
921,823
472,588
472,589
217,946
217,947
670,788
670,789
9,1010
9,1011
306,231
306,232
966,1001
966,1002
478,653
478,654
915,1003
915,1004
671,315
671,316
1006,431
1006,432
977,265
977,266
423,777
423,778
360,307
360,308
678,347
678,348
270,16
270,17
329,587
329,588
265,971
265,972
597,1008
597,1009
917,246
917,247
91,807
91,808
699,248
699,249
255,854
255,855
581,55
581,56
675,765
675,766
841,218
841,219
421,498
421,499
595,945
595,946
806,912
806,913
581,335
581,336
692,399
692,400
617,254
617,255
988,941
988,942
964,952
964,953
30,966
30,967
134,836
134,837
70,764
70,765
952,400
952,401
729,43
729,44
411,887
411,888
862,743
862,744
850,500
850,501
564,54
564,55
289,100
289,101
702,451
702,452
318,75
318,76
752,39
752,40
679,582
679,583
807,264
807,265
585,575
585,576
304,1006
304,1007
606,631
606,632
723,96
723,97
1020,909
1020,910
391,413
391,414
569,356
569,357
746,865
746,866
983,646
983,647
804,184
804,185
58,766
58,767
969,451
969,452
754,586
754,587
413,943
413,944
270,433
270,434
957,66
957,67
277,579
277,580
374,898
374,899
968,156
968,157
576,775
576,776
533,699
533,700
270,87
270,88
902,365
902,366
98,813
98,814
19,800
19,801
300,1015
300,1016
684,959
684,960
334,925
334,926
601,856
601,857
445,250
445,251
393,499
393,500
665,932
665,933
46,896
46,897
745,921
745,922
447,408
447,409
310,788
310,789
1015,550
1015,551
749,914
749,915
737,344
737,345
671,683
671,684
679,758
679,759
396,443
396,444
817,865
817,866
299,306
299,307
709,800
709,801
766,566
766,567
351,658
351,659
288,319
288,320
647,179
647,180
756,343
756,344
601,922
601,923
48,847
48,848
545,174
545,175
220,633
220,634
903,425
903,426
433,806
433,807
645,374
645,375
20,957
20,958
675,802
675,803
750,416
750,417
267,105
267,106
578,960
578,961
874,499
874,500
920,771
920,772
284,611
284,612
882,1023
882,1024
632,705
632,706
753,274
753,275
484,519
484,520
531,8
531,9
651,742
651,743
15,1013
15,1014
357,1008
357,1009
449,846
449,847
955,205
955,206
812,691
812,692
279,924
279,925
296,157
296,158
498,482
498,483
870,861
870,862
124,860
124,861
778,261
778,262
721,753
721,754
27,781
27,782
709,870
709,871
1000,319
1000,320
987,617
987,618
285,768
285,769
942,10
942,11
649,103
649,104
378,903
378,904
308,867
308,868
409,276
409,277
1015,512
1015,513
740,342
740,343
267,264
267,265
612,303
612,304
767,439
767,440
630,646
630,647
928,840
928,841
13,972
13,973
599,215
599,216
1007,677
1007,678
822,725
822,726
291,11
291,12
599,937
599,938
1011,633
1011,634
935,817
935,818
729,636
729,637
90,760
90,761
953,291
953,292
920,558
920,559
951,807
951,808
123,931
123,932
381,914
381,915
575,851
575,852
681,282
681,283
986,158
986,159
308,13
308,14
807,840
807,841
682,570
682,571
522,910
522,911
717,524
717,525
662,369
662,370
947,885
947,886
266,991
266,992
863,529
863,530
1022,448
1022,449
214,288
214,289
555,548
555,549
564,1023
564,1024
344,381
344,382
369,561
369,562
887,381
887,382
437,367
437,368
485,53
485,54
236,957
236,958
976,877
976,878
484,43
484,44
957,991
957,992
1021,235
1021,236
329,236
329,237
830,209
830,210
143,861
143,862
274,349
274,350
385,878
385,879
637,620
637,621
942,974
942,975
658,1005
658,1006
564,669
564,670
217,988
217,989
38,932
38,933
662,690
662,691
283,314
283,315
874,681
874,682
109,803
109,804
488,506
488,507
978,504
978,505
977,500
977,501
506,299
506,300
404,174
404,175
128,891
128,892
452,33
452,34
355,460
355,461
473,560
473,561
981,565
981,566
902,372
902,373
758,367
758,368
243,767
243,768
440,354
440,355
950,425
950,426
756,404
756,405
744,965
744,966
461,110
461,111
140,905
140,906
62,924
62,925
444,119
444,120
385,462
385,463
799,531
799,532
683,280
683,281
581,662
581,663
340,868
340,869
554,812
554,813
567,114
567,115
642,82
642,83
355,723
355,724
906,966
906,967
141,559
141,560
631,102
631,103
96,757
96,758
771,38
771,39
78,850
78,851
775,848
775,849
811,646
811,647
1006,771
1006,772
47,295
47,296
632,436
632,437
226,569
226,570
844,1001
844,1002
139,805
139,806
194,982
194,983
497,192
497,193
402,191
402,192
387,29
387,30
154,852
154,853
514,554
514,555
488,112
488,113
344,292
344,293
82,1023
82,1024
382,689
382,690
569,136
569,137
980,269
980,270
688,471
688,472
439,373
439,374
478,548
478,549
106,953
106,954
569,840
569,841
989,281
989,282
258,856
258,857
126,820
126,821
716,777
716,778
267,900
267,901
731,290
731,291
628,652
628,653
674,498
674,499
146,766
146,767
693,180
693,181
27,759
27,760
635,141
635,142
611,858
611,859
927,64
927,65
480,510
480,511
799,870
799,871
218,900
218,901
824,573
824,574
842,195
842,196
334,316
334,317
882,316
882,317
996,504
996,505
803,879
803,880
600,254
600,255
867,779
867,780
498,122
498,123
1011,989
1011,990
445,459
445,460
531,150
531,151
869,336
869,337
334,290
334,291
381,901
381,902
489,81
489,82
499,609
499,610
938,319
938,320
959,76
959,77
304,790
304,791
110,764
110,765
941,268
941,269
9,752
9,753
250,679
250,680
386,12
386,13
752,323
752,324
375,987
375,988
575,217
575,218
513,910
513,911
583,154
583,155
731,1019
731,1020
878,350
878,351
912,515
912,516
448,814
448,815
460,131
460,132
577,281
577,282
746,784
746,785
627,777
627,778
241,620
241,621
929,419
929,420
473,505
473,506
983,245
983,246
119,937
119,938
869,237
869,238
916,555
916,556
809,138
809,139
944,82
944,83
997,270
997,271
387,264
387,265
725,544
725,545
857,804
857,805
970,152
970,153
200,784
200,785
949,452
949,453
159,882
159,883
110,958
110,959
940,148
940,149
373,915
373,916
172,836
172,837
802,715
802,716
865,512
865,513
520,213
520,214
627,196
627,197
955,966
955,967
651,235
651,236
1014,315
1014,316
845,655
845,656
416,44
416,45
969,1021
969,1022
237,979
237,980
599,395
599,396
242,675
242,676
923,381
923,382
623,292
623,293
945,863
945,864
630,837
630,838
112,797
112,798
912,934
912,935
1023,848
1023,849
733,930
733,931
213,945
213,946
385,402
385,403
22,597
22,598
465,157
465,158
294,887
294,888
259,566
259,567
659,993
659,994
433,402
433,403
692,639
692,640
1001,998
1001,999
182,592
182,593
886,1011
886,1012
296,772
296,773
632,370
632,371
803,873
803,874
850,379
850,380
730,373
730,374
1000,1020
1000,1021
754,881
754,882
601,12
601,13
366,308
366,309
117,932
117,933
722,976
722,977
210,825
210,826
27,990
27,991
50,911
50,912
400,980
400,981
713,836
713,837
308,243
308,244
925,268
925,269
318,1000
318,1001
736,361
736,362
149,881
149,882
340,238
340,239
539,504
539,505
354,544
354,545
801,228
801,229
1009,262
1009,263
962,962
962,963
687,325
687,326
311,766
311,767
293,1011
293,1012
782,97
782,98
953,934
953,935
437,251
437,252
536,132
536,133
972,828
972,829
290,1014
290,1015
400,580
400,581
406,379
406,380
566,913
566,914
390,977
390,978
223,893
223,894
807,725
807,726
877,865
877,866
708,451
708,452
499,18
499,19
192,907
192,908
263,982
263,983
5,278
5,279
966,826
966,827
856,689
856,690
873,352
873,353
705,537
705,538
989,314
989,315
955,577
955,578
427,626
427,627
603,981
603,982
843,540
843,541
328,942
328,943
790,122
790,123
112,842
112,843
695,37
695,38
740,968
740,969
1010,1005
1010,1006
911,725
911,726
884,667
884,668
767,444
767,445
772,400
772,401
328,899
328,900
346,791
346,792
953,923
953,924
794,83
794,84
353,668
353,669
480,406
480,407
398,617
398,618
386,987
386,988
322,91
322,92
311,275
311,276
280,67
280,68
888,168
888,169
962,887
962,888
354,559
354,560
652,266
652,267
367,899
367,900
43,937
43,938
642,729
642,730
419,865
419,866
463,978
463,979
302,10
302,11
482,53
482,54
291,379
291,380
255,946
255,947
561,153
561,154
625,371
625,372
1023,6
1023,7
364,53
364,54
460,625
460,626
881,584
881,585
537,800
537,801
136,824
136,825
650,132
650,133
999,832
999,833
530,716
530,717
300,295
300,296
1022,410
1022,411
335,426
335,427
936,592
936,593
314,596
314,597
306,320
306,321
920,1002
920,1003
937,94
937,95
371,725
371,726
222,846
222,847
453,647
453,648
964,847
964,848
550,610
550,611
824,775
824,776
350,411
350,412
77,587
77,588
908,74
908,75
33,764
33,765
926,666
926,667
336,70
336,71
892,835
892,836
610,629
610,630
919,218
919,219
904,832
904,833
624,728
624,729
161,597
161,598
442,240
442,241
878,541
878,542
608,962
608,963
1023,132
1023,133
414,626
414,627
228,848
228,849
298,409
298,410
408,232
408,233
665,292
665,293
1024,613
1024,614
557,958
557,959
846,566
846,567
886,818
886,819
464,523
464,524
574,884
574,885
328,397
328,398
687,93
687,94
928,804
928,805
964,398
964,399
873,703
873,704
270,585
270,586
435,865
435,866
430,357
430,358
780,485
780,486
592,332
592,333
918,596
918,597
968,830
968,831
724,751
724,752
60,596
60,597
363,9
363,10
708,766
708,767
223,818
223,819
654,13
654,14
44,876
44,877
324,736
324,737
495,249
495,250
910,94
910,95
422,535
422,536
348,22
348,23
997,991
997,992
974,1016
974,1017
264,297
264,298
31,292
31,293
865,500
865,501
441,480
441,481
415,948
415,949
995,51
995,52
968,267
968,268
914,851
914,852
698,966
698,967
229,772
229,773
751,838
751,839
229,263
229,264
904,934
904,935
298,48
298,49
906,885
906,886
376,640
376,641
804,122
804,123
359,256
359,257
297,513
297,514
903,360
903,361
949,385
949,386
48,1012
48,1013
172,646
172,647
935,390
935,391
653,415
653,416
872,93
872,94
880,246
880,247
989,277
989,278
701,315
701,316
1023,618
1023,619
371,269
371,270
897,94
897,95
635,683
635,684
243,986
243,987
604,55
604,56
368,929
368,930
530,698
530,699
131,896
131,897
292,387
292,388
626,229
626,230
691,518
691,519
416,877
416,878
220,851
220,852
543,557
543,558
347,928
347,929
921,169
921,170
350,931
350,932
691,685
691,686
211,733
211,734
988,70
988,71
108,931
108,932
507,123
507,124
30,961
30,962
762,709
762,710
937,1018
937,1019
838,771
838,772
959,109
959,110
284,901
284,902
995,353
995,354
962,486
962,487
524,103
524,104
359,930
359,931
648,93
648,94
894,603
894,604
978,1020
978,1021
1006,963
1006,964
887,216
887,217
510,721
510,722
662,446
662,447
926,1011
926,1012
390,647
390,648
307,835
307,836
926,506
926,507
406,52
406,53
969,824
969,825
588,301
588,302
872,500
872,501
946,75
946,76
287,1021
287,1022
461,551
461,552
105,794
105,795
265,264
265,265
599,905
599,906
920,608
920,609
415,377
415,378
592,1010
592,1011
590,600
590,601
311,116
311,117
536,796
536,797
556,797
556,798
848,681
848,682
277,628
277,629
706,248
706,249
989,842
989,843
517,756
517,757
107,940
107,941
359,838
359,839
573,741
573,742
409,166
409,167
259,222
259,223
495,517
495,518
562,1013
562,1014
308,812
308,813
505,85
505,86
373,774
373,775
582,257
582,258
919,366
919,367
378,892
378,893
479,590
479,591
671,470
671,471
14,966
14,967
589,951
589,952
900,245
900,246
329,970
329,971
345,190
345,191
647,658
647,659
421,743
421,744
318,585
318,586
658,984
658,985
569,328
569,329
829,24
829,25
286,521
286,522
23,931
23,932
314,837
314,838
917,427
917,428
551,945
551,946
432,176
432,177
884,216
884,217
576,937
576,938
1023,362
1023,363
572,155
572,156
855,930
855,931
889,588
889,589
346,627
346,628
676,648
676,649
46,848
46,849
377,109
377,110
284,965
284,966
329,939
329,940
608,338
608,339
4,913
4,914
371,926
371,927
362,983
362,984
242,981
242,982
1022,334
1022,335
709,762
709,763
474,614
474,615
146,896
146,897
26,946
26,947
921,805
921,806
457,197
457,198
542,87
542,88
667,652
667,653
205,259
205,260
702,330
702,331
632,164
632,165
504,64
504,65
377,913
377,914
444,503
444,504
455,18
455,19
798,97
798,98
607,71
607,72
442,980
442,981
283,753
283,754
365,735
365,736
741,806
741,807
629,760
629,761
603,574
603,575
422,246
422,247
790,27
790,28
404,404
404,405
702,599
702,600
440,470
440,471
300,999
300,1000
442,503
442,504
31,983
31,984
213,793
213,794
420,80
420,81
566,776
566,777
955,188
955,189
475,44
475,45
603,936
603,937
728,323
728,324
329,473
329,474
645,318
645,319
645,193
645,194
631,180
631,181
837,710
837,711
715,222
715,223
306,220
306,221
871,468
871,469
129,793
129,794
37,991
37,992
2,913
2,914
270,263
270,264
837,782
837,783
514,796
514,797
166,630
166,631
255,961
255,962
886,544
886,545
1015,211
1015,212
452,177
452,178
329,867
329,868
451,184
451,185
312,104
312,105
88,799
88,800
486,304
486,305
712,825
712,826
329,198
329,199
253,947
253,948
570,223
570,224
374,193
374,194
498,553
498,554
590,338
590,339
1001,706
1001,707
949,802
949,803
278,251
278,252
585,716
585,717
778,513
778,514
376,603
376,604
898,399
898,400
209,924
209,925
914,236
914,237
663,203
663,204
430,873
430,874
666,954
666,955
718,573
718,574
267,363
267,364
35,1010
35,1011
1002,930
1002,931
938,417
938,418
719,517
719,518
719,568
719,569
814,283
814,284
267,29
267,30
597,446
597,447
409,61
409,62
515,171
515,172
348,116
348,117
335,301
335,302
388,775
388,776
690,387
690,388
935,806
935,807
315,458
315,459
432,390
432,391
1015,326
1015,327
294,865
294,866
1012,649
1012,650
1022,866
1022,867
279,787
279,788
670,734
670,735
107,296
107,297
358,10
358,11
347,862
347,863
287,964
287,965
850,451
850,452
589,113
589,114
419,268
419,269
657,517
657,518
466,140
466,141
669,317
669,318
495,51
495,52
898,623
898,624
562,82
562,83
521,936
521,937
601,850
601,851
130,864
130,865
603,768
603,769
716,737
716,738
327,499
327,500
257,984
257,985
394,718
394,719
780,573
780,574
104,732
104,733
512,923
512,924
683,471
683,472
226,900
226,901
526,316
526,317
787,923
787,924
258,600
258,601
1012,610
1012,611
276,591
276,592
661,433
661,434
406,987
406,988
950,343
950,344
323,480
323,481
573,217
573,218
834,587
834,588
292,876
292,877
877,969
877,970
531,752
531,753
973,856
973,857
951,357
951,358
215,974
215,975
489,490
489,491
325,3
325,4
945,102
945,103
592,300
592,301
398,948
398,949
340,222
340,223
527,677
527,678
310,591
310,592
1012,276
1012,277
336,453
336,454
278,755
278,756
783,929
783,930
213,924
213,925
611,886
611,887
899,584
899,585
392,741
392,742
628,180
628,181
558,175
558,176
567,991
567,992
296,814
296,815
996,528
996,529
161,900
161,901
54,277
54,278
842,371
842,372
393,582
393,583
397,378
397,379
989,502
989,503
605,658
605,659
709,439
709,440
303,916
303,917
311,138
311,139
159,922
159,923
1024,871
1024,872
675,683
675,684
43,926
43,927
333,848
333,849
258,873
258,874
850,532
850,533
959,882
959,883
464,141
464,142
270,346
270,347
427,469
427,470
444,649
444,650
266,93
266,94
974,961
974,962
42,805
42,806
486,591
486,592
690,247
690,248
371,236
371,237
157,868
157,869
79,767
79,768
622,795
622,796
675,808
675,809
136,758
136,759
218,654
218,655
755,952
755,953
833,1003
833,1004
662,395
662,396
1009,520
1009,521
705,90
705,91
772,376
772,377
851,93
851,94
756,584
756,585
841,360
841,361
1000,695
1000,696
257,776
257,777
44,584
44,585
364,3
364,4
536,756
536,757
266,379
266,380
327,949
327,950
415,410
415,411
126,898
126,899
444,14
444,15
483,525
483,526
446,846
446,847
844,397
844,398
233,985
233,986
634,332
634,333
298,508
298,509
806,890
806,891
956,90
956,91
599,478
599,479
134,912
134,913
1013,885
1013,886
396,48
396,49
451,988
451,989
958,640
958,641
765,370
765,371
951,412
951,413
369,242
369,243
987,294
987,295
11,567
11,568
689,1018
689,1019
888,556
888,557
287,61
287,62
900,360
900,361
92,776
92,777
561,133
561,134
486,239
486,240
377,278
377,279
1023,373
1023,374
587,365
587,366
65,908
65,909
614,254
614,255
1017,489
1017,490
602,641
602,642
495,462
495,463
963,262
963,263
391,368
391,369
13,945
13,946
1016,156
1016,157
891,605
891,606
728,368
728,369
479,525
479,526
708,564
708,565
620,587
620,588
639,249
639,250
112,902
112,903
412,29
412,30
517,484
517,485
936,1002
936,1003
905,929
905,930
668,696
668,697
747,405
747,406
721,95
721,96
194,749
194,750
984,734
984,735
71,732
71,733
25,759
25,760
679,768
679,769
556,922
556,923
336,449
336,450
301,37
301,38
299,62
299,63
815,673
815,674
344,984
344,985
40,569
40,570
653,366
653,367
437,575
437,576
328,877
328,878
716,393
716,394
278,907
278,908
584,843
584,844
322,896
322,897
659,446
659,447
475,111
475,112
320,742
320,743
404,59
404,60
466,431
466,432
295,272
295,273
326,41
326,42
308,756
308,757
295,152
295,153
468,177
468,178
38,986
38,987
1023,297
1023,298
461,195
461,196
224,619
224,620
697,983
697,984
795,261
795,262
806,774
806,775
959,991
959,992
254,952
254,953
48,907
48,908
287,1015
287,1016
970,57
970,58
697,650
697,651
632,140
632,141
985,957
985,958
229,981
229,982
321,270
321,271
304,894
304,895
71,999
71,1000
661,698
661,699
999,40
999,41
594,3
594,4
688,995
688,996
932,226
932,227
422,435
422,436
653,950
653,951
839,33
839,34
607,476
607,477
730,597
730,598
71,278
71,279
1014,297
1014,298
53,934
53,935
576,485
576,486
646,103
646,104
489,475
489,476
1004,302
1004,303
349,884
349,885
233,701
233,702
894,362
894,363
373,757
373,758
828,489
828,490
785,370
785,371
783,627
783,628
262,732
262,733
953,238
953,239
833,986
833,987
292,635
292,636
912,570
912,571
346,913
346,914
640,735
640,736
408,206
408,207
655,382
655,383
989,682
989,683
596,155
596,156
303,830
303,831
668,947
668,948
461,235
461,236
618,835
618,836
793,55
793,56
632,962
632,963
476,79
476,80
916,783
916,784
341,163
341,164
207,646
207,647
786,413
786,414
623,318
623,319
909,694
909,695
810,516
810,517
776,436
776,437
450,741
450,742
184,862
184,863
422,272
422,273
330,548
330,549
459,32
459,33
682,293
682,294
626,744
626,745
471,351
471,352
160,774
160,775
370,690
370,691
370,632
370,633
140,936
140,937
123,958
123,959
643,572
643,573
1011,879
1011,880
798,952
798,953
474,898
474,899
327,888
327,889
480,159
480,160
520,834
520,835
636,271
636,272
766,233
766,234
946,754
946,755
642,747
642,748
879,793
879,794
306,263
306,264
937,346
937,347
631,212
631,213
964,568
964,569
463,558
463,559
203,898
203,899
654,261
654,262
344,879
344,880
871,707
871,708
743,687
743,688
524,951
524,952
755,420
755,421
856,700
856,701
48,1022
48,1023
840,557
840,558
209,750
209,751
682,244
682,245
447,270
447,271
1017,517
1017,518
517,724
517,725
724,740
724,741
55,587
55,588
866,973
866,974
403,53
403,54
545,162
545,163
1011,338
1011,339
797,405
797,406
505,191
505,192
1008,512
1008,513
726,866
726,867
973,303
973,304
517,675
517,676
624,121
624,122
779,579
779,580
661,123
661,124
962,499
962,500
616,605
616,606
914,928
914,929
13,949
13,950
967,875
967,876
620,642
620,643
792,323
792,324
486,372
486,373
984,190
984,191
383,913
383,914
205,942
205,943
340,557
340,558
970,803
970,804
619,746
619,747
1017,205
1017,206
845,836
845,837
1011,595
1011,596
556,836
556,837
693,135
693,136
284,34
284,35
438,378
438,379
266,121
266,122
907,136
907,137
126,919
126,920
276,890
276,891
932,576
932,577
411,648
411,649
68,765
68,766
432,625
432,626
876,356
876,357
128,754
128,755
356,778
356,779
301,502
301,503
549,249
549,250
369,485
369,486
578,945
578,946
1000,691
1000,692
329,591
329,592
349,434
349,435
366,609
366,610
43,842
43,843
594,495
594,496
963,332
963,333
991,194
991,195
213,771
213,772
334,921
334,922
321,1000
321,1001
1018,868
1018,869
6,596
6,597
1001,525
1001,526
497,76
497,77
219,945
219,946
314,295
314,296
797,102
797,103
668,252
668,253
269,43
269,44
412,254
412,255
1015,578
1015,579
976,467
976,468
367,264
367,265
2,908
2,909
683,285
683,286
976,241
976,242
112,759
112,760
1024,404
1024,405
848,730
848,731
757,672
757,673
711,383
711,384
611,963
611,964
825,664
825,665
614,1001
614,1002
475,302
475,303
522,754
522,755
708,374
708,375
625,242
625,243
300,830
300,831
619,890
619,891
93,809
93,810
679,282
679,283
586,625
586,626
824,24
824,25
751,843
751,844
1011,661
1011,662
545,474
545,475
961,203
961,204
305,834
305,835
429,544
429,545
368,932
368,933
286,882
286,883
615,940
615,941
284,784
284,785
353,153
353,154
345,842
345,843
383,79
383,80
759,829
759,830
976,122
976,123
737,103
737,104
511,53
511,54
964,3
964,4
656,419
656,420
928,971
928,972
353,508
353,509
1024,695
1024,696
244,592
244,593
1003,629
1003,630
522,26
522,27
993,513
993,514
829,839
829,840
755,871
755,872
746,263
746,264
428,966
428,967
280,900
280,901
443,545
443,546
707,783
707,784
384,891
384,892
315,36
315,37
862,678
862,679
54,944
54,945
195,566
195,567
673,1016
673,1017
637,751
637,752
838,641
838,642
770,848
770,849
118,943
118,944
381,749
381,750
532,808
532,809
1003,569
1003,570
953,671
953,672
137,817
137,818
1023,141
1023,142
176,631
176,632
931,74
931,75
398,267
398,268
631,798
631,799
1008,689
1008,690
439,416
439,417
371,44
371,45
328,834
328,835
51,955
51,956
339,333
339,334
315,975
315,976
957,82
957,83
342,977
342,978
464,129
464,130
283,945
283,946
423,787
423,788
406,332
406,333
488,846
488,847
626,756
626,757
65,946
65,947
672,91
672,92
962,505
962,506
689,33
689,34
409,833
409,834
461,191
461,192
628,717
628,718
541,67
541,68
623,702
623,703
921,551
921,552
306,269
306,270
466,47
466,48
19,1014
19,1015
563,679
563,680
739,912
739,913
74,1016
74,1017
317,946
317,947
775,564
775,565
680,746
680,747
163,659
163,660
441,438
441,439
583,854
583,855
424,42
424,43
915,131
915,132
866,752
866,753
194,945
194,946
937,837
937,838
589,797
589,798
783,521
783,522
961,532
961,533
968,276
968,277
1019,489
1019,490
715,476
715,477
876,433
876,434
764,945
764,946
946,950
946,951
964,794
964,795
273,1006
273,1007
359,44
359,45
876,368
876,369
984,64
984,65
259,207
259,208
838,115
838,116
929,885
929,886
417,481
417,482
299,464
299,465
495,302
495,303
995,549
995,550
879,784
879,785
586,1002
586,1003
337,316
337,317
983,761
983,762
506,76
506,77
49,747
49,748
684,367
684,368
396,920
396,921
779,447
779,448
331,751
331,752
512,797
512,798
463,81
463,82
651,1011
651,1012
762,330
762,331
921,612
921,613
939,316
939,317
731,903
731,904
315,773
315,774
964,585
964,586
913,345
913,346
151,957
151,958
669,437
669,438
346,419
346,420
525,624
525,625
158,790
158,791
837,893
837,894
958,230
958,231
765,341
765,342
238,732
238,733
675,97
675,98
1024,574
1024,575
341,135
341,136
768,860
768,861
904,479
904,480
301,381
301,382
419,579
419,580
331,159
331,160
692,985
692,986
775,197
775,198
785,975
785,976
477,176
477,177
733,437
733,438
1004,1023
1004,1024
191,728
191,729
916,865
916,866
637,785
637,786
657,529
657,530
315,427
315,428
629,196
629,197
414,127
414,128
389,461
389,462
709,246
709,247
258,799
258,800
738,765
738,766
583,136
583,137
975,253
975,254
425,507
425,508
404,199
404,200
62,766
62,767
1000,931
1000,932
904,469
904,470
288,745
288,746
844,847
844,848
569,475
569,476
367,806
367,807
209,783
209,784
500,53
500,54
430,232
430,233
616,365
616,366
991,480
991,481
833,23
833,24
785,521
785,522
601,926
601,927
289,635
289,636
602,292
602,293
602,903
602,904
896,62
896,63
1021,182
1021,183
751,571
751,572
534,155
534,156
306,205
306,206
544,910
544,911
799,727
799,728
5,579
5,580
533,184
533,185
526,1018
526,1019
411,244
411,245
299,437
299,438
402,70
402,71
868,533
868,534
646,307
646,308
432,474
432,475
665,959
665,960
63,913
63,914
844,256
844,257
923,859
923,860
797,284
797,285
1004,558
1004,559
630,498
630,499
437,624
437,625
1019,109
1019,110
740,940
740,941
465,162
465,163
54,1010
54,1011
879,858
879,859
717,825
717,826
1023,701
1023,702
148,1012
148,1013
656,621
656,622
995,329
995,330
938,105
938,106
422,990
422,991
749,981
749,982
6,955
6,956
957,313
957,314
587,175
587,176
604,711
604,712
451,187
451,188
574,551
574,552
777,55
777,56
948,863
948,864
450,697
450,698
578,887
578,888
957,883
957,884
347,63
347,64
397,225
397,226
726,735
726,736
611,146
611,147
822,869
822,870
683,123
683,124
396,180
396,181
613,485
613,486
546,151
546,152
965,776
965,777
935,105
935,106
573,654
573,655
352,741
352,742
549,464
549,465
844,573
844,574
874,691
874,692
668,335
668,336
355,10
355,11
1019,665
1019,666
309,882
309,883
791,22
791,23
392,440
392,441
654,322
654,323
477,723
477,724
381,26
381,27
627,580
627,581
409,696
409,697
359,945
359,946
355,958
355,959
77,839
77,840
433,149
433,150
717,9
717,10
993,516
993,517
598,293
598,294
529,1021
529,1022
444,69
444,70
128,830
128,831
920,132
920,133
865,732
865,733
599,856
599,857
903,76
903,77
784,555
784,556
786,390
786,391
617,934
617,935
448,462
448,463
621,499
621,500
279,360
279,361
771,903
771,904
992,485
992,486
426,977
426,978
273,811
273,812
499,114
499,115
697,43
697,44
742,568
742,569
749,66
749,67
719,853
719,854
735,574
735,575
51,747
51,748
292,702
292,703
783,107
783,108
524,136
524,137
364,287
364,288
971,117
971,118
828,687
828,688
182,581
182,582
276,355
276,356
362,227
362,228
390,906
390,907
713,607
713,608
707,944
707,945
702,666
702,667
279,563
279,564
5,557
5,558
948,972
948,973
363,809
363,810
137,834
137,835
759,715
759,716
661,412
661,413
687,804
687,805
314,585
314,586
351,816
351,817
874,800
874,801
1016,469
1016,470
490,949
490,950
955,938
955,939
924,770
924,771
588,995
588,996
983,750
983,751
114,944
114,945
15,911
15,912
269,22
269,23
935,66
935,67
855,564
855,565
599,965
599,966
661,12
661,13
641,215
641,216
349,1014
349,1015
1007,1023
1007,1024
959,432
959,433
887,836
887,837
194,807
194,808
474,653
474,654
366,650
366,651
689,285
689,286
684,964
684,965
621,269
621,270
942,865
942,866
1012,921
1012,922
34,856
34,857
670,130
670,131
551,792
551,793
538,745
538,746
557,90
557,91
173,830
173,831
346,560
346,561
505,103
505,104
152,896
152,897
328,187
328,188
587,793
587,794
287,56
287,57
385,534
385,535
592,381
592,382
607,677
607,678
484,559
484,560
428,385
428,386
599,889
599,890
559,834
559,835
291,646
291,647
613,112
613,113
530,91
530,92
664,653
664,654
928,889
928,890
668,888
668,889
355,773
355,774
2,991
2,992
675,1022
675,1023
632,200
632,201
717,267
717,268
742,894
742,895
289,290
289,291
379,942
379,943
586,395
586,396
1021,5
1021,6
467,26
467,27
306,1016
306,1017
645,837
645,838
253,863
253,864
657,814
657,815
646,388
646,389
697,561
697,562
939,848
939,849
973,249
973,250
1006,694
1006,695
294,902
294,903
641,670
641,671
368,620
368,621
447,248
447,249
509,102
509,103
366,255
366,256
195,764
195,765
949,447
949,448
736,463
736,464
627,739
627,740
458,21
458,22
140,855
140,856
959,602
959,603
694,9
694,10
395,591
395,592
547,306
547,307
591,1021
591,1022
291,295
291,296
186,958
186,959
465,578
465,579
648,275
648,276
366,1000
366,1001
619,171
619,172
357,514
357,515
429,786
429,787
368,588
368,589
67,945
67,946
925,2
925,3
1017,900
1017,901
677,566
677,567
583,821
583,822
1018,330
1018,331
944,131
944,132
138,735
138,736
989,470
989,471
1007,213
1007,214
535,762
535,763
632,920
632,921
496,172
496,173
635,562
635,563
429,194
429,195
311,270
311,271
347,998
347,999
840,195
840,196
894,811
894,812
930,206
930,207
834,866
834,867
491,183
491,184
105,844
105,845
43,864
43,865
31,1022
31,1023
665,251
665,252
1016,423
1016,424
693,748
693,749
477,461
477,462
847,17
847,18
669,389
669,390
278,955
278,956
420,804
420,805
451,149
451,150
296,3
296,4
1006,288
1006,289
355,291
355,292
394,987
394,988
354,930
354,931
691,514
691,515
280,20
280,21
732,822
732,823
494,632
494,633
455,209
455,210
424,267
424,268
768,882
768,883
644,669
644,670
311,1013
311,1014
376,662
376,663
555,730
555,731
900,995
900,996
284,319
284,320
863,837
863,838
348,111
348,112
319,271
319,272
1004,964
1004,965
564,734
564,735
379,9
379,10
315,421
315,422
177,901
177,902
670,10
670,11
464,738
464,739
734,874
734,875
910,67
910,68
462,743
462,744
498,718
498,719
386,183
386,184
466,824
466,825
468,59
468,60
758,1021
758,1022
848,616
848,617
380,606
380,607
587,109
587,110
461,43
461,44
389,244
389,245
843,561
843,562
651,542
651,543
50,1015
50,1016
334,931
334,932
698,178
698,179
623,980
623,981
984,717
984,718
472,489
472,490
495,28
495,29
36,949
36,950
578,84
578,85
378,1013
378,1014
947,918
947,919
257,886
257,887
14,959
14,960
810,171
810,172
201,845
201,846
794,103
794,104
986,727
986,728
93,732
93,733
510,612
510,613
142,998
142,999
1000,636
1000,637
525,879
525,880
681,581
681,582
986,1001
986,1002
779,393
779,394
344,934
344,935
968,46
968,47
769,629
769,630
629,470
629,471
888,370
888,371
321,919
321,920
559,257
559,258
537,506
537,507
909,130
909,131
617,84
617,85
665,319
665,320
935,851
935,852
280,325
280,326
864,381
864,382
433,79
433,80
144,801
144,802
919,361
919,362
313,323
313,324
627,251
627,252
929,741
929,742
113,785
113,786
750,368
750,369
871,752
871,753
583,56
583,57
895,49
895,50
939,941
939,942
322,13
322,14
343,858
343,859
289,126
289,127
314,114
314,115
304,594
304,595
64,754
64,755
395,374
395,375
567,121
567,122
296,502
296,503
382,583
382,584
963,907
963,908
1003,383
1003,384
180,641
180,642
137,726
137,727
226,964
226,965
346,589
346,590
670,103
670,104
328,303
328,304
661,374
661,375
582,341
582,342
618,669
618,670
496,964
496,965
146,908
146,909
865,426
865,427
893,77
893,78
914,149
914,150
841,257
841,258
305,430
305,431
570,797
570,798
233,722
233,723
992,331
992,332
711,372
711,373
440,32
440,33
713,471
713,472
577,966
577,967
535,791
535,792
356,398
356,399
476,504
476,505
466,656
466,657
181,632
181,633
282,188
282,189
1002,968
1002,969
412,582
412,583
870,115
870,116
419,564
419,565
910,910
910,911
926,129
926,130
939,60
939,61
569,289
569,290
630,474
630,475
570,276
570,277
459,247
459,248
180,1003
180,1004
718,561
718,562
402,612
402,613
374,892
374,893
356,486
356,487
883,306
883,307
254,820
254,821
600,665
600,666
339,141
339,142
497,236
497,237
321,946
321,947
239,741
239,742
534,287
534,288
111,1000
111,1001
632,755
632,756
325,812
325,813
501,738
501,739
395,377
395,378
537,56
537,57
750,330
750,331
130,837
130,838
259,825
259,826
713,15
713,16
281,906
281,907
899,827
899,828
833,789
833,790
432,833
432,834
513,735
513,736
532,654
532,655
471,923
471,924
1012,713
1012,714
599,917
599,918
735,887
735,888
607,997
607,998
115,863
115,864
625,284
625,285
621,959
621,960
114,972
114,973
747,248
747,249
872,22
872,23
963,880
963,881
803,583
803,584
826,401
826,402
229,717
229,718
269,319
269,320
72,764
72,765
164,675
164,676
610,967
610,968
697,453
697,454
738,939
738,940
1003,317
1003,318
26,771
26,772
349,320
349,321
681,621
681,622
573,765
573,766
399,192
399,193
680,358
680,359
291,374
291,375
375,48
375,49
588,904
588,905
768,24
768,25
1013,862
1013,863
1010,178
1010,179
583,637
583,638
1001,542
1001,543
976,834
976,835
422,885
422,886
226,635
226,636
779,539
779,540
336,481
336,482
165,845
165,846
510,26
510,27
406,621
406,622
252,772
252,773
180,696
180,697
985,924
985,925
563,635
563,636
245,566
245,567
778,530
778,531
517,45
517,46
382,945
382,946
672,37
672,38
1023,138
1023,139
555,610
555,611
414,139
414,140
942,384
942,385
930,68
930,69
871,523
871,524
293,115
293,116
810,725
810,726
773,979
773,980
871,734
871,735
267,268
267,269
589,306
589,307
432,138
432,139
294,318
294,319
607,322
607,323
281,932
281,933
821,771
821,772
333,733
333,734
681,665
681,666
622,132
622,133
966,96
966,97
391,357
391,358
63,903
63,904
890,867
890,868
647,225
647,226
953,904
953,905
380,355
380,356
908,862
908,863
553,627
553,628
950,46
950,47
682,265
682,266
352,690
352,691
66,962
66,963
438,602
438,603
338,558
338,559
285,270
285,271
549,5
549,6
277,826
277,827
149,739
149,740
959,795
959,796
747,740
747,741
943,278
943,279
828,325
828,326
981,409
981,410
581,274
581,275
202,566
202,567
322,935
322,936
703,565
703,566
640,441
640,442
615,885
615,886
537,676
537,677
314,891
314,892
1006,764
1006,765
928,814
928,815
235,621
235,622
737,277
737,278
893,846
893,847
968,486
968,487
588,91
588,92
181,648
181,649
323,396
323,397
735,130
735,131
674,819
674,820
804,692
804,693
599,600
599,601
837,554
837,555
739,878
739,879
935,265
935,266
900,349
900,350
403,957
403,958
688,543
688,544
470,398
470,399
862,163
862,164
249,719
249,720
706,690
706,691
816,964
816,965
677,1016
677,1017
819,414
819,415
400,15
400,16
935,898
935,899
599,233
599,234
301,325
301,326
784,873
784,874
517,681
517,682
333,790
333,791
715,399
715,400
849,247
849,248
696,829
696,830
827,589
827,590
850,627
850,628
433,172
433,173
82,948
82,949
320,53
320,54
790,17
790,18
594,551
594,552
933,982
933,983
718,278
718,279
726,928
726,929
670,14
670,15
104,585
104,586
270,483
270,484
709,229
709,230
477,153
477,154
540,783
540,784
410,303
410,304
443,430
443,431
217,665
217,666
982,5
982,6
93,812
93,813
273,294
273,295
652,103
652,104
634,365
634,366
872,860
872,861
311,295
311,296
78,753
78,754
868,556
868,557
624,340
624,341
540,317
540,318
472,528
472,529
881,590
881,591
451,1016
451,1017
737,589
737,590
348,451
348,452
666,248
666,249
463,920
463,921
855,646
855,647
1024,45
1024,46
258,1005
258,1006
649,623
649,624
206,587
206,588
601,555
601,556
674,262
674,263
857,351
857,352
253,887
253,888
989,908
989,909
392,635
392,636
974,977
974,978
249,755
249,756
371,243
371,244
110,771
110,772
899,366
899,367
648,773
648,774
672,244
672,245
655,688
655,689
498,186
498,187
303,1011
303,1012
799,841
799,842
930,753
930,754
173,634
173,635
44,799
44,800
617,884
617,885
791,878
791,879
306,368
306,369
360,906
360,907
464,179
464,180
681,939
681,940
21,953
21,954
287,368
287,369
454,717
454,718
334,438
334,439
393,549
393,550
759,278
759,279
785,840
785,841
666,695
666,696
734,935
734,936
184,586
184,587
466,284
466,285
853,368
853,369
344,3
344,4
370,50
370,51
249,585
249,586
1011,528
1011,529
589,71
589,72
842,704
842,705
832,653
832,654
900,371
900,372
620,686
620,687
451,69
451,70
359,940
359,941
129,771
129,772
504,546
504,547
288,1010
288,1011
814,694
814,695
1001,50
1001,51
417,267
417,268
869,320
869,321
956,194
956,195
619,385
619,386
321,168
321,169
592,782
592,783
986,715
986,716
422,250
422,251
563,767
563,768
990,922
990,923
785,178
785,179
616,589
616,590
480,131
480,132
287,24
287,25
440,403
440,404
343,749
343,750
350,692
350,693
801,906
801,907
656,414
656,415
490,551
490,552
402,868
402,869
828,665
828,666
921,268
921,269
479,620
479,621
672,737
672,738
950,927
950,928
432,543
432,544
925,151
925,152
1006,399
1006,400
649,1022
649,1023
598,110
598,111
850,456
850,457
456,428
456,429
924,824
924,825
402,886
402,887
192,821
192,822
700,436
700,437
263,396
263,397
848,693
848,694
344,988
344,989
865,568
865,569
764,784
764,785
741,825
741,826
353,664
353,665
339,852
339,853
809,630
809,631
632,402
632,403
333,963
333,964
979,344
979,345
42,773
42,774
961,55
961,56
7,972
7,973
1004,334
1004,335
526,64
526,65