779,29
780,29
280,855
281,855
923,68
924,68
888,350
889,350
755,839
756,839
623,660
624,660
385,979
386,979
701,398
702,398
455,979
456,979
490,623
491,623
400,340
401,340
555,302
556,302
936,585
937,585
922,154
923,154
406,104
407,104
824,1012
825,1012
404,73
405,73
568,801
569,801
287,519
288,519
47,818
48,818
290,24
291,24
556,638
557,638
994,679
995,679
897,419
898,419
299,478
300,478
112,585
113,585
783,565
784,565
600,431
601,431
665,979
666,979
474,476
475,476
827,821
828,821
558,426
559,426
265,334
266,334
335,46
336,46
712,457
713,457
2,297
3,297
246,759
247,759
558,394
559,394
424,23
425,23
583,738
584,738
221,557
222,557
366,655
367,655
37,765
38,765
645,305
646,305
624,3
625,3
104,266
105,266
190,715
191,715
813,561
814,561
635,854
636,854
430,284
431,284
317,8
318,8
209,593
210,593
945,50
946,50
1009,680
1010,680
280,318
281,318
389,662
390,662
776,417
777,417
771,906
772,906
870,189
871,189
369,388
370,388
280,322
281,322
735,438
736,438
416,545
417,545
520,698
521,698
482,719
483,719
882,356
883,356
985,172
986,172
366,771
367,771
950,240
951,240
871,388
872,388
1022,869
1023,869
665,473
666,473
209,820
210,820
9,1002
10,1002
712,584
713,584
579,1022
580,1022
600,815
601,815
414,693
415,693
499,75
500,75
655,444
656,444
477,343
478,343
529,270
530,270
800,833
801,833
347,20
348,20
844,159
845,159
734,846
735,846
869,930
870,930
631,664
632,664
623,124
624,124
304,602
305,602
426,702
427,702
599,672
600,672
702,765
703,765
864,668
865,668
707,760
708,760
618,979
619,979
666,229
667,229
885,1002
886,1002
881,845
882,845
100,563
101,563
51,990
52,990
665,315
666,315
870,694
871,694
907,229
908,229
163,995
164,995
273,768
274,768
600,249
601,249
576,54
577,54
165,584
166,584
632,499
633,499
114,870
115,870
212,934
213,934
340,933
341,933
784,909
785,909
97,901
98,901
126,280
127,280
780,943
781,943
929,10
930,10
251,615
252,615
578,846
579,846
750,671
751,671
844,564
845,564
341,844
342,844
785,777
786,777
902,95
903,95
888,548
889,548
952,427
953,427
43,905
44,905
286,748
287,748
629,763
630,763
222,584
223,584
270,791
271,791
286,5
287,5
841,138
842,138
487,411
488,411
487,526
488,526
969,136
970,136
637,876
638,876
281,203
282,203
859,194
860,194
341,910
342,910
564,4
565,4
620,295
621,295
879,830
880,830
542,217
543,217
847,285
848,285
587,594
588,594
681,1001
682,1001
769,41
770,41
465,608
466,608
914,939
915,939
872,364
873,364
984,1009
985,1009
686,983
687,983
607,944
608,944
262,349
263,349
712,539
713,539
954,167
955,167
682,635
683,635
210,976
211,976
835,1004
836,1004
881,926
882,926
913,931
914,931
1011,368
1012,368
616,789
617,789
623,299
624,299
350,876
351,876
542,583
543,583
338,358
339,358
469,28
470,28
774,86
775,86
83,924
84,924
265,777
266,777
870,496
871,496
77,907
78,907
604,930
605,930
443,423
444,423
489,405
490,405
958,831
959,831
889,963
890,963
424,186
425,186
506,659
507,659
770,265
771,265
872,804
873,804
282,792
283,792
442,194
443,194
718,793
719,793
640,644
641,644
908,355
909,355
347,384
348,384
520,720
521,720
75,766
76,766
248,732
249,732
369,202
370,202
256,593
257,593
325,71
326,71
676,499
677,499
219,618
220,618
582,91
583,91
701,497
702,497
914,912
915,912
123,835
124,835
593,362
594,362
809,525
810,525
297,548
298,548
933,847
934,847
136,793
137,793
553,322
554,322
670,17
671,17
970,98
971,98
821,883
822,883
566,258
567,258
951,995
952,995
533,28
534,28
529,740
530,740
327,317
328,317
846,355
847,355
798,254
799,254
796,314
797,314
401,832
402,832
680,968
681,968
361,959
362,959
650,254
651,254
274,39
275,39
810,699
811,699
564,1020
565,1020
800,866
801,866
336,436
337,436
594,22
595,22
641,196
642,196
5,763
6,763
756,823
757,823
835,508
836,508
646,670
647,670
162,283
163,283
899,397
900,397
649,258
650,258
279,388
280,388
740,778
741,778
360,597
361,597
869,1018
870,1018
402,947
403,947
49,259
50,259
480,847
481,847
408,378
409,378
592,281
593,281
380,1024
381,1024
457,545
458,545
922,801
923,801
446,443
447,443
397,534
398,534
37,568
38,568
671,249
672,249
605,940
606,940
574,864
575,864
354,786
355,786
417,75
418,75
408,296
409,296
278,1018
279,1018
327,534
328,534
655,406
656,406
400,784
401,784
340,916
341,916
241,760
242,760
47,861
48,861
596,228
597,228
916,933
917,933
947,609
948,609
734,406
735,406
676,773
677,773
1011,964
1012,964
714,588
715,588
910,678
911,678
472,273
473,273
742,842
743,842
575,93
576,93
389,333
390,333
822,516
823,516
621,649
622,649
315,24
316,24
102,818
103,818
350,917
351,917
691,752
692,752
655,11
656,11
127,873
128,873
357,861
358,861
671,304
672,304
131,850
132,850
307,568
308,568
777,183
778,183
940,7
941,7
854,840
855,840
758,916
759,916
643,273
644,273
217,663
218,663
541,64
542,64
952,417
953,417
853,830
854,830
257,849
258,849
590,509
591,509
554,1001
555,1001
570,959
571,959
842,357
843,357
550,131
551,131
632,1009
633,1009
834,841
835,841
486,620
487,620
778,823
779,823
699,279
700,279
457,524
458,524
954,372
955,372
722,820
723,820
486,35
487,35
864,549
865,549
842,663
843,663
352,869
353,869
912,716
913,716
112,772
113,772
352,710
353,710
61,589
62,589
438,371
439,371
267,414
268,414
419,576
420,576
91,789
92,789
214,684
215,684
285,15
286,15
720,345
721,345
75,937
76,937
365,842
366,842
367,980
368,980
559,113
560,113
196,892
197,892
913,206
914,206
260,191
261,191
580,821
581,821
833,990
834,990
420,817
421,817
421,981
422,981
397,655
398,655
910,918
911,918
511,964
512,964
933,606
934,606
191,576
192,576
920,992
921,992
941,238
942,238
447,311
448,311
833,496
834,496
415,442
416,442
324,761
325,761
959,266
960,266
993,91
994,91
546,791
547,791
750,726
751,726
494,859
495,859
537,1012
538,1012
438,579
439,579
590,844
591,844
780,522
781,522
39,763
40,763
346,460
347,460
696,241
697,241
529,657
530,657
472,409
473,409
930,794
931,794
972,1011
973,1011
761,291
762,291
360,845
361,845
921,555
922,555
705,738
706,738
47,877
48,877
168,819
169,819
492,952
493,952
403,29
404,29
578,618
579,618
573,81
574,81
420,182
421,182
646,708
647,708
693,800
694,800
757,630
758,630
732,883
733,883
312,35
313,35
451,400
452,400
316,105
317,105
728,835
729,835
197,779
198,779
454,424
455,424
382,40
383,40
650,691
651,691
18,287
19,287
633,741
634,741
43,565
44,565
961,58
962,58
921,1014
922,1014
785,105
786,105
111,823
112,823
600,624
601,624
700,755
701,755
494,431
495,431
828,420
829,420
865,757
866,757
566,182
567,182
738,291
739,291
757,879
758,879
317,764
318,764
413,605
414,605
726,179
727,179
638,103
639,103
117,836
118,836
179,967
180,967
944,1019
945,1019
82,293
83,293
826,847
827,847
97,760
98,760
677,527
678,527
666,278
667,278
288,8
289,8
72,767
73,767
993,241
994,241
422,920
423,920
609,518
610,518
803,859
804,859
459,107
460,107
546,66
547,66
698,530
699,530
327,975
328,975
127,943
128,943
936,355
937,355
718,1023
719,1023
296,320
297,320
653,165
654,165
888,859
889,859
281,209
282,209
506,615
507,615
485,400
486,400
394,218
395,218
395,599
396,599
148,729
149,729
767,880
768,880
775,824
776,824
635,470
636,470
541,158
542,158
325,323
326,323
767,836
768,836
364,921
365,921
828,699
829,699
850,513
851,513
538,222
539,222
603,413
604,413
303,384
304,384
685,748
686,748
432,436
433,436
489,67
490,67
482,429
483,429
810,271
811,271
375,704
376,704
854,529
855,529
374,579
375,579
957,42
958,42
355,807
356,807
391,983
392,983
227,846
228,846
774,874
775,874
958,973
959,973
729,584
730,584
454,863
455,863
10,263
11,263
808,219
809,219
477,875
478,875
890,782
891,782
806,844
807,844
984,276
985,276
459,376
460,376
871,392
872,392
424,785
425,785
315,871
316,871
351,912
352,912
320,734
321,734
517,520
518,520
83,913
84,913
263,65
264,65
950,778
951,778
674,588
675,588
235,778
236,778
979,292
980,292
328,162
329,162
537,859
538,859
553,1018
554,1018
347,580
348,580
506,270
507,270
399,789
400,789
947,838
948,838
383,510
384,510
235,790
236,790
391,218
392,218
901,428
902,428
697,488
698,488
506,335
507,335
849,771
850,771
760,149
761,149
913,285
914,285
647,271
648,271
919,190
920,190
338,977
339,977
806,76
807,76
1010,247
1011,247
914,348
915,348
500,1021
501,1021
676,291
677,291
268,75
269,75
529,707
530,707
873,375
874,375
602,622
603,622
304,607
305,607
932,334
933,334
1019,326
1020,326
104,589
105,589
604,254
605,254
286,42
287,42
303,631
304,631
303,389
304,389
744,881
745,881
644,128
645,128
365,60
366,60
288,649
289,649
272,96
273,96
844,221
845,221
224,633
225,633
294,631
295,631
335,594
336,594
788,375
789,375
812,584
813,584
194,889
195,889
417,106
418,106
513,612
514,612
702,542
703,542
629,116
630,116
849,745
850,745
406,175
407,175
669,540
670,540
685,9
686,9
802,78
803,78
520,797
521,797
785,114
786,114
236,802
237,802
111,1019
112,1019
991,1
992,1
960,956
961,956
522,765
523,765
162,639
163,639
843,115
844,115
490,180
491,180
145,845
146,845
303,5
304,5
200,586
201,586
839,931
840,931
917,607
918,607
772,846
773,846
783,733
784,733
665,129
666,129
938,606
939,606
861,583
862,583
482,450
483,450
479,491
480,491
337,303
338,303
842,818
843,818
394,485
395,485
979,10
980,10
847,913
848,913
353,374
354,374
456,572
457,572
368,694
369,694
975,787
976,787
1010,254
1011,254
969,850
970,850
207,911
208,911
928,927
929,927
268,96
269,96
365,716
366,716
923,335
924,335
225,923
226,923
124,748
125,748
589,993
590,993
400,823
401,823
270,80
271,80
543,111
544,111
1021,20
1022,20
581,316
582,316
920,336
921,336
275,55
276,55
1010,28
1011,28
416,172
417,172
166,894
167,894
713,231
714,231
429,887
430,887
873,689
874,689
670,757
671,757
355,654
356,654
799,943
800,943
181,896
182,896
1008,827
1009,827
184,984
185,984
894,567
895,567
307,229
308,229
383,280
384,280
877,928
878,928
502,649
503,649
515,476
516,476
920,918
921,918
667,934
668,934
596,811
597,811
817,890
818,890
690,302
691,302
834,557
835,557
967,379
968,379
460,606
461,606
414,63
415,63
113,888
114,888
559,81
560,81
179,581
180,581
209,889
210,889
803,291
804,291
192,912
193,912
604,264
605,264
964,855
965,855
1023,675
1024,675
628,625
629,625
576,300
577,300
462,647
463,647
358,204
359,204
645,336
646,336
231,829
232,829
850,726
851,726
301,591
302,591
351,919
352,919
738,805
739,805
619,158
620,158
15,935
16,935
574,915
575,915
23,275
24,275
399,233
400,233
551,191
552,191
654,307
655,307
691,795
692,795
911,941
912,941
442,253
443,253
328,519
329,519
953,847
954,847
662,387
663,387
294,653
295,653
291,911
292,911
362,785
363,785
419,620
420,620
577,852
578,852
453,956
454,956
403,357
404,357
866,366
867,366
408,968
409,968
691,254
692,254
975,797
976,797
111,598
112,598
206,918
207,918
357,276
358,276
449,192
450,192
326,10
327,10
766,322
767,322
589,1009
590,1009
852,162
853,162
408,333
409,333
298,467
299,467
1022,633
1023,633
92,783
93,783
964,380
965,380
308,961
309,961
873,382
874,382
544,813
545,813
40,294
41,294
440,445
441,445
672,735
673,735
670,237
671,237
863,823
864,823
958,97
959,97
784,897
785,897
614,690
615,690
831,212
832,212
689,600
690,600
895,91
896,91
90,735
91,735
403,220
404,220
955,994
956,994
253,851
254,851
607,741
608,741
644,496
645,496
865,837
866,837
792,182
793,182
173,843
174,843
342,603
343,603
645,1015
646,1015
742,131
743,131
888,893
889,893
920,589
921,589
111,587
112,587
955,431
956,431
593,367
594,367
786,1022
787,1022
923,724
924,724
167,286
168,286
447,405
448,405
326,257
327,257
570,73
571,73
255,779
256,779
689,391
690,391
168,834
169,834
732,812
733,812
173,904
174,904
25,269
26,269
370,250
371,250
620,140
621,140
309,775
310,775
374,133
375,133
929,586
930,586
515,115
516,115
788,98
789,98
451,712
452,712
400,807
401,807
680,750
681,750
470,832
471,832
179,914
180,914
844,717
845,717
787,208
788,208
355,177
356,177
263,400
264,400
372,875
373,875
531,800
532,800
143,747
144,747
901,419
902,419
202,874
203,874
963,884
964,884
908,196
909,196
226,792
227,792
815,715
816,715
550,926
551,926
545,51
546,51
136,915
137,915
738,603
739,603
963,96
964,96
662,38
663,38
871,377
872,377
939,743
940,743
431,469
432,469
174,560
175,560
866,571
867,571
941,398
942,398
581,183
582,183
327,546
328,546
957,808
958,808
711,813
712,813
438,627
439,627
131,774
132,774
947,5
948,5
413,717
414,717
367,838
368,838
290,583
291,583
333,896
334,896
415,65
416,65
205,288
206,288
304,175
305,175
625,144
626,144
861,320
862,320
398,817
399,817
844,593
845,593
211,589
212,589
837,210
838,210
872,934
873,934
268,704
269,704
172,910
173,910
892,942
893,942
666,659
667,659
729,314
730,314
2,292
3,292
973,833
974,833
657,810
658,810
843,991
844,991
119,912
120,912
792,901
793,901
913,886
914,886
864,1013
865,1013
908,886
909,886
56,590
57,590
402,132
403,132
784,376
785,376
536,482
537,482
600,743
601,743
532,696
533,696
943,970
944,970
278,801
279,801
363,708
364,708
67,587
68,587
346,480
347,480
100,946
101,946
757,575
758,575
923,663
924,663
380,13
381,13
897,248
898,248
743,5
744,5
296,583
297,583
558,880
559,880
334,446
335,446
776,461
777,461
572,301
573,301
684,720
685,720
403,265
404,265
645,404
646,404
171,922
172,922
460,122
461,122
439,25
440,25
899,95
900,95
216,576
217,576
614,925
615,925
469,487
470,487
1019,485
1020,485
822,587
823,587
251,600
252,600
668,544
669,544
139,849
140,849
752,993
753,993
329,814
330,814
622,169
623,169
33,908
34,908
306,518
307,518
794,593
795,593
622,371
623,371
661,622
662,622
129,998
130,998
19,737
20,737
445,182
446,182
534,586
535,586
253,818
254,818
613,498
614,498
689,469
690,469
1023,649
1024,649
589,882
590,882
716,264
717,264
229,742
230,742
805,832
806,832
17,1006
18,1006
683,974
684,974
624,314
625,314
601,227
602,227
4,960
5,960
805,585
806,585
326,87
327,87
519,81
520,81
519,659
520,659
387,273
388,273
939,993
940,993
390,466
391,466
40,278
41,278
891,91
892,91
1020,950
1021,950
453,471
454,471
110,871
111,871
391,195
392,195
118,891
119,891
44,943
45,943
911,937
912,937
348,431
349,431
524,89
525,89
952,590
953,590
625,518
626,518
619,991
620,991
769,48
770,48
335,381
336,381
656,44
657,44
635,280
636,280
107,835
108,835
420,729
421,729
343,262
344,262
716,812
717,812
255,260
256,260
573,931
574,931
317,139
318,139
472,630
473,630
290,41
291,41
572,66
573,66
319,105
320,105
208,978
209,978
635,842
636,842
763,718
764,718
548,303
549,303
347,849
348,849
272,265
273,265
691,616
692,616
300,215
301,215
98,748
99,748
844,218
845,218
434,616
435,616
379,703
380,703
283,5
284,5
649,281
650,281
578,485
579,485
803,76
804,76
1016,44
1017,44
252,830
253,830
458,47
459,47
880,94
881,94
786,805
787,805
658,614
659,614
167,940
168,940
740,861
741,861
74,1024
75,1024
865,357
866,357
870,891
871,891
639,657
640,657
257,767
258,767
478,420
479,420
507,714
508,714
873,490
874,490
387,416
388,416
916,167
917,167
864,477
865,477
846,844
847,844
898,803
899,803
857,25
858,25
666,664
667,664
342,876
343,876
739,784
740,784
354,637
355,637
962,1005
963,1005
497,157
498,157
278,11
279,11
639,284
640,284
468,553
469,553
710,759
711,759
681,15
682,15
389,459
390,459
384,631
385,631
251,582
252,582
494,398
495,398
530,714
531,714
734,517
735,517
416,507
417,507
445,543
446,543
160,584
161,584
774,757
775,757
424,586
425,586
181,924
182,924
708,9
709,9
677,423
678,423
530,744
531,744
914,365
915,365
964,302
965,302
155,678
156,678
530,466
531,466
336,479
337,479
855,780
856,780
403,739
404,739
197,915
198,915
626,495
627,495
505,741
506,741
865,209
866,209
411,600
412,600
935,278
936,278
965,340
966,340
300,784
301,784
1012,344
1013,344
398,702
399,702
756,783
757,783
297,253
298,253
576,822
577,822
967,445
968,445
689,965
690,965
19,978
20,978
449,202
450,202
934,590
935,590
558,837
559,837
63,960
64,960
158,942
159,942
657,624
658,624
622,388
623,388
839,627
840,627
372,545
373,545
934,903
935,903
792,951
793,951
614,229
615,229
391,282
392,282
533,647
534,647
913,229
914,229
449,981
450,981
557,76
558,76
779,526
780,526
581,124
582,124
257,911
258,911
940,390
941,390
347,979
348,979
659,591
660,591
685,381
686,381
622,9
623,9
403,177
404,177
904,203
905,203
28,812
29,812
393,151
394,151
681,995
682,995
996,624
997,624
329,1010
330,1010
229,814
230,814
998,273
999,273
401,188
402,188
464,160
465,160
655,1007
656,1007
108,916
109,916
783,333
784,333
209,753
210,753
685,353
686,353
554,475
555,475
806,783
807,783
378,198
379,198
691,395
692,395
854,627
855,627
105,888
106,888
673,654
674,654
599,327
600,327
447,429
448,429
698,302
699,302
774,576
775,576
238,565
239,565
934,47
935,47
936,91
937,91
707,283
708,283
423,583
424,583
705,337
706,337
935,858
936,858
566,1004
567,1004
893,662
894,662
274,66
275,66
349,859
350,859
2,1020
3,1020
735,653
736,653
752,900
753,900
714,565
715,565
281,916
282,916
858,834
859,834
680,778
681,778
131,893
132,893
969,169
970,169
862,570
863,570
254,565
255,565
465,692
466,692
414,9
415,9
247,765
248,765
308,879
309,879
10,289
11,289
803,144
804,144
618,946
619,946
223,831
224,831
863,470
864,470
339,314
340,314
583,891
584,891
848,158
849,158
187,889
188,889
1021,688
1022,688
339,873
340,873
589,840
590,840
360,13
361,13
520,513
521,513
198,799
199,799
244,590
245,590
372,760
373,760
42,988
43,988
678,296
679,296
956,157
957,157
582,1000
583,1000
956,36
957,36
750,962
751,962
449,804
450,804
137,892
138,892
291,852
292,852
214,674
215,674
175,921
176,921
731,124
732,124
201,569
202,569
770,1021
771,1021
267,391
268,391
369,1005
370,1005
534,1011
535,1011
767,37
768,37
363,647
364,647
641,458
642,458
201,964
202,964
568,56
569,56
1013,247
1014,247
812,267
813,267
618,629
619,629
171,818
172,818
631,478
632,478
221,772
222,772
607,286
608,286
7,799
8,799
641,613
642,613
597,1002
598,1002
690,764
691,764
695,12
696,12
630,813
631,813
365,888
366,888
922,970
923,970
598,209
599,209
567,911
568,911
806,234
807,234
133,823
134,823
415,967
416,967
408,10
409,10
690,380
691,380
636,800
637,800
944,800
945,800
774,364
775,364
751,956
752,956
620,721
621,721
964,889
965,889
670,677
671,677
130,1002
131,1002
528,696
529,696
603,364
604,364
738,691
739,691
964,588
965,588
753,915
754,915
929,186
930,186
302,322
303,322
146,735
147,735
991,875
992,875
818,446
819,446
1023,961
1024,961
637,1013
638,1013
327,54
328,54
494,847
495,847
858,209
859,209
328,179
329,179
109,998
110,998
555,776
556,776
1015,10
1016,10
12,586
13,586
1,927
2,927
485,62
486,62
46,993
47,993
25,921
26,921
491,963
492,963
272,609
273,609
827,295
828,295
552,1012
553,1012
1017,305
1018,305
1010,362
1011,362
867,691
868,691
255,614
256,614
791,387
792,387
350,508
351,508
276,911
277,911
137,772
138,772
587,298
588,298
460,868
461,868
800,848
801,848
947,7
948,7
206,897
207,897
942,934
943,934
265,766
266,766
585,228
586,228
842,654
843,654
655,455
656,455
577,914
578,914
624,163
625,163
604,924
605,924
920,380
921,380
668,408
669,408
911,504
912,504
428,590
429,590
229,977
230,977
935,24
936,24
257,597
258,597
182,967
183,967
982,928
983,928
480,692
481,692
486,394
487,394
542,130
543,130
1011,269
1012,269
840,363
841,363
786,416
787,416
306,279
307,279
932,53
933,53
775,3
776,3
440,784
441,784
388,607
389,607
645,764
646,764
578,257
579,257
504,713
505,713
823,28
824,28
300,456
301,456
495,85
496,85
707,512
708,512
939,68
940,68
528,736
529,736
375,122
376,122
245,1022
246,1022
937,776
938,776
271,616
272,616
600,892
601,892
57,979
58,979
216,964
217,964
155,1001
156,1001
636,745
637,745
526,298
527,298
740,854
741,854
392,999
393,999
655,38
656,38
707,37
708,37
565,314
566,314
391,393
392,393
146,954
147,954
417,824
418,824
844,930
845,930
520,1012
521,1012
114,861
115,861
261,269
262,269
1022,25
1023,25
482,67
483,67
811,228
812,228
500,163
501,163
975,48
976,48
604,232
605,232
108,862
109,862
749,179
750,179
256,964
257,964
694,991
695,991
688,430
689,430
406,66
407,66
414,725
415,725
639,524
640,524
978,880
979,880
599,414
600,414
587,124
588,124
584,753
585,753
295,752
296,752
986,740
987,740
891,10
892,10
686,222
687,222
515,218
516,218
852,561
853,561
613,986
614,986
542,426
543,426
293,298
294,298
736,68
737,68
343,581
344,581
644,481
645,481
419,917
420,917
396,283
397,283
450,344
451,344
647,244
648,244
807,267
808,267
463,554
464,554
529,153
530,153
631,112
632,112
619,119
620,119
141,896
142,896
638,668
639,668
744,277
745,277
45,928
46,928
445,624
446,624
1012,258
1013,258
954,919
955,919
519,596
520,596
789,662
790,662
954,941
955,941
132,888
133,888
540,52
541,52
756,302
757,302
294,359
295,359
400,998
401,998
836,78
837,78
245,974
246,974
904,845
905,845
602,300
603,300
356,518
357,518
757,374
758,374
781,361
782,361
774,521
775,521
467,44
468,44
303,909
304,909
705,332
706,332
407,72
408,72
373,660
374,660
10,948
11,948
16,957
17,957
125,587
126,587
626,343
627,343
634,12
635,12
656,476
657,476
118,832
119,832
528,181
529,181
794,233
795,233
1000,661
1001,661
858,741
859,741
343,974
344,974
263,377
264,377
359,904
360,904
915,584
916,584
504,769
505,769
741,103
742,103
853,846
854,846
300,390
301,390
352,91
353,91
631,719
632,719
856,144
857,144
499,102
500,102
779,324
780,324
244,750
245,750
916,243
917,243
390,447
391,447
132,909
133,909
370,26
371,26
973,842
974,842
34,963
35,963
967,281
968,281
396,945
397,945
936,583
937,583
811,595
812,595
401,944
402,944
803,964
804,964
538,775
539,775
11,261
12,261
943,73
944,73
835,905
836,905
861,554
862,554
840,843
841,843
106,785
107,785
713,802
714,802
864,609
865,609
769,710
770,710
521,184
522,184
108,921
109,921
385,816
386,816
403,227
404,227
811,97
812,97
614,336
615,336
85,589
86,589
710,719
711,719
971,236
972,236
820,1014
821,1014
303,562
304,562
867,788
868,788
343,519
344,519
671,582
672,582
391,695
392,695
393,705
394,705
702,37
703,37
602,211
603,211
958,420
959,420
310,69
311,69
618,663
619,663
317,61
318,61
776,783
777,783
12,929
13,929
946,132
947,132
369,212
370,212
672,189
673,189
1011,356
1012,356
805,284
806,284
499,621
500,621
612,1013
613,1013
916,781
917,781
770,944
771,944
839,588
840,588
596,881
597,881
667,644
668,644
895,859
896,859
658,406
659,406
985,473
986,473
564,655
565,655
355,259
356,259
490,593
491,593
395,254
396,254
886,12
887,12
498,420
499,420
453,475
454,475
682,641
683,641
878,513
879,513
946,975
947,975
100,1012
101,1012
714,254
715,254
788,3
789,3
246,815
247,815
1015,108
1016,108
454,42
455,42
967,460
968,460
457,551
458,551
323,17
324,17
843,95
844,95
141,858
142,858
625,414
626,414
781,17
782,17
438,949
439,949
238,779
239,779
276,400
277,400
136,815
137,815
154,887
155,887
261,11
262,11
906,905
907,905
661,600
662,600
760,675
761,675
772,878
773,878
956,409
957,409
171,265
172,265
941,89
942,89
734,275
735,275
862,23
863,23
511,322
512,322
635,76
636,76
668,166
669,166
368,476
369,476
842,378
843,378
839,154
840,154
669,283
670,283
616,635
617,635
368,470
369,470
573,84
574,84
864,423
865,423
375,217
376,217
710,403
711,403
767,113
768,113
1021,1006
1022,1006
481,18
482,18
606,697
607,697
562,803
563,803
846,788
847,788
491,104
492,104
237,761
238,761
686,20
687,20
694,247
695,247
587,983
588,983
182,616
183,616
651,220
652,220
361,580
362,580
388,886
389,886
555,707
556,707
573,181
574,181
615,383
616,383
411,777
412,777
954,321
955,321
827,431
828,431
853,577
854,577
377,47
378,47
603,645
604,645
185,594
186,594
654,708
655,708
77,792
78,792
469,547
470,547
403,345
404,345
289,326
290,326
659,225
660,225
784,924
785,924
376,96
377,96
346,404
347,404
429,804
430,804
462,587
463,587
451,832
452,832
334,441
335,441
683,765
684,765
277,301
278,301
1000,938
1001,938
516,152
517,152
620,405
621,405
938,960
939,960
393,661
394,661
875,399
876,399
298,1019
299,1019
642,830
643,830
849,411
850,411
433,824
434,824
615,981
616,981
12,1013
13,1013
724,984
725,984
701,247
702,247
529,70
530,70
855,583
856,583
677,360
678,360
308,305
309,305
525,85
526,85
610,707
611,707
818,407
819,407
905,932
906,932
782,560
783,560
765,628
766,628
381,922
382,922
826,585
827,585
463,183
464,183
233,785
234,785
15,273
16,273
626,90
627,90
995,656
996,656
760,849
761,849
344,181
345,181
778,922
779,922
985,227
986,227
460,277
461,277
259,582
260,582
461,19
462,19
791,15
792,15
525,638
526,638
636,543
637,543
685,957
686,957
643,791
644,791
561,627
562,627
897,856
898,856
895,360
896,360
488,547
489,547
528,599
529,599
244,737
245,737
988,170
989,170
569,1010
570,1010
278,949
279,949
599,748
600,748
178,946
179,946
148,748
149,748
940,720
941,720
701,91
702,91
986,314
987,314
919,243
920,243
198,957
199,957
764,975
765,975
107,839
108,839
945,943
946,943
297,511
298,511
861,500
862,500
678,449
679,449
464,172
465,172
580,650
581,650
502,90
503,90
340,150
341,150
497,168
498,168
273,25
274,25
955,130
956,130
939,566
940,566
345,279
346,279
498,595
499,595
785,103
786,103
217,832
218,832
108,954
109,954
884,848
885,848
769,59
770,59
300,197
301,197
793,725
794,725
10,991
11,991
649,144
650,144
851,836
852,836
262,241
263,241
416,610
417,610
695,276
696,276
290,320
291,320
863,702
864,702
519,952
520,952
292,791
293,791
767,22
768,22
783,947
784,947
1016,5
1017,5
435,611
436,611
153,914
154,914
251,720
252,720
875,803
876,803
780,313
781,313
601,213
602,213
686,950
687,950
695,657
696,657
291,924
292,924
589,780
590,780
395,418
396,418
391,262
392,262
854,540
855,540
695,796
696,796
234,591
235,591
774,835
775,835
316,921
317,921
611,620
612,620
492,192
493,192
801,159
802,159
315,998
316,998
96,935
97,935
169,812
170,812
678,252
679,252
453,283
454,283
296,620
297,620
524,162
525,162
339,987
340,987
388,980
389,980
963,83
964,83
896,407
897,407
210,960
211,960
554,508
555,508
617,486
618,486
503,681
504,681
612,241
613,241
761,262
762,262
461,505
462,505
471,170
472,170
772,932
773,932
635,680
636,680
287,315
288,315
927,855
928,855
781,674
782,674
318,331
319,331
405,921
406,921
935,69
936,69
587,46
588,46
632,204
633,204
346,870
347,870
649,780
650,780
630,843
631,843
825,22
826,22
710,474
711,474
417,199
418,199
646,294
647,294
723,667
724,667
345,284
346,284
854,552
855,552
122,277
123,277
289,703
290,703
709,387
710,387
850,700
851,700
337,757
338,757
690,807
691,807
991,29
992,29
764,5
765,5
708,366
709,366
701,324
702,324
214,938
215,938
927,286
928,286
887,219
888,219
772,47
773,47
874,168
875,168
494,151
495,151
87,736
88,736
57,295
58,295
621,486
622,486
677,312
678,312
22,769
23,769
932,496
933,496
704,284
705,284
336,419
337,419
459,309
460,309
889,767
890,767
485,565
486,565
570,993
571,993
877,9
878,9
649,861
650,861
264,1023
265,1023
374,933
375,933
424,604
425,604
555,745
556,745
1013,12
1014,12
252,660
253,660
306,617
307,617
263,760
264,760
535,372
536,372
281,582
282,582
969,795
970,795
262,970
263,970
405,55
406,55
944,149
945,149
196,910
197,910
355,702
356,702
545,187
546,187
873,672
874,672
209,836
210,836
894,337
895,337
849,591
850,591
691,413
692,413
595,241
596,241
659,656
660,656
617,137
618,137
162,864
163,864
870,673
871,673
866,349
867,349
283,268
284,268
537,836
538,836
916,956
917,956
328,219
329,219
204,934
205,934
801,883
802,883
929,953
930,953
267,716
268,716
473,597
474,597
733,949
734,949
246,748
247,748
318,3
319,3
351,623
352,623
960,907
961,907
961,819
962,819
106,1019
107,1019
595,372
596,372
287,70
288,70
508,642
509,642
314,134
315,134
899,239
900,239
560,639
561,639
85,911
86,911
625,265
626,265
249,736
250,736
435,880
436,880
458,742
459,742
603,703
604,703
342,147
343,147
934,82
935,82
939,396
940,396
925,659
926,659
702,1019
703,1019
271,534
272,534
362,833
363,833
38,952
39,952
804,925
805,925
637,640
638,640
303,619
304,619
352,19
353,19
142,788
143,788
536,622
537,622
440,368
441,368
704,935
705,935
603,479
604,479
882,888
883,888
751,883
752,883
963,823
964,823
463,85
464,85
665,468
666,468
137,827
138,827
625,97
626,97
451,114
452,114
288,555
289,555
819,329
820,329
363,302
364,302
1011,569
1012,569
570,1008
571,1008
620,969
621,969
755,981
756,981
1012,718
1013,718
438,589
439,589
895,185
896,185
769,782
770,782
573,859
574,859
876,781
877,781
680,247
681,247
187,819
188,819
868,684
869,684
163,666
164,666
647,538
648,538
187,615
188,615
204,265
205,265
549,795
550,795
492,595
493,595
463,193
464,193
698,312
699,312
28,779
29,779
375,634
376,634
121,868
122,868
281,831
282,831
223,748
224,748
767,459
768,459
65,576
66,576
331,754
332,754
1011,974
1012,974
754,373
755,373
953,600
954,600
570,172
571,172
863,495
864,495
292,604
293,604
278,412
279,412
991,219
992,219
722,833
723,833
272,269
273,269
992,235
993,235
328,449
329,449
710,561
711,561
343,164
344,164
429,236
430,236
399,933
400,933
497,490
498,490
961,550
962,550
309,21
310,21
579,644
580,644
364,613
365,613
347,27
348,27
866,245
867,245
702,458
703,458
695,522
696,522
693,592
694,592
736,165
737,165
328,580
329,580
896,1023
897,1023
471,103
472,103
635,587
636,587
326,69
327,69
951,104
952,104
896,770
897,770
293,593
294,593
389,617
390,617
550,258
551,258
919,932
920,932
855,36
856,36
433,628
434,628
638,280
639,280
10,964
11,964
818,456
819,456
683,288
684,288
505,121
506,121
725,540
726,540
606,927
607,927
788,284
789,284
154,865
155,865
100,1010
101,1010
436,889
437,889
403,728
404,728
306,25
307,25
209,956
210,956
366,941
367,941
501,736
502,736
572,772
573,772
923,1019
924,1019
519,474
520,474
52,734
53,734
757,925
758,925
984,274
985,274
997,639
998,639
803,757
804,757
744,925
745,925
687,162
688,162
925,385
926,385
281,569
282,569
778,296
779,296
876,195
877,195
290,595
291,595
424,630
425,630
531,509
532,509
635,203
636,203
397,989
398,989
480,64
481,64
576,596
577,596
866,620
867,620
927,996
928,996
319,296
320,296
45,920
46,920
611,961
612,961
376,188
377,188
75,931
76,931
735,549
736,549
587,576
588,576
440,594
441,594
274,23
275,23
390,250
391,250
912,525
913,525
685,994
686,994
650,231
651,231
385,767
386,767
859,308
860,308
253,943
254,943
307,508
308,508
828,218
829,218
117,804
118,804
325,20
326,20
818,123
819,123
966,126
967,126
67,950
68,950
433,590
434,590
862,159
863,159
502,583
503,583
617,148
618,148
980,173
981,173
961,628
962,628
469,657
470,657
29,767
30,767
453,392
454,392
881,166
882,166
335,609
336,609
473,86
474,86
625,650
626,650
334,86
335,86
433,65
434,65
211,812
212,812
394,940
395,940
383,943
384,943
268,764
269,764
521,747
522,747
685,332
686,332
945,280
946,280
391,405
392,405
532,613
533,613
421,359
422,359
186,873
187,873
783,953
784,953
826,546
827,546
960,979
961,979
259,339
260,339
452,356
453,356
746,875
747,875
602,995
603,995
635,220
636,220
662,164
663,164
790,273
791,273
281,366
282,366
952,569
953,569
232,764
233,764
772,982
773,982
797,57
798,57
595,180
596,180
663,738
664,738
118,585
119,585
721,629
722,629
519,129
520,129
579,180
580,180
947,341
948,341
721,9
722,9
697,927
698,927
571,329
572,329
803,333
804,333
521,584
522,584
357,966
358,966
453,699
454,699
377,916
378,916
49,564
50,564
805,562
806,562
933,995
934,995
315,78
316,78
336,40
337,40
533,1013
534,1013
487,866
488,866
999,474
1000,474
832,249
833,249
255,297
256,297
467,527
468,527
38,589
39,589
609,959
610,959
658,1019
659,1019
866,226
867,226
814,868
815,868
453,235
454,235
735,429
736,429
992,230
993,230
131,763
132,763
944,791
945,791
846,383
847,383
273,364
274,364
452,326
453,326
580,623
581,623
707,273
708,273
535,810
536,810
698,981
699,981
952,109
953,109
573,801
574,801
317,304
318,304
491,606
492,606
649,834
650,834
346,932
347,932
158,836
159,836
699,318
700,318
464,575
465,575
365,881
366,881
268,672
269,672
451,15
452,15
608,83
609,83
573,56
574,56
734,839
735,839
574,72
575,72
584,1005
585,1005
967,296
968,296
372,47
373,47
308,266
309,266
344,919
345,919
279,384
280,384
940,736
941,736
876,785
877,785
822,834
823,834
703,135
704,135
826,17
827,17
583,725
584,725
822,549
823,549
947,828
948,828
355,381
356,381
863,778
864,778
974,491
975,491
347,596
348,596
107,801
108,801
867,711
868,711
55,969
56,969
373,787
374,787
899,129
900,129
897,431
898,431
312,550
313,550
584,686
585,686
339,855
340,855
397,998
398,998
881,532
882,532
761,296
762,296
1021,990
1022,990
368,60
369,60
659,569
660,569
298,46
299,46
979,207
980,207
458,237
459,237
434,349
435,349
491,71
492,71
781,772
782,772
283,329
284,329
289,87
290,87
35,940
36,940
299,378
300,378
144,919
145,919
891,809
892,809
939,204
940,204
873,265
874,265
694,291
695,291
2,900
3,900
996,261
997,261
686,305
687,305
800,741
801,741
857,41
858,41
232,674
233,674
959,363
960,363
505,692
506,692
821,17
822,17
118,1018
119,1018
935,409
936,409
377,631
378,631
917,791
918,791
227,897
228,897
781,717
782,717
860,548
861,548
534,192
535,192
609,471
610,471
827,114
828,114
120,857
121,857
591,619
592,619
148,851
149,851
159,278
160,278
618,541
619,541
368,986
369,986
557,929
558,929
855,721
856,721
685,1005
686,1005
930,65
931,65
1014,241
1015,241
932,507
933,507
930,280
931,280
966,232
967,232
912,43
913,43
321,761
322,761
30,948
31,948
442,407
443,407
492,28
493,28
217,893
218,893
405,268
406,268
777,274
778,274
846,138
847,138
994,125
995,125
84,1000
85,1000
185,831
186,831
953,809
954,809
861,575
862,575
516,255
517,255
715,303
716,303
304,974
305,974
834,271
835,271
823,865
824,865
648,1004
649,1004
577,827
578,827
593,432
594,432
440,549
441,549
938,798
939,798
595,230
596,230
901,430
902,430
569,298
570,298
535,551
536,551
240,815
241,815
296,521
297,521
431,184
432,184
490,652
491,652
488,193
489,193
293,1000
294,1000
483,1016
484,1016
517,858
518,858
983,726
984,726
873,726
874,726
468,208
469,208
874,189
875,189
254,824
255,824
88,998
89,998
748,923
749,923
701,767
702,767
165,627
166,627
632,992
633,992
358,653
359,653
486,630
487,630
519,655
520,655
189,955
190,955
196,959
197,959
957,840
958,840
368,815
369,815
79,999
80,999
536,749
537,749
839,845
840,845
874,737
875,737
651,735
652,735
848,805
849,805
695,987
696,987
855,835
856,835
877,338
878,338
768,830
769,830
41,292
42,292
316,966
317,966
784,586
785,586
644,183
645,183
177,932
178,932
449,411
450,411
758,807
759,807
221,924
222,924
713,165
714,165
461,156
462,156
638,97
639,97
635,697
636,697
545,225
546,225
681,1007
682,1007
192,789
193,789
610,77
611,77
398,270
399,270
555,306
556,306
513,109
514,109
651,657
652,657
467,302
468,302
641,651
642,651
511,170
512,170
631,653
632,653
205,907
206,907
100,590
101,590
307,831
308,831
626,117
627,117
665,917
666,917
720,169
721,169
917,1023
918,1023
998,183
999,183
785,432
786,432
439,889
440,889
481,135
482,135
627,453
628,453
886,745
887,745
523,725
524,725
101,788
102,788
187,814
188,814
760,274
761,274
461,187
462,187
973,273
974,273
618,76
619,76
567,287
568,287
808,836
809,836
367,460
368,460
842,636
843,636
798,835
799,835
853,196
854,196
956,316
957,316
191,583
192,583
1010,505
1011,505
28,986
29,986
323,104
324,104
574,508
575,508
285,536
286,536
651,959
652,959
338,336
339,336
881,243
882,243
374,808
375,808
862,216
863,216
739,340
740,340
975,279
976,279
170,938
171,938
456,206
457,206
155,673
156,673
927,340
928,340
309,973
310,973
878,42
879,42
252,736
253,736
652,620
653,620
749,917
750,917
295,140
296,140
622,310
623,310
512,1013
513,1013
864,429
865,429
409,652
410,652
386,865
387,865
555,718
556,718
293,899
294,899
390,562
391,562
386,405
387,405
591,307
592,307
799,296
800,296
697,427
698,427
694,511
695,511
1001,589
1002,589
982,988
983,988
556,892
557,892
355,549
356,549
652,916
653,916
195,777
196,777
652,877
653,877
548,394
549,394
634,629
635,629
798,593
799,593
885,243
886,243
691,769
692,769
994,1011
995,1011
369,716
370,716
9,586
10,586
342,779
343,779
736,6
737,6
645,605
646,605
809,859
810,859
699,548
700,548
843,892
844,892
24,786
25,786
1017,941
1018,941
518,299
519,299
938,168
939,168
573,1007
574,1007
876,823
877,823
948,89
949,89
699,17
700,17
107,817
108,817
916,851
917,851
29,575
30,575
869,503
870,503
569,221
570,221
802,718
803,718
551,943
552,943
968,89
969,89
367,296
368,296
499,458
500,458
130,280
131,280
518,557
519,557
625,392
626,392
407,251
408,251
398,846
399,846
906,49
907,49
630,72
631,72
911,185
912,185
470,300
471,300
761,772
762,772
276,938
277,938
349,305
350,305
121,819
122,819
159,600
160,600
177,585
178,585
627,168
628,168
562,80
563,80
391,546
392,546
954,567
955,567
584,254
585,254
678,410
679,410
749,731
750,731
719,669
720,669
221,968
222,968
158,778
159,778
529,335
530,335
592,931
593,931
284,765
285,765
497,667
498,667
830,787
831,787
868,212
869,212
751,562
752,562
653,569
654,569
389,498
390,498
515,104
516,104
395,249
396,249
502,653
503,653
340,345
341,345
615,653
616,653
865,297
866,297
775,944
776,944
779,1020
780,1020
553,175
554,175
515,596
516,596
388,733
389,733
129,1015
130,1015
510,154
511,154
474,896
475,896
472,427
473,427
734,851
735,851
110,774
111,774
97,909
98,909
34,956
35,956
768,462
769,462
394,223
395,223
368,871
369,871
569,292
570,292
429,919
430,919
929,738
930,738
451,498
452,498
402,110
403,110
178,733
179,733
268,256
269,256
1012,553
1013,553
930,957
931,957
731,934
732,934
418,67
419,67
625,643
626,643
617,920
618,920
954,53
955,53
308,979
309,979
706,579
707,579
160,940
161,940
248,829
249,829
64,932
65,932
841,641
842,641
651,633
652,633
642,124
643,124
355,852
356,852
227,573
228,573
1006,331
1007,331
410,218
411,218
656,92
657,92
227,260
228,260
824,729
825,729
31,943
32,943
107,598
108,598
320,816
321,816
99,797
100,797
659,16
660,16
397,549
398,549
623,530
624,530
396,824
397,824
584,759
585,759
808,197
809,197
236,1003
237,1003
965,1
966,1
933,343
934,343
411,372
412,372
440,347
441,347
299,514
300,514
871,991
872,991
419,610
420,610
985,302
986,302
241,734
242,734
1008,517
1009,517
669,606
670,606
726,749
727,749
653,167
654,167
433,26
434,26
686,249
687,249
1008,844
1009,844
839,61
840,61
231,773
232,773
117,760
118,760
295,171
296,171
383,345
384,345
1007,199
1008,199
871,452
872,452
787,979
788,979
341,894
342,894
837,834
838,834
914,350
915,350
464,482
465,482
23,926
24,926
437,309
438,309
680,240
681,240
113,920
114,920
112,756
113,756
339,887
340,887
597,962
598,962
745,345
746,345
893,43
894,43
942,46
943,46
334,9
335,9
423,204
424,204
778,41
779,41
535,102
536,102
346,476
347,476
898,423
899,423
664,304
665,304
483,729
484,729
616,667
617,667
870,705
871,705
830,733
831,733
278,932
279,932
510,700
511,700
571,1003
572,1003
643,624
644,624
607,994
608,994
1002,325
1003,325
864,482
865,482
892,185
893,185
14,283
15,283
329,792
330,792
528,527
529,527
427,806
428,806
186,846
187,846
768,96
769,96
528,318
529,318
401,516
402,516
752,69
753,69
310,769
311,769
501,113
502,113
830,21
831,21
71,563
72,563
678,355
679,355
699,985
700,985
922,665
923,665
697,991
698,991
544,303
545,303
613,49
614,49
898,868
899,868
522,86
523,86
1011,899
1012,899
286,974
287,974
557,849
558,849
465,987
466,987
962,336
963,336
935,227
936,227
365,39
366,39
664,969
665,969
324,6
325,6
264,5
265,5
656,116
657,116
624,742
625,742
531,728
532,728
335,616
336,616
515,716
516,716
535,651
536,651
478,727
479,727
264,985
265,985
900,959
901,959
2,741
3,741
834,692
835,692
120,870
121,870
764,102
765,102
964,396
965,396
989,647
990,647
846,400
847,400
230,259
231,259
518,889
519,889
704,563
705,563
840,159
841,159
895,606
896,606
990,635
991,635
692,183
693,183
242,1006
243,1006
549,1007
550,1007
446,899
447,899
348,512
349,512
317,544
318,544
937,9
938,9
936,382
937,382
649,868
650,868
43,571
44,571
969,149
970,149
215,596
216,596
660,460
661,460
563,760
564,760
632,604
633,604
641,579
642,579
715,757
716,757
208,884
209,884
437,210
438,210
755,340
756,340
971,44
972,44
102,796
103,796
434,304
435,304
618,1002
619,1002
624,600
625,600
140,737
141,737
693,833
694,833
602,268
603,268
647,14
648,14
958,376
959,376
252,982
253,982
894,594
895,594
527,609
528,609
556,770
557,770
392,610
393,610
118,853
119,853
511,712
512,712
296,369
297,369
651,1020
652,1020
19,973
20,973
738,739
739,739
226,638
227,638
406,388
407,388
10,968
11,968
878,286
879,286
740,267
741,267
441,631
442,631
121,770
122,770
701,422
702,422
497,162
498,162
853,221
854,221
650,1014
651,1014
530,615
531,615
936,835
937,835
712,375
713,375
512,680
513,680
684,487
685,487
80,923
81,923
103,956
104,956
569,412
570,412
718,832
719,832
308,771
309,771
349,612
350,612
587,790
588,790
430,169
431,169
734,261
735,261
415,654
416,654
195,861
196,861
433,471
434,471
834,288
835,288
691,435
692,435
230,819
231,819
108,824
109,824
565,270
566,270
50,925
51,925
702,372
703,372
773,923
774,923
723,530
724,530
897,440
898,440
920,840
921,840
696,165
697,165
680,579
681,579
821,860
822,860
679,574
680,574
200,833
201,833
104,857
105,857
397,206
398,206
808,830
809,830
221,866
222,866
461,659
462,659
696,402
697,402
500,1010
501,1010
488,509
489,509
382,235
383,235
605,211
606,211
135,592
136,592
464,566
465,566
594,778
595,778
320,763
321,763
250,643
251,643
959,260
960,260
471,510
472,510
949,905
950,905
765,859
766,859
981,785
982,785
598,349
599,349
303,27
304,27
422,401
423,401
115,886
116,886
580,278
581,278
717,625
718,625
519,162
520,162
840,565
841,565
713,1
714,1
88,805
89,805
132,805
133,805
1016,876
1017,876
458,562
459,562
430,491
431,491
451,388
452,388
366,401
367,401
600,645
601,645
11,891
12,891
455,616
456,616
764,302
765,302
603,446
604,446
912,1011
913,1011
436,825
437,825
838,839
839,839
790,944
791,944
511,793
512,793
374,190
375,190
782,262
783,262
574,942
575,942
783,264
784,264
480,923
481,923
1008,226
1009,226
178,919
179,919
437,239
438,239
679,942
680,942
20,951
21,951
42,829
43,829
141,803
142,803
599,474
600,474
294,384
295,384
491,858
492,858
142,770
143,770
212,833
213,833
614,259
615,259
535,121
536,121
602,952
603,952
666,194
667,194
618,102
619,102
337,1024
338,1024
711,63
712,63
8,959
9,959
477,464
478,464
422,878
423,878
443,40
444,40
261,584
262,584
115,853
116,853
700,460
701,460
25,998
26,998
599,716
600,716
340,769
341,769
280,728
281,728
174,894
175,894
961,141
962,141
137,842
138,842
100,908
101,908
923,337
924,337
185,648
186,648
789,420
790,420
641,475
642,475
712,763
713,763
632,77
633,77
303,382
304,382
804,690
805,690
634,686
635,686
734,785
735,785
863,466
864,466
378,195
379,195
618,513
619,513
74,557
75,557
684,454
685,454
624,256
625,256
597,849
598,849
866,219
867,219
733,588
734,588
405,494
406,494
290,562
291,562
864,533
865,533
266,755
267,755
952,930
953,930
777,835
778,835
468,443
469,443
542,939
543,939
203,979
204,979
374,627
375,627
73,935
74,935
110,791
111,791
549,323
550,323
701,781
702,781
658,771
659,771
716,690
717,690
419,29
420,29
333,266
334,266
995,590
996,590
653,269
654,269
183,874
184,874
847,849
848,849
1005,987
1006,987
609,308
610,308
653,226
654,226
589,879
590,879
81,928
82,928
267,792
268,792
315,478
316,478
492,170
493,170
795,589
796,589
746,130
747,130
581,666
582,666
676,544
677,544
291,962
292,962
407,487
408,487
360,275
361,275
361,751
362,751
815,615
816,615
993,207
994,207
108,1010
109,1010
997,677
998,677
677,952
678,952
829,804
830,804
920,856
921,856
708,544
709,544
605,901
606,901
316,759
317,759
847,115
848,115
616,241
617,241
955,574
956,574
892,858
893,858
632,439
633,439
12,909
13,909
548,751
549,751
42,983
43,983
410,996
411,996
478,660
479,660
635,258
636,258
250,990
251,990
971,628
972,628
352,64
353,64
153,892
154,892
979,355
980,355
617,996
618,996
813,315
814,315
541,922
542,922
625,656
626,656
833,787
834,787
138,859
139,859
610,922
611,922
650,271
651,271
968,292
969,292
752,944
753,944
690,812
691,812
352,562
353,562
713,419
714,419
118,898
119,898
330,377
331,377
699,629
700,629
731,551
732,551
577,995
578,995
893,238
894,238
1012,549
1013,549
630,850
631,850
926,975
927,975
423,899
424,899
595,913
596,913
455,541
456,541
695,123
696,123
271,966
272,966
502,554
503,554
952,431
953,431
593,268
594,268
346,951
347,951
472,283
473,283
916,217
917,217
272,973
273,973
578,317
579,317
582,446
583,446
891,153
892,153
392,519
393,519
379,883
380,883
1002,616
1003,616
799,570
800,570
460,989
461,989
700,433
701,433
2,1004
3,1004
589,193
590,193
192,887
193,887
354,962
355,962
839,723
840,723
334,283
335,283
773,901
774,901
787,908
788,908
354,200
355,200
74,968
75,968
769,210
770,210
898,9
899,9
616,701
617,701
589,778
590,778
429,981
430,981
92,953
93,953
132,799
133,799
40,1011
41,1011
731,839
732,839
940,41
941,41
764,777
765,777
899,414
900,414
635,816
636,816
962,255
963,255
528,1014
529,1014
334,984
335,984
441,51
442,51
787,771
788,771
222,770
223,770
349,988
350,988
744,66
745,66
187,265
188,265
930,766
931,766
287,513
288,513
1023,932
1024,932
822,514
823,514
386,662
387,662
970,39
971,39
446,450
447,450
679,788
680,788
459,9
460,9
16,961
17,961
320,739
321,739
321,121
322,121
958,582
959,582
422,439
423,439
234,991
235,991
597,471
598,471
682,923
683,923
738,958
739,958
430,826
431,826
181,600
182,600
173,958
174,958
293,331
294,331
522,1022
523,1022
679,762
680,762
660,173
661,173
684,710
685,710
380,359
381,359
735,581
736,581
545,45
546,45
380,697
381,697
562,259
563,259
643,513
644,513
854,643
855,643
895,376
896,376
430,164
431,164
865,772
866,772
271,107
272,107
510,735
511,735
388,623
389,623
404,455
405,455
996,641
997,641
997,994
998,994
655,652
656,652
504,730
505,730
840,539
841,539
283,608
284,608
1,966
2,966
604,835
605,835
691,340
692,340
909,6
910,6
549,137
550,137
784,86
785,86
741,98
742,98
901,133
902,133
534,624
535,624
454,458
455,458
897,358
898,358
868,771
869,771
540,161
541,161
827,197
828,197
324,1024
325,1024
1023,118
1024,118
407,625
408,625
267,87
268,87
855,655
856,655
981,260
982,260
584,994
585,994
893,167
894,167
368,684
369,684
3,983
4,983
782,302
783,302
48,291
49,291
559,372
560,372
684,152
685,152
574,963
575,963
312,316
313,316
796,671
797,671
166,995
167,995
998,267
999,267
681,355
682,355
566,1011
567,1011
467,434
468,434
673,758
674,758
536,557
537,557
701,974
702,974
618,142
619,142
405,191
406,191
533,864
534,864
603,9
604,9
32,596
33,596
259,750
260,750
440,621
441,621
367,520
368,520
572,810
573,810
384,607
385,607
406,712
407,712
474,343
475,343
74,562
75,562
532,702
533,702
643,661
644,661
68,736
69,736
402,106
403,106
864,580
865,580
986,219
987,219
300,29
301,29
610,110
611,110
414,584
415,584
733,24
734,24
383,165
384,165
818,380
819,380
786,229
787,229
738,27
739,27
118,782
119,782
345,877
346,877
779,965
780,965
335,386
336,386
676,629
677,629
729,536
730,536
645,738
646,738
213,866
214,866
830,414
831,414
171,866
172,866
261,591
262,591
687,741
688,741
663,476
664,476
828,76
829,76
577,502
578,502
502,922
503,922
317,742
318,742
229,966
230,966
886,319
887,319
728,781
729,781
727,167
728,167
599,859
600,859
498,880
499,880
564,250
565,250
886,576
887,576
268,687
269,687
771,305
772,305
989,970
990,970
798,226
799,226
181,589
182,589
328,141
329,141
842,554
843,554
551,893
552,893
416,139
417,139
391,331
392,331
731,872
732,872
728,344
729,344
586,280
587,280
574,613
575,613
580,613
581,613
690,243
691,243
16,590
17,590
288,802
289,802
543,555
544,555
433,498
434,498
632,143
633,143
741,38
742,38
884,812
885,812
372,593
373,593
563,682
564,682
100,815
101,815
250,288
251,288
304,392
305,392
660,378
661,378
318,845
319,845
292,357
293,357
683,239
684,239
689,632
690,632
257,958
258,958
485,465
486,465
312,358
313,358
647,310
648,310
305,16
306,16
661,382
662,382
142,814
143,814
416,349
417,349
658,515
659,515
707,742
708,742
774,709
775,709
653,1010
654,1010
594,853
595,853
485,68
486,68
529,56
530,56
316,44
317,44
396,305
397,305
423,564
424,564
542,770
543,770
903,926
904,926
361,54
362,54
465,150
466,150
547,93
548,93
898,435
899,435
448,641
449,641
606,682
607,682
476,508
477,508
620,962
621,962
790,178
791,178
672,641
673,641
587,182
588,182
947,927
948,927
626,808
627,808
763,409
764,409
317,17
318,17
777,583
778,583
364,1013
365,1013
300,356
301,356
229,786
230,786
396,611
397,611
588,30
589,30
201,907
202,907
501,961
502,961
797,384
798,384
733,505
734,505
519,315
520,315
728,534
729,534
658,803
659,803
696,625
697,625
532,690
533,690
875,321
876,321
992,690
993,690
916,189
917,189
889,366
890,366
650,495
651,495
981,961
982,961
732,808
733,808
147,803
148,803
676,569
677,569
753,376
754,376
813,978
814,978
795,30
796,30
967,838
968,838
756,40
757,40
382,866
383,866
124,972
125,972
391,267
392,267
953,822
954,822
702,443
703,443
651,468
652,468
472,723
473,723
942,901
943,901
433,660
434,660
463,741
464,741
436,551
437,551
874,720
875,720
429,723
430,723
290,840
291,840
968,778
969,778
668,359
669,359
55,767
56,767
264,59
265,59
764,589
765,589
413,191
414,191
418,814
419,814
927,334
928,334
711,511
712,511
154,916
155,916
425,597
426,597
886,861
887,861
685,343
686,343
431,393
432,393
468,702
469,702
491,738
492,738
1023,112
1024,112
215,658
216,658
861,729
862,729
717,246
718,246
624,797
625,797
749,551
750,551
821,964
822,964
979,243
980,243
158,793
159,793
721,383
722,383
460,95
461,95
799,724
800,724
474,136
475,136
531,213
532,213
260,291
261,291
433,31
434,31
387,284
388,284
1018,508
1019,508
262,37
263,37
73,953
74,953
159,909
160,909
176,959
177,959
966,330
967,330
291,396
292,396
740,920
741,920
857,220
858,220
675,794
676,794
503,46
504,46
872,464
873,464
72,755
73,755
278,850
279,850
118,748
119,748
938,85
939,85
255,938
256,938
496,16
497,16
754,664
755,664
670,1011
671,1011
349,394
350,394
687,567
688,567
488,427
489,427
394,508
395,508
979,364
980,364
989,937
990,937
824,722
825,722
955,163
956,163
121,891
122,891
789,404
790,404
779,341
780,341
554,781
555,781
335,61
336,61
251,792
252,792
537,184
538,184
484,511
485,511
623,678
624,678
494,744
495,744
526,82
527,82
65,736
66,736
939,349
940,349
843,614
844,614
891,984
892,984
64,1010
65,1010
441,715
442,715
589,111
590,111
723,783
724,783
333,309
334,309
692,544
693,544
370,53
371,53
377,264
378,264
887,385
888,385
372,217
373,217
1001,622
1002,622
673,791
674,791
471,137
472,137
373,968
374,968
968,385
969,385
953,55
954,55
873,836
874,836
473,175
474,175
475,514
476,514
848,679
849,679
59,923
60,923
138,940
139,940
328,841
329,841
41,758
42,758
562,52
563,52
673,631
674,631
532,756
533,756
638,1018
639,1018
529,73
530,73
728,244
729,244
993,76
994,76
144,952
145,952
733,534
734,534
628,757
629,757
335,637
336,637
873,666
874,666
420,741
421,741
529,51
530,51
565,916
566,916
153,872
154,872
680,327
681,327
918,195
919,195
730,666
731,666
143,776
144,776
290,818
291,818
104,763
105,763
742,152
743,152
714,298
715,298
82,1006
83,1006
564,178
565,178
405,898
406,898
501,796
502,796
334,461
335,461
1021,495
1022,495
516,586
517,586
744,821
745,821
452,727
453,727
624,694
625,694
287,737
288,737
611,204
612,204
12,941
13,941
940,817
941,817
525,598
526,598
295,150
296,150
596,991
597,991
733,861
734,861
673,253
674,253
911,246
912,246
715,746
716,746
569,7
570,7
531,241
532,241
497,769
498,769
810,545
811,545
657,121
658,121
822,559
823,559
637,241
638,241
885,22
886,22
120,864
121,864
879,549
880,549
163,671
164,671
350,808
351,808
810,283
811,283
134,586
135,586
482,110
483,110
732,675
733,675
403,379
404,379
660,366
661,366
937,260
938,260
1016,153
1017,153
11,570
12,570
798,780
799,780
513,131
514,131
698,411
699,411
476,64
477,64
571,241
572,241
924,895
925,895
422,346
423,346
488,864
489,864
268,567
269,567
107,882
108,882
799,805
800,805
540,797
541,797
73,947
74,947
608,292
609,292
316,867
317,867
187,911
188,911
776,785
777,785
266,261
267,261
526,719
527,719
793,123
794,123
317,548
318,548
994,694
995,694
529,597
530,597
405,290
406,290
665,254
666,254
671,752
672,752
994,163
995,163
325,267
326,267
526,8
527,8
72,596
73,596
144,758
145,758
928,138
929,138
973,1024
974,1024
761,559
762,559
443,549
444,549
619,805
620,805
382,587
383,587
920,862
921,862
992,893
993,893
232,725
233,725
527,79
528,79
667,874
668,874
1000,988
1001,988
737,717
738,717
693,336
694,336
936,344
937,344
260,235
261,235
988,246
989,246
616,576
617,576
548,554
549,554
665,246
666,246
794,255
795,255
798,117
799,117
537,717
538,717
430,634
431,634
568,249
569,249
347,465
348,465
834,267
835,267
870,1012
871,1012
403,719
404,719
828,836
829,836
628,189
629,189
386,235
387,235
247,583
248,583
960,112
961,112
409,195
410,195
888,733
889,733
387,218
388,218
403,224
404,224
468,130
469,130
334,912
335,912
548,280
549,280
963,872
964,872
283,322
284,322
860,893
861,893
986,165
987,165
284,761
285,761
864,306
865,306
986,972
987,972
501,80
502,80
727,255
728,255
77,957
78,957
422,517
423,517
560,550
561,550
927,175
928,175
553,936
554,936
947,613
948,613
603,774
604,774
131,795
132,795
874,984
875,984
274,784
275,784
535,115
536,115
643,221
644,221
169,972
170,972
516,474
517,474
304,587
305,587
936,75
937,75
474,876
475,876
659,794
660,794
295,775
296,775
287,569
288,569
859,203
860,203
4,922
5,922
903,188
904,188
618,185
619,185
421,111
422,111
1004,982
1005,982
352,595
353,595
1015,417
1016,417
783,525
784,525
381,833
382,833
762,16
763,16
863,373
864,373
136,806
137,806
335,368
336,368
412,875
413,875
427,493
428,493
262,82
263,82
510,783
511,783
320,345
321,345
431,789
432,789
810,300
811,300
933,163
934,163
743,718
744,718
1006,446
1007,446
944,877
945,877
374,864
375,864
83,572
84,572
533,132
534,132
668,255
669,255
459,178
460,178
448,728
449,728
661,169
662,169
160,607
161,607
733,522
734,522
579,305
580,305
219,570
220,570
777,818
778,818
479,595
480,595
462,1016
463,1016
858,769
859,769
798,1021
799,1021
891,422
892,422
547,172
548,172
892,365
893,365
300,460
301,460
151,883
152,883
855,682
856,682
962,51
963,51
46,922
47,922
700,591
701,591
206,632
207,632
336,331
337,331
812,590
813,590
392,453
393,453
222,974
223,974
443,515
444,515
897,599
898,599
415,594
416,594
726,266
727,266
778,882
779,882
622,103
623,103
799,582
800,582
560,1011
561,1011
950,11
951,11
932,1002
933,1002
830,392
831,392
793,785
794,785
292,688
293,688
930,931
931,931
260,981
261,981
28,564
29,564
344,209
345,209
649,730
650,730
383,904
384,904
39,984
40,984
518,277
519,277
399,851
400,851
849,416
850,416
484,248
485,248
565,707
566,707
122,1011
123,1011
627,412
628,412
739,947
740,947
291,726
292,726
349,152
350,152
1021,917
1022,917
108,587
109,587
874,410
875,410
508,183
509,183
697,575
698,575
279,401
280,401
720,756
721,756
308,37
309,37
688,688
689,688
509,460
510,460
782,234
783,234
132,937
133,937
354,945
355,945
435,606
436,606
170,674
171,674
332,3
333,3
551,28
552,28
290,32
291,32
259,252
260,252
547,844
548,844
579,26
580,26
73,973
74,973
715,823
716,823
930,591
931,591
442,625
443,625
761,346
762,346
155,658
156,658
898,775
899,775
945,922
946,922
559,129
560,129
910,662
911,662
627,30
628,30
570,625
571,625
878,336
879,336
771,726
772,726
75,737
76,737
616,914
617,914
572,363
573,363
949,280
950,280
77,557
78,557
745,858
746,858
805,663
806,663
434,47
435,47
1018,885
1019,885
116,882
117,882
649,561
650,561
385,691
386,691
826,191
827,191
615,1009
616,1009
377,758
378,758
385,899
386,899
749,267
750,267
333,18
334,18
405,576
406,576
466,488
467,488
484,548
485,548
669,666
670,666
369,657
370,657
575,229
576,229
551,334
552,334
317,747
318,747
662,606
663,606
573,905
574,905
201,930
202,930
727,96
728,96
891,595
892,595
335,25
336,25
904,889
905,889
1022,549
1023,549
204,939
205,939
380,1008
381,1008
704,973
705,973
525,56
526,56
101,557
102,557
539,463
540,463
807,211
808,211
482,122
483,122
731,275
732,275
583,216
584,216
395,381
396,381
926,515
927,515
12,887
13,887
210,807
211,807
597,426
598,426
984,769
985,769
360,998
361,998
390,427
391,427
326,44
327,44
604,15
605,15
491,432
492,432
418,53
419,53
700,991
701,991
351,514
352,514
718,165
719,165
629,145
630,145
845,662
846,662
158,602
159,602
912,355
913,355
458,922
459,922
866,318
867,318
777,424
778,424
723,986
724,986
251,588
252,588
416,113
417,113
997,843
998,843
573,264
574,264
408,247
409,247
541,983
542,983
666,957
667,957
979,375
980,375
790,591
791,591
481,379
482,379
998,667
999,667
481,610
482,610
215,899
216,899
293,943
294,943
888,362
889,362
584,916
585,916
470,153
471,153
352,108
353,108
576,76
577,76
43,1016
44,1016
372,284
373,284
692,565
693,565
739,975
740,975
131,834
132,834
935,787
936,787
493,400
494,400
557,793
558,793
849,389
850,389
630,660
631,660
353,369
354,369
567,768
568,768
806,904
807,904
606,938
607,938
929,844
930,844
343,1024
344,1024
577,332
578,332
964,313
965,313
61,927
62,927
155,646
156,646
332,380
333,380
763,881
764,881
993,190
994,190
701,465
702,465
756,106
757,106
660,475
661,475
990,998
991,998
871,498
872,498
416,234
417,234
991,323
992,323
685,180
686,180
387,784
388,784
853,14
854,14
964,139
965,139
963,106
964,106
352,519
353,519
308,786
309,786
669,692
670,692
563,705
564,705
741,390
742,390
315,927
316,927
993,214
994,214
365,509
366,509
291,111
292,111
838,532
839,532
138,864
139,864
756,841
757,841
331,583
332,583
537,726
538,726
938,80
939,80
353,584
354,584
703,607
704,607
686,178
687,178
1022,562
1023,562
610,159
611,159
155,274
156,274
374,534
375,534
571,77
572,77
350,667
351,667
130,813
131,813
900,729
901,729
43,861
44,861
967,785
968,785
40,572
41,572
422,702
423,702
355,868
356,868
749,265
750,265
602,683
603,683
293,977
294,977
578,433
579,433
688,485
689,485
698,290
699,290
874,660
875,660
349,847
350,847
664,924
665,924
473,650
474,650
953,246
954,246
612,208
613,208
986,175
987,175
875,913
876,913
862,339
863,339
671,709
672,709
600,689
601,689
614,83
615,83
808,579
809,579
243,816
244,816
988,626
989,626
1022,665
1023,665
706,753
707,753
657,389
658,389
678,979
679,979
193,925
194,925
706,574
707,574
420,46
421,46
456,989
457,989
567,302
568,302
971,327
972,327
792,595
793,595
43,950
44,950
674,215
675,215
951,207
952,207
375,868
376,868
924,931
925,931
308,863
309,863
785,717
786,717
594,903
595,903
201,942
202,942
162,601
163,601
620,605
621,605
57,278
58,278
103,851
104,851
736,537
737,537
594,801
595,801
1019,679
1020,679
181,842
182,842
174,607
175,607
716,181
717,181
9,997
10,997
9,957
10,957
751,869
752,869
368,904
369,904
639,722
640,722
374,205
375,205
525,522
526,522
885,307
886,307
383,358
384,358
278,834
279,834
291,599
292,599
419,599
420,599
629,631
630,631
56,772
57,772
683,936
684,936
891,240
892,240
169,830
170,830
699,405
700,405
367,448
368,448
53,598
54,598
784,592
785,592
573,191
574,191
414,864
415,864
298,774
299,774
623,594
624,594
440,879
441,879
993,174
994,174
279,883
280,883
651,510
652,510
844,197
845,197
863,61
864,61
141,1011
142,1011
565,320
566,320
913,891
914,891
683,421
684,421
480,440
481,440
729,267
730,267
870,678
871,678
711,545
712,545
467,110
468,110
591,27
592,27
1005,1005
1006,1005
276,888
277,888
350,1005
351,1005
616,805
617,805
960,2
961,2
747,710
748,710
767,481
768,481
340,615
341,615
184,288
185,288
471,378
472,378
863,450
864,450
454,574
455,574
593,445
594,445
774,106
775,106
746,611
747,611
696,423
697,423
968,144
969,144
817,708
818,708
565,57
566,57
321,751
322,751
215,629
216,629
514,405
515,405
367,356
368,356
685,481
686,481
240,557
241,557
510,526
511,526
230,710
231,710
817,203
818,203
394,715
395,715
303,892
304,892
772,113
773,113
915,551
916,551
922,956
923,956
298,685
299,685
352,967
353,967
598,333
599,333
286,913
287,913
954,152
955,152
619,766
620,766
637,190
638,190
977,699
978,699
456,277
457,277
66,291
67,291
160,627
161,627
860,758
861,758
260,547
261,547
522,665
523,665
712,183
713,183
877,91
878,91
979,305
980,305
925,444
926,444
677,481
678,481
763,323
764,323
684,459
685,459
683,739
684,739
380,287
381,287
389,706
390,706
62,993
63,993
304,625
305,625
645,747
646,747
285,863
286,863
375,387
376,387
308,907
309,907
983,216
984,216
370,825
371,825
818,463
819,463
567,395
568,395
250,682
251,682
257,822
258,822
957,268
958,268
692,658
693,658
636,165
637,165
237,292
238,292
987,126
988,126
107,856
108,856
497,305
498,305
605,337
606,337
356,463
357,463
727,15
728,15
291,869
292,869
451,633
452,633
771,303
772,303
482,90
483,90
734,544
735,544
467,246
468,246
267,305
268,305
369,776
370,776
740,848
741,848
946,57
947,57
442,434
443,434
281,185
282,185
757,890
758,890
665,189
666,189
532,356
533,356
655,744
656,744
827,602
828,602
620,633
621,633
551,356
552,356
469,192
470,192
498,995
499,995
215,640
216,640
385,292
386,292
931,148
932,148
376,872
377,872
268,961
269,961
954,305
955,305
715,976
716,976
467,373
468,373
672,605
673,605
987,254
988,254
967,407
968,407
476,273
477,273
373,835
374,835
505,412
506,412
769,946
770,946
553,503
554,503
386,789
387,789
715,330
716,330
785,421
786,421
990,192
991,192
576,1012
577,1012
937,950
938,950
369,48
370,48
302,843
303,843
550,242
551,242
912,558
913,558
610,106
611,106
573,394
574,394
120,917
121,917
444,402
445,402
91,290
92,290
930,799
931,799
930,71
931,71
162,892
163,892
353,939
354,939
873,783
874,783
163,277
164,277
117,908
118,908
788,929
789,929
682,317
683,317
385,959
386,959
811,305
812,305
603,469
604,469
484,412
485,412
263,74
264,74
633,559
634,559
206,567
207,567
713,665
714,665
1022,857
1023,857
897,835
898,835
173,888
174,888
379,36
380,36
655,61
656,61
723,339
724,339
700,165
701,165
756,413
757,413
349,148
350,148
324,306
325,306
921,129
922,129
404,905
405,905
622,688
623,688
460,61
461,61
405,981
406,981
876,895
877,895
872,710
873,710
914,249
915,249
582,518
583,518
862,964
863,964
691,364
692,364
121,956
122,956
275,7
276,7
707,124
708,124
503,302
504,302
678,624
679,624
676,690
677,690
626,308
627,308
335,851
336,851
543,171
544,171
378,39
379,39
1019,722
1020,722
788,103
789,103
754,149
755,149
553,258
554,258
469,428
470,428
835,615
836,615
270,517
271,517
649,698
650,698
538,134
539,134
515,503
516,503
910,174
911,174
514,513
515,513
277,29
278,29
752,951
753,951
556,657
557,657
265,753
266,753
480,156
481,156
873,818
874,818
265,9
266,9
300,328
301,328
649,795
650,795
958,69
959,69
667,988
668,988
831,584
832,584
57,963
58,963
951,948
952,948
77,869
78,869
658,639
659,639
513,257
514,257
416,353
417,353
475,711
476,711
291,118
292,118
497,26
498,26
791,841
792,841
445,296
446,296
350,534
351,534
317,340
318,340
780,570
781,570
365,284
366,284
613,991
614,991
387,738
388,738
1022,386
1023,386
29,969
30,969
1019,475
1020,475
316,380
317,380
419,692
420,692
509,522
510,522
650,215
651,215
670,128
671,128
121,765
122,765
685,677
686,677
622,468
623,468
606,342
607,342
980,348
981,348
504,249
505,249
647,518
648,518
105,945
106,945
163,654
164,654
657,767
658,767
1019,974
1020,974
218,932
219,932
717,597
718,597
816,731
817,731
51,914
52,914
389,317
390,317
368,399
369,399
489,93
490,93
854,649
855,649
128,598
129,598
603,906
604,906
667,1011
668,1011
245,1005
246,1005
416,42
417,42
25,571
26,571
675,43
676,43
226,813
227,813
264,411
265,411
606,987
607,987
141,873
142,873
389,437
390,437
587,260
588,260
550,839
551,839
315,484
316,484
658,449
659,449
459,166
460,166
888,159
889,159
828,371
829,371
208,266
209,266