627,543
627,544
628,543
628,544
283,906
283,907
284,906
284,907
765,582
765,583
766,582
766,583
351,982
351,983
352,982
352,983
425,738
425,739
426,738
426,739
372,549
372,550
373,549
373,550
885,114
885,115
886,114
886,115
445,243
445,244
446,243
446,244
259,960
259,961
260,960
260,961
315,591
315,592
316,591
316,592
826,474
826,475
827,474
827,475
990,913
990,914
991,913
991,914
350,598
350,599
351,598
351,599
382,53
382,54
383,53
383,54
331,559
331,560
332,559
332,560
210,814
210,815
211,814
211,815
667,297
667,298
668,297
668,298
486,81
486,82
487,81
487,82
417,641
417,642
418,641
418,642
532,737
532,738
533,737
533,738
488,300
488,301
489,300
489,301
596,485
596,486
597,485
597,486
208,937
208,938
209,937
209,938
424,490
424,491
425,490
425,491
424,846
424,847
425,846
425,847
873,893
873,894
874,893
874,894
926,459
926,460
927,459
927,460
700,13
700,14
701,13
701,14
260,363
260,364
261,363
261,364
944,776
944,777
945,776
945,777
270,521
270,522
271,521
271,522
886,266
886,267
887,266
887,267
488,84
488,85
489,84
489,85
892,598
892,599
893,598
893,599
171,677
171,678
172,677
172,678
602,604
602,605
603,604
603,605
458,596
458,597
459,596
459,597
632,903
632,904
633,903
633,904
710,849
710,850
711,849
711,850
358,239
358,240
359,239
359,240
418,49
418,50
419,49
419,50
614,446
614,447
615,446
615,447
165,822
165,823
166,822
166,823
316,601
316,602
317,601
317,602
722,709
722,710
723,709
723,710
923,709
923,710
924,709
924,710
693,721
693,722
694,721
694,722
77,802
77,803
78,802
78,803
975,780
975,781
976,780
976,781
708,739
708,740
709,739
709,740
621,72
621,73
622,72
622,73
703,658
703,659
704,658
704,659
1006,1013
1006,1014
1007,1013
1007,1014
270,976
270,977
271,976
271,977
825,266
825,267
826,266
826,267
685,816
685,817
686,816
686,817
423,343
423,344
424,343
424,344
427,19
427,20
428,19
428,20
558,961
558,962
559,961
559,962
956,346
956,347
957,346
957,347
296,479
296,480
297,479
297,480
1023,739
1023,740
1024,739
1024,740
893,188
893,189
894,188
894,189
267,963
267,964
268,963
268,964
109,831
109,832
110,831
110,832
143,899
143,900
144,899
144,900
403,47
403,48
404,47
404,48
767,553
767,554
768,553
768,554
895,368
895,369
896,368
896,369
363,119
363,120
364,119
364,120
1022,624
1022,625
1023,624
1023,625
457,711
457,712
458,711
458,712
667,624
667,625
668,624
668,625
882,512
882,513
883,512
883,513
479,581
479,582
480,581
480,582
576,905
576,906
577,905
577,906
273,48
273,49
274,48
274,49
880,553
880,554
881,553
881,554
254,847
254,848
255,847
255,848
146,854
146,855
147,854
147,855
956,274
956,275
957,274
957,275
495,123
495,124
496,123
496,124
269,992
269,993
270,992
270,993
710,394
710,395
711,394
711,395
282,644
282,645
283,644
283,645
904,206
904,207
905,206
905,207
606,10
606,11
607,10
607,11
855,790
855,791
856,790
856,791
408,177
408,178
409,177
409,178
992,249
992,250
993,249
993,250
470,343
470,344
471,343
471,344
812,772
812,773
813,772
813,773
809,894
809,895
810,894
810,895
583,756
583,757
584,756
584,757
893,867
893,868
894,867
894,868
916,621
916,622
917,621
917,622
155,883
155,884
156,883
156,884
916,318
916,319
917,318
917,319
818,120
818,121
819,120
819,121
884,968
884,969
885,968
885,969
849,23
849,24
850,23
850,24
957,1018
957,1019
958,1018
958,1019
780,714
780,715
781,714
781,715
125,800
125,801
126,800
126,801
604,998
604,999
605,998
605,999
306,323
306,324
307,323
307,324
117,736
117,737
118,736
118,737
920,832
920,833
921,832
921,833
577,184
577,185
578,184
578,185
680,527
680,528
681,527
681,528
992,1005
992,1006
993,1005
993,1006
257,979
257,980
258,979
258,980
987,465
987,466
988,465
988,466
762,556
762,557
763,556
763,557
625,860
625,861
626,860
626,861
284,51
284,52
285,51
285,52
1019,997
1019,998
1020,997
1020,998
813,963
813,964
814,963
814,964
147,930
147,931
148,930
148,931
310,290
310,291
311,290
311,291
495,522
495,523
496,522
496,523
372,50
372,51
373,50
373,51
85,942
85,943
86,942
86,943
112,911
112,912
113,911
113,912
352,39
352,40
353,39
353,40
961,844
961,845
962,844
962,845
945,238
945,239
946,238
946,239
930,824
930,825
931,824
931,825
594,298
594,299
595,298
595,299
432,204
432,205
433,204
433,205
1023,558
1023,559
1024,558
1024,559
398,218
398,219
399,218
399,219
486,458
486,459
487,458
487,459
212,984
212,985
213,984
213,985
834,543
834,544
835,543
835,544
593,615
593,616
594,615
594,616
878,891
878,892
879,891
879,892
395,428
395,429
396,428
396,429
459,406
459,407
460,406
460,407
933,243
933,244
934,243
934,244
343,276
343,277
344,276
344,277
927,911
927,912
928,911
928,912
493,879
493,880
494,879
494,880
556,840
556,841
557,840
557,841
1012,30
1012,31
1013,30
1013,31
909,648
909,649
910,648
910,649
907,705
907,706
908,705
908,706
435,947
435,948
436,947
436,948
429,987
429,988
430,987
430,988
828,833
828,834
829,833
829,834
665,992
665,993
666,992
666,993
267,735
267,736
268,735
268,736
538,280
538,281
539,280
539,281
613,250
613,251
614,250
614,251
370,915
370,916
371,915
371,916
641,648
641,649
642,648
642,649
587,629
587,630
588,629
588,630
939,1012
939,1013
940,1012
940,1013
592,169
592,170
593,169
593,170
46,868
46,869
47,868
47,869
774,777
774,778
775,777
775,778
266,1018
266,1019
267,1018
267,1019
826,462
826,463
827,462
827,463
512,928
512,929
513,928
513,929
447,398
447,399
448,398
448,399
512,716
512,717
513,716
513,717
412,586
412,587
413,586
413,587
838,706
838,707
839,706
839,707
962,147
962,148
963,147
963,148
487,513
487,514
488,513
488,514
520,16
520,17
521,16
521,17
890,972
890,973
891,972
891,973
329,608
329,609
330,608
330,609
1017,965
1017,966
1018,965
1018,966
472,346
472,347
473,346
473,347
949,167
949,168
950,167
950,168
222,1003
222,1004
223,1003
223,1004
21,570
21,571
22,570
22,571
564,185
564,186
565,185
565,186
930,79
930,80
931,79
931,80
894,926
894,927
895,926
895,927
577,150
577,151
578,150
578,151
524,153
524,154
525,153
525,154
449,868
449,869
450,868
450,869
422,814
422,815
423,814
423,815
663,695
663,696
664,695
664,696
681,95
681,96
682,95
682,96
292,43
292,44
293,43
293,44
339,580
339,581
340,580
340,581
936,844
936,845
937,844
937,845
638,719
638,720
639,719
639,720
560,636
560,637
561,636
561,637
441,21
441,22
442,21
442,22
681,455
681,456
682,455
682,456
655,665
655,666
656,665
656,666
139,708
139,709
140,708
140,709
964,788
964,789
965,788
965,789
644,543
644,544
645,543
645,544
941,334
941,335
942,334
942,335
297,579
297,580
298,579
298,580
928,167
928,168
929,167
929,168
525,811
525,812
526,811
526,812
478,237
478,238
479,237
479,238
280,555
280,556
281,555
281,556
592,157
592,158
593,157
593,158
845,549
845,550
846,549
846,550
685,745
685,746
686,745
686,746
1006,426
1006,427
1007,426
1007,427
522,727
522,728
523,727
523,728
51,902
51,903
52,902
52,903
668,37
668,38
669,37
669,38
87,764
87,765
88,764
88,765
423,832
423,833
424,832
424,833
50,568
50,569
51,568
51,569
660,517
660,518
661,517
661,518
295,657
295,658
296,657
296,658
615,730
615,731
616,730
616,731
394,625
394,626
395,625
395,626
489,556
489,557
490,556
490,557
671,32
671,33
672,32
672,33
540,1012
540,1013
541,1012
541,1013
674,233
674,234
675,233
675,234
305,983
305,984
306,983
306,984
644,269
644,270
645,269
645,270
47,934
47,935
48,934
48,935
433,275
433,276
434,275
434,276
474,626
474,627
475,626
475,627
869,800
869,801
870,800
870,801
425,617
425,618
426,617
426,618
580,286
580,287
581,286
581,287
115,841
115,842
116,841
116,842
615,796
615,797
616,796
616,797
352,763
352,764
353,763
353,764
687,618
687,619
688,618
688,619
679,752
679,753
680,752
680,753
358,959
358,960
359,959
359,960
550,151
550,152
551,151
551,152
437,652
437,653
438,652
438,653
477,241
477,242
478,241
478,242
293,745
293,746
294,745
294,746
947,995
947,996
948,995
948,996
765,594
765,595
766,594
766,595
445,283
445,284
446,283
446,284
642,824
642,825
643,824
643,825
900,185
900,186
901,185
901,186
430,446
430,447
431,446
431,447
717,743
717,744
718,743
718,744
821,331
821,332
822,331
822,332
607,317
607,318
608,317
608,318
953,73
953,74
954,73
954,74
390,786
390,787
391,786
391,787
936,1014
936,1015
937,1014
937,1015
139,846
139,847
140,846
140,847
703,747
703,748
704,747
704,748
649,843
649,844
650,843
650,844
465,589
465,590
466,589
466,590
384,304
384,305
385,304
385,305
583,772
583,773
584,772
584,773
614,221
614,222
615,221
615,222
987,30
987,31
988,30
988,31
395,658
395,659
396,658
396,659
589,157
589,158
590,157
590,158
975,665
975,666
976,665
976,666
634,754
634,755
635,754
635,755
601,729
601,730
602,729
602,730
792,138
792,139
793,138
793,139
624,790
624,791
625,790
625,791
820,283
820,284
821,283
821,284
366,851
366,852
367,851
367,852
936,154
936,155
937,154
937,155
33,565
33,566
34,565
34,566
237,774
237,775
238,774
238,775
365,621
365,622
366,621
366,622
327,95
327,96
328,95
328,96
606,728
606,729
607,728
607,729
199,954
199,955
200,954
200,955
828,375
828,376
829,375
829,376
792,114
792,115
793,114
793,115
365,14
365,15
366,14
366,15
56,763
56,764
57,763
57,764
111,814
111,815
112,814
112,815
137,999
137,1000
138,999
138,1000
600,264
600,265
601,264
601,265
528,584
528,585
529,584
529,585
326,297
326,298
327,297
327,298
326,801
326,802
327,801
327,802
952,78
952,79
953,78
953,79
370,899
370,900
371,899
371,900
786,707
786,708
787,707
787,708
413,187
413,188
414,187
414,188
960,131
960,132
961,131
961,132
575,998
575,999
576,998
576,999
932,954
932,955
933,954
933,955
334,903
334,904
335,903
335,904
493,610
493,611
494,610
494,611
346,883
346,884
347,883
347,884
713,339
713,340
714,339
714,340
789,412
789,413
790,412
790,413
401,661
401,662
402,661
402,662
937,927
937,928
938,927
938,928
943,185
943,186
944,185
944,186
1005,33
1005,34
1006,33
1006,34
111,895
111,896
112,895
112,896
1017,959
1017,960
1018,959
1018,960
599,745
599,746
600,745
600,746
249,789
249,790
250,789
250,790
610,48
610,49
611,48
611,49
394,390
394,391
395,390
395,391
391,461
391,462
392,461
392,462
996,2
996,3
997,2
997,3
378,919
378,920
379,919
379,920
119,757
119,758
120,757
120,758
1019,276
1019,277
1020,276
1020,277
881,20
881,21
882,20
882,21
642,696
642,697
643,696
643,697
258,579
258,580
259,579
259,580
418,778
418,779
419,778
419,779
268,68
268,69
269,68
269,69
318,513
318,514
319,513
319,514
848,13
848,14
849,13
849,14
902,912
902,913
903,912
903,913
524,595
524,596
525,595
525,596
930,813
930,814
931,813
931,814
222,758
222,759
223,758
223,759
456,374
456,375
457,374
457,375
553,277
553,278
554,277
554,278
476,528
476,529
477,528
477,529
214,660
214,661
215,660
215,661
573,792
573,793
574,792
574,793
656,736
656,737
657,736
657,737
796,322
796,323
797,322
797,323
362,787
362,788
363,787
363,788
320,851
320,852
321,851
321,852
373,662
373,663
374,662
374,663
696,436
696,437
697,436
697,437
508,85
508,86
509,85
509,86
468,354
468,355
469,354
469,355
523,278
523,279
524,278
524,279
375,723
375,724
376,723
376,724
550,299
550,300
551,299
551,300
171,630
171,631
172,630
172,631
287,761
287,762
288,761
288,762
829,271
829,272
830,271
830,272
603,390
603,391
604,390
604,391
60,947
60,948
61,947
61,948
415,804
415,805
416,804
416,805
41,793
41,794
42,793
42,794
229,800
229,801
230,800
230,801
374,279
374,280
375,279
375,280
165,597
165,598
166,597
166,598
396,696
396,697
397,696
397,697
651,289
651,290
652,289
652,290
302,40
302,41
303,40
303,41
268,778
268,779
269,778
269,779
687,488
687,489
688,488
688,489
444,369
444,370
445,369
445,370
531,1021
531,1022
532,1021
532,1022
526,53
526,54
527,53
527,54
720,807
720,808
721,807
721,808
432,50
432,51
433,50
433,51
616,808
616,809
617,808
617,809
617,302
617,303
618,302
618,303
824,491
824,492
825,491
825,492
368,999
368,1000
369,999
369,1000
997,839
997,840
998,839
998,840
248,986
248,987
249,986
249,987
619,680
619,681
620,680
620,681
620,477
620,478
621,477
621,478
750,690
750,691
751,690
751,691
826,704
826,705
827,704
827,705
652,967
652,968
653,967
653,968
562,169
562,170
563,169
563,170
52,584
52,585
53,584
53,585
266,730
266,731
267,730
267,731
609,890
609,891
610,890
610,891
113,769
113,770
114,769
114,770
190,957
190,958
191,957
191,958
221,912
221,913
222,912
222,913
863,349
863,350
864,349
864,350
498,509
498,510
499,509
499,510
352,548
352,549
353,548
353,549
647,757
647,758
648,757
648,758
778,535
778,536
779,535
779,536
975,269
975,270
976,269
976,270
684,384
684,385
685,384
685,385
277,266
277,267
278,266
278,267
963,109
963,110
964,109
964,110
467,474
467,475
468,474
468,475
284,1
284,2
285,1
285,2
889,358
889,359
890,358
890,359
165,778
165,779
166,778
166,779
323,31
323,32
324,31
324,32
175,672
175,673
176,672
176,673
386,441
386,442
387,441
387,442
320,5
320,6
321,5
321,6
232,640
232,641
233,640
233,641
806,551
806,552
807,551
807,552
656,459
656,460
657,459
657,460
761,664
761,665
762,664
762,665
1017,128
1017,129
1018,128
1018,129
540,598
540,599
541,598
541,599
1007,186
1007,187
1008,186
1008,187
680,425
680,426
681,425
681,426
393,411
393,412
394,411
394,412
688,767
688,768
689,767
689,768
796,880
796,881
797,880
797,881
372,948
372,949
373,948
373,949
221,753
221,754
222,753
222,754
1021,427
1021,428
1022,427
1022,428
376,55
376,56
377,55
377,56
883,743
883,744
884,743
884,744
729,581
729,582
730,581
730,582
573,161
573,162
574,161
574,162
864,435
864,436
865,435
865,436
629,165
629,166
630,165
630,166
141,838
141,839
142,838
142,839
604,910
604,911
605,910
605,911
940,1017
940,1018
941,1017
941,1018
843,19
843,20
844,19
844,20
621,769
621,770
622,769
622,770
128,848
128,849
129,848
129,849
6,294
6,295
7,294
7,295
611,195
611,196
612,195
612,196
335,634
335,635
336,634
336,635
967,376
967,377
968,376
968,377
713,792
713,793
714,792
714,793
516,506
516,507
517,506
517,507
590,572
590,573
591,572
591,573
59,930
59,931
60,930
60,931
486,622
486,623
487,622
487,623
689,417
689,418
690,417
690,418
218,906
218,907
219,906
219,907
877,738
877,739
878,738
878,739
931,992
931,993
932,992
932,993
697,234
697,235
698,234
698,235
329,144
329,145
330,144
330,145
252,743
252,744
253,743
253,744
173,825
173,826
174,825
174,826
712,590
712,591
713,590
713,591
860,25
860,26
861,25
861,26
910,686
910,687
911,686
911,687
417,740
417,741
418,740
418,741
395,1002
395,1003
396,1002
396,1003
429,496
429,497
430,496
430,497
1023,805
1023,806
1024,805
1024,806
395,607
395,608
396,607
396,608
321,108
321,109
322,108
322,109
603,843
603,844
604,843
604,844
496,87
496,88
497,87
497,88
945,635
945,636
946,635
946,636
865,228
865,229
866,228
866,229
611,370
611,371
612,370
612,371
568,86
568,87
569,86
569,87
960,268
960,269
961,268
961,269
590,853
590,854
591,853
591,854
239,266
239,267
240,266
240,267
350,653
350,654
351,653
351,654
683,389
683,390
684,389
684,390
301,386
301,387
302,386
302,387
822,612
822,613
823,612
823,613
548,157
548,158
549,157
549,158
329,155
329,156
330,155
330,156
188,920
188,921
189,920
189,921
487,738
487,739
488,738
488,739
863,563
863,564
864,563
864,564
629,414
629,415
630,414
630,415
576,554
576,555
577,554
577,555
353,755
353,756
354,755
354,756
312,722
312,723
313,722
313,723
735,371
735,372
736,371
736,372
298,1005
298,1006
299,1005
299,1006
395,438
395,439
396,438
396,439
514,182
514,183
515,182
515,183
74,944
74,945
75,944
75,945
273,44
273,45
274,44
274,45
774,108
774,109
775,108
775,109
709,629
709,630
710,629
710,630
352,51
352,52
353,51
353,52
483,33
483,34
484,33
484,34
174,661
174,662
175,661
175,662
653,935
653,936
654,935
654,936
412,933
412,934
413,933
413,934
905,371
905,372
906,371
906,372
221,593
221,594
222,593
222,594
755,771
755,772
756,771
756,772
494,627
494,628
495,627
495,628
927,161
927,162
928,161
928,162
490,157
490,158
491,157
491,158
364,588
364,589
365,588
365,589
594,134
594,135
595,134
595,135
837,646
837,647
838,646
838,647
931,41
931,42
932,41
932,42
665,242
665,243
666,242
666,243
683,325
683,326
684,325
684,326
908,370
908,371
909,370
909,371
476,33
476,34
477,33
477,34
967,332
967,333
968,332
968,333
618,134
618,135
619,134
619,135
342,599
342,600
343,599
343,600
386,741
386,742
387,741
387,742
881,185
881,186
882,185
882,186
381,979
381,980
382,979
382,980
740,771
740,772
741,771
741,772
497,741
497,742
498,741
498,742
849,703
849,704
850,703
850,704
465,91
465,92
466,91
466,92
622,336
622,337
623,336
623,337
735,419
735,420
736,419
736,420
55,823
55,824
56,823
56,824
1005,392
1005,393
1006,392
1006,393
855,663
855,664
856,663
856,664
925,5
925,6
926,5
926,6
98,849
98,850
99,849
99,850
611,715
611,716
612,715
612,716
896,838
896,839
897,838
897,839
269,773
269,774
270,773
270,774
349,637
349,638
350,637
350,638
469,612
469,613
470,612
470,613
965,354
965,355
966,354
966,355
377,691
377,692
378,691
378,692
918,816
918,817
919,816
919,817
256,950
256,951
257,950
257,951
798,913
798,914
799,913
799,914
770,368
770,369
771,368
771,369
391,423
391,424
392,423
392,424
734,843
734,844
735,843
735,844
796,902
796,903
797,902
797,903
406,473
406,474
407,473
407,474
594,336
594,337
595,336
595,337
486,640
486,641
487,640
487,641
642,975
642,976
643,975
643,976
938,766
938,767
939,766
939,767
625,817
625,818
626,817
626,818
615,998
615,999
616,998
616,999
966,178
966,179
967,178
967,179
547,995
547,996
548,995
548,996
595,1004
595,1005
596,1004
596,1005
633,738
633,739
634,738
634,739
237,726
237,727
238,726
238,727
501,152
501,153
502,152
502,153
382,709
382,710
383,709
383,710
663,560
663,561
664,560
664,561
430,403
430,404
431,403
431,404
221,942
221,943
222,942
222,943
899,164
899,165
900,164
900,165
775,689
775,690
776,689
776,690
744,779
744,780
745,779
745,780
341,139
341,140
342,139
342,140
564,121
564,122
565,121
565,122
937,230
937,231
938,230
938,231
342,157
342,158
343,157
343,158
254,788
254,789
255,788
255,789
868,708
868,709
869,708
869,709
487,974
487,975
488,974
488,975
441,17
441,18
442,17
442,18
801,404
801,405
802,404
802,405
900,399
900,400
901,399
901,400
222,949
222,950
223,949
223,950
717,546
717,547
718,546
718,547
640,133
640,134
641,133
641,134
7,281
7,282
8,281
8,282
811,674
811,675
812,674
812,675
492,549
492,550
493,549
493,550
113,858
113,859
114,858
114,859
296,759
296,760
297,759
297,760
323,1009
323,1010
324,1009
324,1010
722,261
722,262
723,261
723,262
711,564
711,565
712,564
712,565
43,854
43,855
44,854
44,855
396,510
396,511
397,510
397,511
627,49
627,50
628,49
628,50
102,1015
102,1016
103,1015
103,1016
218,622
218,623
219,622
219,623
458,40
458,41
459,40
459,41
664,499
664,500
665,499
665,500
525,186
525,187
526,186
526,187
414,905
414,906
415,905
415,906
671,808
671,809
672,808
672,809
155,584
155,585
156,584
156,585
552,261
552,262
553,261
553,262
227,591
227,592
228,591
228,592
159,906
159,907
160,906
160,907
670,328
670,329
671,328
671,329
574,623
574,624
575,623
575,624
304,589
304,590
305,589
305,590
523,607
523,608
524,607
524,608
1002,6
1002,7
1003,6
1003,7
684,490
684,491
685,490
685,491
605,220
605,221
606,220
606,221
733,854
733,855
734,854
734,855
898,892
898,893
899,892
899,893
799,578
799,579
800,578
800,579
610,712
610,713
611,712
611,713
825,627
825,628
826,627
826,628
647,651
647,652
648,651
648,652
796,945
796,946
797,945
797,946
633,131
633,132
634,131
634,132
135,790
135,791
136,790
136,791
363,146
363,147
364,146
364,147
636,571
636,572
637,571
637,572
557,122
557,123
558,122
558,123
153,955
153,956
154,955
154,956
393,302
393,303
394,302
394,303
827,364
827,365
828,364
828,365
921,959
921,960
922,959
922,960
977,188
977,189
978,188
978,189
615,573
615,574
616,573
616,574
404,129
404,130
405,129
405,130
778,468
778,469
779,468
779,469
655,682
655,683
656,682
656,683
62,586
62,587
63,586
63,587
693,772
693,773
694,772
694,773
846,20
846,21
847,20
847,21
713,405
713,406
714,405
714,406
565,263
565,264
566,263
566,264
651,684
651,685
652,684
652,685
453,434
453,435
454,434
454,435
155,634
155,635
156,634
156,635
511,102
511,103
512,102
512,103
130,841
130,842
131,841
131,842
361,15
361,16
362,15
362,16
815,679
815,680
816,679
816,680
652,930
652,931
653,930
653,931
778,38
778,39
779,38
779,39
410,183
410,184
411,183
411,184
869,675
869,676
870,675
870,676
636,703
636,704
637,703
637,704
273,765
273,766
274,765
274,766
617,353
617,354
618,353
618,354
260,1005
260,1006
261,1005
261,1006
778,52
778,53
779,52
779,53
982,240
982,241
983,240
983,241
479,180
479,181
480,180
480,181
585,362
585,363
586,362
586,363
577,276
577,277
578,276
578,277
894,911
894,912
895,911
895,912
595,747
595,748
596,747
596,748
397,515
397,516
398,515
398,516
709,268
709,269
710,268
710,269
455,203
455,204
456,203
456,204
739,550
739,551
740,550
740,551
632,125
632,126
633,125
633,126
440,411
440,412
441,411
441,412
926,933
926,934
927,933
927,934
680,440
680,441
681,440
681,441
658,665
658,666
659,665
659,666
435,714
435,715
436,714
436,715
956,794
956,795
957,794
957,795
1016,46
1016,47
1017,46
1017,47
332,515
332,516
333,515
333,516
440,475
440,476
441,475
441,476
414,515
414,516
415,515
415,516
497,1018
497,1019
498,1018
498,1019
632,946
632,947
633,946
633,947
947,109
947,110
948,109
948,110
287,293
287,294
288,293
288,294
571,249
571,250
572,249
572,250
928,402
928,403
929,402
929,403
930,216
930,217
931,216
931,217
881,350
881,351
882,350
882,351
821,847
821,848
822,847
822,848
683,434
683,435
684,434
684,435
368,396
368,397
369,396
369,397
184,822
184,823
185,822
185,823
723,132
723,133
724,132
724,133
366,709
366,710
367,709
367,710
632,640
632,641
633,640
633,641
282,302
282,303
283,302
283,303
298,25
298,26
299,25
299,26
484,580
484,581
485,580
485,581
952,893
952,894
953,893
953,894
849,840
849,841
850,840
850,841
100,861
100,862
101,861
101,862
200,265
200,266
201,265
201,266
406,430
406,431
407,430
407,431
691,317
691,318
692,317
692,318
416,559
416,560
417,559
417,560
335,886
335,887
336,886
336,887
454,505
454,506
455,505
455,506
285,939
285,940
286,939
286,940
14,259
14,260
15,259
15,260
594,556
594,557
595,556
595,557
640,680
640,681
641,680
641,681
282,747
282,748
283,747
283,748
195,853
195,854
196,853
196,854
524,109
524,110
525,109
525,110
170,825
170,826
171,825
171,826
375,979
375,980
376,979
376,980
303,30
303,31
304,30
304,31
361,885
361,886
362,885
362,886
388,391
388,392
389,391
389,392
225,949
225,950
226,949
226,950
766,819
766,820
767,819
767,820
876,756
876,757
877,756
877,757
407,47
407,48
408,47
408,48
286,18
286,19
287,18
287,19
692,579
692,580
693,579
693,580
873,248
873,249
874,248
874,249
510,64
510,65
511,64
511,65
627,404
627,405
628,404
628,405
122,922
122,923
123,922
123,923
17,585
17,586
18,585
18,586
568,130
568,131
569,130
569,131
735,365
735,366
736,365
736,366
673,617
673,618
674,617
674,618
954,111
954,112
955,111
955,112
929,861
929,862
930,861
930,862
45,781
45,782
46,781
46,782
601,708
601,709
602,708
602,709
676,162
676,163
677,162
677,163
16,746
16,747
17,746
17,747
13,987
13,988
14,987
14,988
968,769
968,770
969,769
969,770
717,610
717,611
718,610
718,611
636,633
636,634
637,633
637,634
251,702
251,703
252,702
252,703
108,761
108,762
109,761
109,762
990,639
990,640
991,639
991,640
730,708
730,709
731,708
731,709
501,168
501,169
502,168
502,169
861,1011
861,1012
862,1011
862,1012
1022,970
1022,971
1023,970
1023,971
822,714
822,715
823,714
823,715
211,787
211,788
212,787
212,788
22,782
22,783
23,782
23,783
392,876
392,877
393,876
393,877
461,656
461,657
462,656
462,657
339,956
339,957
340,956
340,957
255,1023
255,1024
256,1023
256,1024
797,113
797,114
798,113
798,114
275,310
275,311
276,310
276,311
622,192
622,193
623,192
623,193
354,587
354,588
355,587
355,588
693,310
693,311
694,310
694,311
607,1023
607,1024
608,1023
608,1024
810,717
810,718
811,717
811,718
377,1001
377,1002
378,1001
378,1002
823,119
823,120
824,119
824,120
589,322
589,323
590,322
590,323
918,72
918,73
919,72
919,73
346,3
346,4
347,3
347,4
619,332
619,333
620,332
620,333
389,439
389,440
390,439
390,440
721,386
721,387
722,386
722,387
575,626
575,627
576,626
576,627
25,278
25,279
26,278
26,279
389,379
389,380
390,379
390,380
945,786
945,787
946,786
946,787
905,348
905,349
906,348
906,349
457,536
457,537
458,536
458,537
287,269
287,270
288,269
288,270
319,841
319,842
320,841
320,842
922,761
922,762
923,761
923,762
833,285
833,286
834,285
834,286
373,148
373,149
374,148
374,149
855,695
855,696
856,695
856,696
987,102
987,103
988,102
988,103
1011,1017
1011,1018
1012,1017
1012,1018
434,602
434,603
435,602
435,603
306,571
306,572
307,571
307,572
218,267
218,268
219,267
219,268
675,787
675,788
676,787
676,788
845,589
845,590
846,589
846,590
275,20
275,21
276,20
276,21
294,767
294,768
295,767
295,768
467,183
467,184
468,183
468,184
941,755
941,756
942,755
942,756
904,240
904,241
905,240
905,241
114,758
114,759
115,758
115,759
616,37
616,38
617,37
617,38
915,559
915,560
916,559
916,560
678,944
678,945
679,944
679,945
959,49
959,50
960,49
960,50
265,346
265,347
266,346
266,347
921,809
921,810
922,809
922,810
241,666
241,667
242,666
242,667
825,873
825,874
826,873
826,874
963,206
963,207
964,206
964,207
520,552
520,553
521,552
521,553
759,671
759,672
760,671
760,672
293,628
293,629
294,628
294,629
469,872
469,873
470,872
470,873
208,587
208,588
209,587
209,588
564,1007
564,1008
565,1007
565,1008
648,620
648,621
649,620
649,621
592,223
592,224
593,223
593,224
464,135
464,136
465,135
465,136
1016,523
1016,524
1017,523
1017,524
1016,494
1016,495
1017,494
1017,495
998,50
998,51
999,50
999,51
336,27
336,28
337,27
337,28
800,146
800,147
801,146
801,147
163,593
163,594
164,593
164,594
992,270
992,271
993,270
993,271
265,44
265,45
266,44
266,45
807,313
807,314
808,313
808,314
561,56
561,57
562,56
562,57
552,595
552,596
553,595
553,596
333,280
333,281
334,280
334,281
147,745
147,746
148,745
148,746
418,650
418,651
419,650
419,651
1019,1013
1019,1014
1020,1013
1020,1014
585,289
585,290
586,289
586,290
192,857
192,858
193,857
193,858
566,994
566,995
567,994
567,995
273,992
273,993
274,992
274,993
619,703
619,704
620,703
620,704
982,787
982,788
983,787
983,788
805,894
805,895
806,894
806,895
374,685
374,686
375,685
375,686
234,568
234,569
235,568
235,569
286,373
286,374
287,373
287,374
786,846
786,847
787,846
787,847
219,845
219,846
220,845
220,846
415,115
415,116
416,115
416,116
64,890
64,891
65,890
65,891
666,32
666,33
667,32
667,33
862,524
862,525
863,524
863,525
1016,882
1016,883
1017,882
1017,883
488,595
488,596
489,595
489,596
271,969
271,970
272,969
272,970
941,169
941,170
942,169
942,170
405,716
405,717
406,716
406,717
220,567
220,568
221,567
221,568
881,803
881,804
882,803
882,804
835,526
835,527
836,526
836,527
196,933
196,934
197,933
197,934
627,614
627,615
628,614
628,615
618,928
618,929
619,928
619,929
211,767
211,768
212,767
212,768
833,220
833,221
834,220
834,221
790,262
790,263
791,262
791,263
933,159
933,160
934,159
934,160
865,24
865,25
866,24
866,25
830,725
830,726
831,725
831,726
763,873
763,874
764,873
764,874
946,908
946,909
947,908
947,909
448,173
448,174
449,173
449,174
860,350
860,351
861,350
861,351
480,372
480,373
481,372
481,373
486,520
486,521
487,520
487,521
1021,904
1021,905
1022,904
1022,905
896,602
896,603
897,602
897,603
583,455
583,456
584,455
584,456
410,724
410,725
411,724
411,725
616,742
616,743
617,742
617,743
85,575
85,576
86,575
86,576
815,382
815,383
816,382
816,383
386,594
386,595
387,594
387,595
641,161
641,162
642,161
642,162
403,98
403,99
404,98
404,99
1017,696
1017,697
1018,696
1018,697
448,715
448,716
449,715
449,716
859,843
859,844
860,843
860,844
454,641
454,642
455,641
455,642
708,746
708,747
709,746
709,747
425,851
425,852
426,851
426,852
467,452
467,453
468,452
468,453
544,995
544,996
545,995
545,996
698,764
698,765
699,764
699,765
948,84
948,85
949,84
949,85
333,1013
333,1014
334,1013
334,1014
443,386
443,387
444,386
444,387
80,734
80,735
81,734
81,735
487,441
487,442
488,441
488,442
559,72
559,73
560,72
560,73
12,912
12,913
13,912
13,913
343,211
343,212
344,211
344,212
622,263
622,264
623,263
623,264
480,323
480,324
481,323
481,324
265,988
265,989
266,988
266,989
838,257
838,258
839,257
839,258
712,241
712,242
713,241
713,242
239,260
239,261
240,260
240,261
298,54
298,55
299,54
299,55
171,914
171,915
172,914
172,915
387,446
387,447
388,446
388,447
377,696
377,697
378,696
378,697
315,930
315,931
316,930
316,931
381,557
381,558
382,557
382,558
605,422
605,423
606,422
606,423
426,593
426,594
427,593
427,594
383,777
383,778
384,777
384,778
876,790
876,791
877,790
877,791
913,1016
913,1017
914,1016
914,1017
83,773
83,774
84,773
84,774
899,317
899,318
900,317
900,318
965,80
965,81
966,80
966,81
861,683
861,684
862,683
862,684
596,183
596,184
597,183
597,184
129,902
129,903
130,902
130,903
533,840
533,841
534,840
534,841
538,73
538,74
539,73
539,74
431,248
431,249
432,248
432,249
674,129
674,130
675,129
675,130
771,247
771,248
772,247
772,248
383,699
383,700
384,699
384,700
930,950
930,951
931,950
931,951
563,103
563,104
564,103
564,104
43,882
43,883
44,882
44,883
462,438
462,439
463,438
463,439
627,689
627,690
628,689
628,690
734,765
734,766
735,765
735,766
843,726
843,727
844,726
844,727
350,663
350,664
351,663
351,664
927,387
927,388
928,387
928,388
614,955
614,956
615,955
615,956
580,620
580,621
581,620
581,621
908,655
908,656
909,655
909,656
370,933
370,934
371,933
371,934
961,169
961,170
962,169
962,170
700,967
700,968
701,967
701,968
107,852
107,853
108,852
108,853
631,410
631,411
632,410
632,411
474,873
474,874
475,873
475,874
1006,343
1006,344
1007,343
1007,344
683,938
683,939
684,938
684,939
1004,124
1004,125
1005,124
1005,125
599,242
599,243
600,242
600,243
314,881
314,882
315,881
315,882
456,554
456,555
457,554
457,555
304,7
304,8
305,7
305,8
657,572
657,573
658,572
658,573
432,253
432,254
433,253
433,254
131,809
131,810
132,809
132,810
718,847
718,848
719,847
719,848
320,97
320,98
321,97
321,98
667,619
667,620
668,619
668,620
290,55
290,56
291,55
291,56
892,829
892,830
893,829
893,830
620,407
620,408
621,407
621,408
558,1020
558,1021
559,1020
559,1021
741,748
741,749
742,748
742,749
605,794
605,795
606,794
606,795
997,1004
997,1005
998,1004
998,1005
458,55
458,56
459,55
459,56
619,84
619,85
620,84
620,85
166,580
166,581
167,580
167,581
938,1003
938,1004
939,1003
939,1004
298,569
298,570
299,569
299,570
968,52
968,53
969,52
969,53
773,831
773,832
774,831
774,832
814,646
814,647
815,646
815,647
639,540
639,541
640,540
640,541
602,341
602,342
603,341
603,342
894,992
894,993
895,992
895,993
281,590
281,591
282,590
282,591
776,410
776,411
777,410
777,411
715,91
715,92
716,91
716,92
600,718
600,719
601,718
601,719
1014,105
1014,106
1015,105
1015,106
892,242
892,243
893,242
893,243
792,411
792,412
793,411
793,412
94,955
94,956
95,955
95,956
227,904
227,905
228,904
228,905
335,788
335,789
336,788
336,789
777,371
777,372
778,371
778,372
251,667
251,668
252,667
252,668
384,374
384,375
385,374
385,375
528,764
528,765
529,764
529,765
151,996
151,997
152,996
152,997
186,653
186,654
187,653
187,654
751,872
751,873
752,872
752,873
298,698
298,699
299,698
299,699
70,292
70,293
71,292
71,293
845,403
845,404
846,403
846,404
352,66
352,67
353,66
353,67
966,792
966,793
967,792
967,793
943,245
943,246
944,245
944,246
369,40
369,41
370,40
370,41
969,249
969,250
970,249
970,250
795,110
795,111
796,110
796,111
686,665
686,666
687,665
687,666
865,798
865,799
866,798
866,799
492,17
492,18
493,17
493,18
894,959
894,960
895,959
895,960
406,864
406,865
407,864
407,865
966,102
966,103
967,102
967,103
722,828
722,829
723,828
723,829
869,740
869,741
870,740
870,741
276,4
276,5
277,4
277,5
196,858
196,859
197,858
197,859
653,211
653,212
654,211
654,212
64,919
64,920
65,919
65,920
807,780
807,781
808,780
808,781
665,311
665,312
666,311
666,312
636,243
636,244
637,243
637,244
464,490
464,491
465,490
465,491
256,1018
256,1019
257,1018
257,1019
364,561
364,562
365,561
365,562
446,535
446,536
447,535
447,536
763,779
763,780
764,779
764,780
556,811
556,812
557,811
557,812
427,201
427,202
428,201
428,202
745,550
745,551
746,550
746,551
797,837
797,838
798,837
798,838
961,252
961,253
962,252
962,253
360,629
360,630
361,629
361,630
132,918
132,919
133,918
133,919
624,640
624,641
625,640
625,641
532,633
532,634
533,633
533,634
509,596
509,597
510,596
510,597
835,565
835,566
836,565
836,566
405,15
405,16
406,15
406,16
805,627
805,628
806,627
806,628
314,87
314,88
315,87
315,88
776,414
776,415
777,414
777,415
446,633
446,634
447,633
447,634
975,45
975,46
976,45
976,46
642,13
642,14
643,13
643,14
895,355
895,356
896,355
896,356
412,632
412,633
413,632
413,633
876,745
876,746
877,745
877,746
795,16
795,17
796,16
796,17
781,387
781,388
782,387
782,388
549,798
549,799
550,798
550,799
665,264
665,265
666,264
666,265
791,401
791,402
792,401
792,402
861,613
861,614
862,613
862,614
462,175
462,176
463,175
463,176
676,633
676,634
677,633
677,634
342,534
342,535
343,534
343,535
459,865
459,866
460,865
460,866
926,424
926,425
927,424
927,425
474,155
474,156
475,155
475,156
704,959
704,960
705,959
705,960
651,991
651,992
652,991
652,992
829,248
829,249
830,248
830,249
26,596
26,597
27,596
27,597
983,279
983,280
984,279
984,280
259,239
259,240
260,239
260,240
234,618
234,619
235,618
235,619
454,232
454,233
455,232
455,233
615,414
615,415
616,414
616,415
224,981
224,982
225,981
225,982
776,16
776,17
777,16
777,17
971,1004
971,1005
972,1004
972,1005
673,474
673,475
674,474
674,475
497,681
497,682
498,681
498,682
943,936
943,937
944,936
944,937
429,458
429,459
430,458
430,459
140,734
140,735
141,734
141,735
245,597
245,598
246,597
246,598
285,615
285,616
286,615
286,616
5,980
5,981
6,980
6,981
663,566
663,567
664,566
664,567
263,818
263,819
264,818
264,819
684,413
684,414
685,413
685,414
974,178
974,179
975,178
975,179
264,28
264,29
265,28
265,29
18,570
18,571
19,570
19,571
366,944
366,945
367,944
367,945
812,115
812,116
813,115
813,116
298,704
298,705
299,704
299,705
522,811
522,812
523,811
523,812
406,469
406,470
407,469
407,470
878,723
878,724
879,723
879,724
810,559
810,560
811,559
811,560
395,815
395,816
396,815
396,816
928,763
928,764
929,763
929,764
899,411
899,412
900,411
900,412
35,959
35,960
36,959
36,960
987,447
987,448
988,447
988,448
323,775
323,776
324,775
324,776
934,44
934,45
935,44
935,45
569,262
569,263
570,262
570,263
621,215
621,216
622,215
622,216
923,732
923,733
924,732
924,733
143,761
143,762
144,761
144,762
566,109
566,110
567,109
567,110
657,820
657,821
658,820
658,821
414,372
414,373
415,372
415,373
600,698
600,699
601,698
601,699
656,617
656,618
657,617
657,618
168,617
168,618
169,617
169,618
682,181
682,182
683,181
683,182
643,231
643,232
644,231
644,232
278,590
278,591
279,590
279,591
531,665
531,666
532,665
532,666
881,529
881,530
882,529
882,530
277,972
277,973
278,972
278,973
595,473
595,474
596,473
596,474
869,23
869,24
870,23
870,24
442,869
442,870
443,869
443,870
390,501
390,502
391,501
391,502
47,913
47,914
48,913
48,914
333,861
333,862
334,861
334,862
853,1013
853,1014
854,1013
854,1014
574,923
574,924
575,923
575,924
410,714
410,715
411,714
411,715
833,822
833,823
834,822
834,823
836,789
836,790
837,789
837,790
233,799
233,800
234,799
234,800
337,799
337,800
338,799
338,800
289,335
289,336
290,335
290,336
1013,100
1013,101
1014,100
1014,101
289,1020
289,1021
290,1020
290,1021
994,856
994,857
995,856
995,857
940,356
940,357
941,356
941,357
725,331
725,332
726,331
726,332
626,295
626,296
627,295
627,296
471,80
471,81
472,80
472,81
828,417
828,418
829,417
829,418
433,449
433,450
434,449
434,450
920,848
920,849
921,848
921,849
767,522
767,523
768,522
768,523
1005,27
1005,28
1006,27
1006,28
551,102
551,103
552,102
552,103
377,739
377,740
378,739
378,740
472,725
472,726
473,725
473,726
1018,692
1018,693
1019,692
1019,693
626,849
626,850
627,849
627,850
535,714
535,715
536,714
536,715
967,344
967,345
968,344
968,345
459,202
459,203
460,202
460,203
105,789
105,790
106,789
106,790
548,547
548,548
549,547
549,548
706,214
706,215
707,214
707,215
507,463
507,464
508,463
508,464
113,829
113,830
114,829
114,830
677,458
677,459
678,458
678,459
942,38
942,39
943,38
943,39
929,189
929,190
930,189
930,190
609,854
609,855
610,854
610,855
787,671
787,672
788,671
788,672
398,186
398,187
399,186
399,187
988,10
988,11
989,10
989,11
710,37
710,38
711,37
711,38
397,208
397,209
398,208
398,209
955,79
955,80
956,79
956,80
592,289
592,290
593,289
593,290
582,493
582,494
583,493
583,494
893,637
893,638
894,637
894,638
350,893
350,894
351,893
351,894
702,544
702,545
703,544
703,545
612,388
612,389
613,388
613,389
594,425
594,426
595,425
595,426
818,662
818,663
819,662
819,663
645,394
645,395
646,394
646,395
506,129
506,130
507,129
507,130
950,956
950,957
951,956
951,957
408,36
408,37
409,36
409,37
850,216
850,217
851,216
851,217
179,724
179,725
180,724
180,725
938,865
938,866
939,865
939,866
414,511
414,512
415,511
415,512
270,290
270,291
271,290
271,291
761,590
761,591
762,590
762,591
354,307
354,308
355,307
355,308
925,240
925,241
926,240
926,241
231,569
231,570
232,569
232,570
867,664
867,665
868,664
868,665
907,682
907,683
908,682
908,683
67,1021
67,1022
68,1021
68,1022
242,801
242,802
243,801
243,802
718,665
718,666
719,665
719,666
757,420
757,421
758,420
758,421
197,885
197,886
198,885
198,886
696,810
696,811
697,810
697,811
387,708
387,709
388,708
388,709
886,752
886,753
887,752
887,753
347,373
347,374
348,373
348,374
232,749
232,750
233,749
233,750
355,706
355,707
356,706
356,707
597,945
597,946
598,945
598,946
678,737
678,738
679,737
679,738
387,397
387,398
388,397
388,398
344,375
344,376
345,375
345,376
392,164
392,165
393,164
393,165
268,800
268,801
269,800
269,801
341,229
341,230
342,229
342,230
933,247
933,248
934,247
934,248
897,777
897,778
898,777
898,778
581,641
581,642
582,641
582,642
430,379
430,380
431,379
431,380
352,986
352,987
353,986
353,987
983,491
983,492
984,491
984,492
286,889
286,890
287,889
287,890
954,833
954,834
955,833
955,834
588,837
588,838
589,837
589,838
596,479
596,480
597,479
597,480
735,9
735,10
736,9
736,10
568,902
568,903
569,902
569,903
972,817
972,818
973,817
973,818
798,705
798,706
799,705
799,706
469,698
469,699
470,698
470,699
286,78
286,79
287,78
287,79
387,483
387,484
388,483
388,484
877,1013
877,1014
878,1013
878,1014
30,972
30,973
31,972
31,973
777,551
777,552
778,551
778,552
900,903
900,904
901,903
901,904
285,945
285,946
286,945
286,946
321,858
321,859
322,858
322,859
347,873
347,874
348,873
348,874
854,670
854,671
855,670
855,671
549,983
549,984
550,983
550,984
378,602
378,603
379,602
379,603
656,190
656,191
657,190
657,191
499,432
499,433
500,432
500,433
892,818
892,819
893,818
893,819
882,865
882,866
883,865
883,866
675,440
675,441
676,440
676,441
295,613
295,614
296,613
296,614
799,364
799,365
800,364
800,365
434,369
434,370
435,369
435,370
959,620
959,621
960,620
960,621
466,1016
466,1017
467,1016
467,1017
696,475
696,476
697,475
697,476
955,227
955,228
956,227
956,228
340,168
340,169
341,168
341,169
734,761
734,762
735,761
735,762
809,77
809,78
810,77
810,78
851,550
851,551
852,550
852,551
732,388
732,389
733,388
733,389
405,545
405,546
406,545
406,546
59,971
59,972
60,971
60,972
444,425
444,426
445,425
445,426
530,303
530,304
531,303
531,304
807,576
807,577
808,576
808,577
708,275
708,276
709,275
709,276
376,619
376,620
377,619
377,620
202,981
202,982
203,981
203,982
506,1010
506,1011
507,1010
507,1011
699,977
699,978
700,977
700,978
365,47
365,48
366,47
366,48
286,784
286,785
287,784
287,785
929,769
929,770
930,769
930,770
360,252
360,253
361,252
361,253
537,922
537,923
538,922
538,923
270,597
270,598
271,597
271,598
554,631
554,632
555,631
555,632
713,268
713,269
714,268
714,269
251,717
251,718
252,717
252,718
853,587
853,588
854,587
854,588
803,819
803,820
804,819
804,820
533,681
533,682
534,681
534,682
954,231
954,232
955,231
955,232
341,610
341,611
342,610
342,611
489,655
489,656
490,655
490,656
818,438
818,439
819,438
819,439
908,188
908,189
909,188
909,189
76,747
76,748
77,747
77,748
407,303
407,304
408,303
408,304
395,931
395,932
396,931
396,932
830,866
830,867
831,866
831,867
263,746
263,747
264,746
264,747
591,903
591,904
592,903
592,904
300,237
300,238
301,237
301,238
98,818
98,819
99,818
99,819
788,652
788,653
789,652
789,653
212,918
212,919
213,918
213,919
923,634
923,635
924,634
924,635
473,692
473,693
474,692
474,693
431,200
431,201
432,200
432,201
891,320
891,321
892,320
892,321
1003,60
1003,61
1004,60
1004,61
971,468
971,469
972,468
972,469
542,72
542,73
543,72
543,73
958,903
958,904
959,903
959,904
904,857
904,858
905,857
905,858
403,879
403,880
404,879
404,880
802,178
802,179
803,178
803,179
297,799
297,800
298,799
298,800
361,743
361,744
362,743
362,744
115,277
115,278
116,277
116,278
71,962
71,963
72,962
72,963
389,429
389,430
390,429
390,430
597,978
597,979
598,978
598,979
531,675
531,676
532,675
532,676
308,965
308,966
309,965
309,966
195,842
195,843
196,842
196,843
6,273
6,274
7,273
7,274
167,558
167,559
168,558
168,559
971,205
971,206
972,205
972,206
147,788
147,789
148,788
148,789
514,551
514,552
515,551
515,552
631,92
631,93
632,92
632,93
397,778
397,779
398,778
398,779
461,378
461,379
462,378
462,379
671,300
671,301
672,300
672,301
105,757
105,758
106,757
106,758
871,769
871,770
872,769
872,770
434,559
434,560
435,559
435,560
402,602
402,603
403,602
403,603
953,253
953,254
954,253
954,254
328,988
328,989
329,988
329,989
678,376
678,377
679,376
679,377
383,185
383,186
384,185
384,186
850,778
850,779
851,778
851,779
668,1019
668,1020
669,1019
669,1020
537,150
537,151
538,150
538,151
972,254
972,255
973,254
973,255
210,952
210,953
211,952
211,953
979,352
979,353
980,352
980,353
711,839
711,840
712,839
712,840
659,496
659,497
660,496
660,497
126,908
126,909
127,908
127,909
754,904
754,905
755,904
755,905
985,459
985,460
986,459
986,460
886,365
886,366
887,365
887,366
822,731
822,732
823,731
823,732
617,983
617,984
618,983
618,984
254,628
254,629
255,628
255,629
411,210
411,211
412,210
412,211
976,510
976,511
977,510
977,511
601,784
601,785
602,784
602,785
402,863
402,864
403,863
403,864
18,1018
18,1019
19,1018
19,1019
260,775
260,776
261,775
261,776
61,916
61,917
62,916
62,917
585,618
585,619
586,618
586,619
886,886
886,887
887,886
887,887
833,706
833,707
834,706
834,707
371,225
371,226
372,225
372,226
881,168
881,169
882,168
882,169
197,792
197,793
198,792
198,793
372,378
372,379
373,378
373,379
940,930
940,931
941,930
941,931
238,752
238,753
239,752
239,753
706,547
706,548
707,547
707,548
994,154
994,155
995,154
995,155
265,981
265,982
266,981
266,982
831,581
831,582
832,581
832,582
1011,24
1011,25
1012,24
1012,25
568,333
568,334
569,333
569,334
487,42
487,43
488,42
488,43
512,754
512,755
513,754
513,755
1000,959
1000,960
1001,959
1001,960
823,615
823,616
824,615
824,616
216,940
216,941
217,940
217,941
917,456
917,457
918,456
918,457
866,725
866,726
867,725
867,726
807,123
807,124
808,123
808,124
492,659
492,660
493,659
493,660
155,576
155,577
156,576
156,577
991,266
991,267
992,266
992,267
481,241
481,242
482,241
482,242
171,617
171,618
172,617
172,618
866,639
866,640
867,639
867,640
907,971
907,972
908,971
908,972
787,824
787,825
788,824
788,825
899,394
899,395
900,394
900,395
592,786
592,787
593,786
593,787
974,1
974,2
975,1
975,2
556,621
556,622
557,621
557,622
31,932
31,933
32,932
32,933
297,858
297,859
298,858
298,859
645,773
645,774
646,773
646,774
451,467
451,468
452,467
452,468
323,830
323,831
324,830
324,831
547,317
547,318
548,317
548,318
910,890
910,891
911,890
911,891
425,725
425,726
426,725
426,726
659,669
659,670
660,669
660,670
920,798
920,799
921,798
921,799
836,695
836,696
837,695
837,696
522,186
522,187
523,186
523,187
867,867
867,868
868,867
868,868
351,838
351,839
352,838
352,839
708,947
708,948
709,947
709,948
197,758
197,759
198,758
198,759
628,640
628,641
629,640
629,641
263,737
263,738
264,737
264,738
279,742
279,743
280,742
280,743
529,836
529,837
530,836
530,837
555,314
555,315
556,314
556,315
289,768
289,769
290,768
290,769
905,266
905,267
906,266
906,267
635,30
635,31
636,30
636,31
586,842
586,843
587,842
587,843
366,917
366,918
367,917
367,918
412,33
412,34
413,33
413,34
567,218
567,219
568,218
568,219
700,168
700,169
701,168
701,169
660,529
660,530
661,529
661,530
789,586
789,587
790,586
790,587
957,1014
957,1015
958,1014
958,1015
144,871
144,872
145,871
145,872
212,903
212,904
213,903
213,904
835,159
835,160
836,159
836,160
962,946
962,947
963,946
963,947
750,7
750,8
751,7
751,8
748,707
748,708
749,707
749,708
947,930
947,931
948,930
948,931
704,314
704,315
705,314
705,315
545,798
545,799
546,798
546,799
138,720
138,721
139,720
139,721
1022,997
1022,998
1023,997
1023,998
643,444
643,445
644,444
644,445
873,520
873,521
874,520
874,521
609,37
609,38
610,37
610,38
688,482
688,483
689,482
689,483
141,773
141,774
142,773
142,774
53,928
53,929
54,928
54,929
686,165
686,166
687,165
687,166
449,724
449,725
450,724
450,725
713,246
713,247
714,246
714,247
686,987
686,988
687,987
687,988
696,1017
696,1018
697,1017
697,1018
404,661
404,662
405,661
405,662
888,529
888,530
889,529
889,530
897,593
897,594
898,593
898,594
761,96
761,97
762,96
762,97
598,275
598,276
599,275
599,276
503,551
503,552
504,551
504,552
772,593
772,594
773,593
773,594
278,977
278,978
279,977
279,978
252,832
252,833
253,832
253,833
531,610
531,611
532,610
532,611
821,114
821,115
822,114
822,115
595,342
595,343
596,342
596,343
382,74
382,75
383,74
383,75
654,355
654,356
655,355
655,356
664,571
664,572
665,571
665,572
856,591
856,592
857,591
857,592
412,25
412,26
413,25
413,26
993,78
993,79
994,78
994,79
875,307
875,308
876,307
876,308
702,96
702,97
703,96
703,97
744,582
744,583
745,582
745,583
965,919
965,920
966,919
966,920
454,531
454,532
455,531
455,532
592,907
592,908
593,907
593,908
874,472
874,473
875,472
875,473
777,502
777,503
778,502
778,503
328,849
328,850
329,849
329,850
213,830
213,831
214,830
214,831
671,568
671,569
672,568
672,569
605,849
605,850
606,849
606,850
1015,24
1015,25
1016,24
1016,25
767,636
767,637
768,636
768,637
879,848
879,849
880,848
880,849
372,832
372,833
373,832
373,833
463,59
463,60
464,59
464,60
877,706
877,707
878,706
878,707
446,207
446,208
447,207
447,208
489,633
489,634
490,633
490,634
279,397
279,398
280,397
280,398
326,253
326,254
327,253
327,254
595,316
595,317
596,316
596,317
801,101
801,102
802,101
802,102
648,1018
648,1019
649,1018
649,1019
148,781
148,782
149,781
149,782
777,865
777,866
778,865
778,866
713,1016
713,1017
714,1016
714,1017
796,841
796,842
797,841
797,842
666,203
666,204
667,203
667,204
938,434
938,435
939,434
939,435
255,617
255,618
256,617
256,618
791,904
791,905
792,904
792,905
225,915
225,916
226,915
226,916
640,477
640,478
641,477
641,478
390,898
390,899
391,898
391,899
718,495
718,496
719,495
719,496
929,933
929,934
930,933
930,934
224,960
224,961
225,960
225,961
364,20
364,21
365,20
365,21
717,579
717,580
718,579
718,580
618,474
618,475
619,474
619,475
961,61
961,62
962,61
962,62
202,577
202,578
203,577
203,578
127,930
127,931
128,930
128,931
636,824
636,825
637,824
637,825
624,111
624,112
625,111
625,112
159,823
159,824
160,823
160,824
547,837
547,838
548,837
548,838
290,670
290,671
291,670
291,671
721,18
721,19
722,18
722,19
522,656
522,657
523,656
523,657
763,233
763,234
764,233
764,234
522,526
522,527
523,526
523,527
381,624
381,625
382,624
382,625
426,244
426,245
427,244
427,245
874,76
874,77
875,76
875,77
1012,97
1012,98
1013,97
1013,98
432,648
432,649
433,648
433,649
932,573
932,574
933,573
933,574
564,771
564,772
565,771
565,772
169,892
169,893
170,892
170,893
798,233
798,234
799,233
799,234
675,294
675,295
676,294
676,295
295,689
295,690
296,689
296,690
945,218
945,219
946,218
946,219
182,914
182,915
183,914
183,915
988,667
988,668
989,667
989,668
641,641
641,642
642,641
642,642
626,202
626,203
627,202
627,203
455,27
455,28
456,27
456,28
618,943
618,944
619,943
619,944
186,590
186,591
187,590
187,591
892,822
892,823
893,822
893,823
385,517
385,518
386,517
386,518
697,9
697,10
698,9
698,10
454,866
454,867
455,866
455,867
97,1015
97,1016
98,1015
98,1016
537,77
537,78
538,77
538,78
712,321
712,322
713,321
713,322
658,561
658,562
659,561
659,562
686,651
686,652
687,651
687,652
104,920
104,921
105,920
105,921
1022,569
1022,570
1023,569
1023,570
599,846
599,847
600,846
600,847
839,370
839,371
840,370
840,371
167,954
167,955
168,954
168,955
507,109
507,110
508,109
508,110
287,851
287,852
288,851
288,852
291,729
291,730
292,729
292,730
814,417
814,418
815,417
815,418
646,478
646,479
647,478
647,479
951,374
951,375
952,374
952,375
133,748
133,749
134,748
134,749
21,773
21,774
22,773
22,774
584,1008
584,1009
585,1008
585,1009
571,123
571,124
572,123
572,124
327,488
327,489
328,488
328,489
679,741
679,742
680,741
680,742
905,863
905,864
906,863
906,864
736,43
736,44
737,43
737,44
593,791
593,792
594,791
594,792
965,174
965,175
966,174
966,175
689,640
689,641
690,640
690,641
583,888
583,889
584,888
584,889
894,268
894,269
895,268
895,269
675,229
675,230
676,229
676,230
804,217
804,218
805,217
805,218
836,636
836,637
837,636
837,637
811,708
811,709
812,708
812,709
666,629
666,630
667,629
667,630
695,322
695,323
696,322
696,323
753,964
753,965
754,964
754,965
966,229
966,230
967,229
967,230
449,243
449,244
450,243
450,244
56,769
56,770
57,769
57,770
844,364
844,365
845,364
845,365
671,240
671,241
672,240
672,241
973,238
973,239
974,238
974,239
1021,914
1021,915
1022,914
1022,915
263,555
263,556
264,555
264,556
1015,534
1015,535
1016,534
1016,535
943,1016
943,1017
944,1016
944,1017
342,946
342,947
343,946
343,947
140,816
140,817
141,816
141,817
409,534
409,535
410,534
410,535
367,319
367,320
368,319
368,320
670,997
670,998
671,997
671,998
498,62
498,63
499,62
499,63
916,833
916,834
917,833
917,834
874,11
874,12
875,11
875,12
434,476
434,477
435,476
435,477
706,1019
706,1020
707,1019
707,1020
416,630
416,631
417,630
417,631
763,150
763,151
764,150
764,151
506,158
506,159
507,158
507,159
477,629
477,630
478,629
478,630
958,291
958,292
959,291
959,292
274,606
274,607
275,606
275,607
4,973
4,974
5,973
5,974
750,821
750,822
751,821
751,822
622,680
622,681
623,680
623,681
297,415
297,416
298,415
298,416
461,37
461,38
462,37
462,38
521,744
521,745
522,744
522,745
526,951
526,952
527,951
527,952
421,366
421,367
422,366
422,367
697,771
697,772
698,771
698,772
915,570
915,571
916,570
916,571
986,700
986,701
987,700
987,701
510,172
510,173
511,172
511,173
288,845
288,846
289,845
289,846
1016,161
1016,162
1017,161
1017,162
722,321
722,322
723,321
723,322
850,615
850,616
851,615
851,616
405,183
405,184
406,183
406,184
103,783
103,784
104,783
104,784
764,379
764,380
765,379
765,380
864,376
864,377
865,376
865,377
743,910
743,911
744,910
744,911
333,812
333,813
334,812
334,813
903,967
903,968
904,967
904,968
502,130
502,131
503,130
503,131
717,129
717,130
718,129
718,130
465,74
465,75
466,74
466,75
459,345
459,346
460,345
460,346
442,742
442,743
443,742
443,743
575,847
575,848
576,847
576,848
301,628
301,629
302,628
302,629
953,861
953,862
954,861
954,862
664,126
664,127
665,126
665,127
611,298
611,299
612,298
612,299
324,769
324,770
325,769
325,770
736,951
736,952
737,951
737,952
248,751
248,752
249,751
249,752
988,251
988,252
989,251
989,252
389,888
389,889
390,888
390,889
328,999
328,1000
329,999
329,1000
874,832
874,833
875,832
875,833
620,96
620,97
621,96
621,97
456,657
456,658
457,657
457,658
979,17
979,18
980,17
980,18
485,300
485,301
486,300
486,301
292,301
292,302
293,301
293,302
612,425
612,426
613,425
613,426
364,982
364,983
365,982
365,983
725,275
725,276
726,275
726,276
871,194
871,195
872,194
872,195
924,694
924,695
925,694
925,695
508,80
508,81
509,80
509,81
475,247
475,248
476,247
476,248
584,476
584,477
585,476
585,477
311,510
311,511
312,510
312,511
764,901
764,902
765,901
765,902
342,185
342,186
343,185
343,186
342,884
342,885
343,884
343,885
477,542
477,543
478,542
478,543
1,975
1,976
2,975
2,976
68,771
68,772
69,771
69,772
584,908
584,909
585,908
585,909
219,665
219,666
220,665
220,666
906,174
906,175
907,174
907,175
144,821
144,822
145,821
145,822
778,376
778,377
779,376
779,377
349,402
349,403
350,402
350,403
474,462
474,463
475,462
475,463
543,838
543,839
544,838
544,839
334,465
334,466
335,465
335,466
705,649
705,650
706,649
706,650
626,881
626,882
627,881
627,882
628,870
628,871
629,870
629,871
681,655
681,656
682,655
682,656
446,1021
446,1022
447,1021
447,1022
985,951
985,952
986,951
986,952
388,434
388,435
389,434
389,435
852,620
852,621
853,620
853,621
643,794
643,795
644,794
644,795
241,742
241,743
242,742
242,743
939,838
939,839
940,838
940,839
778,945
778,946
779,945
779,946
384,266
384,267
385,266
385,267
886,567
886,568
887,567
887,568
756,97
756,98
757,97
757,98
317,832
317,833
318,832
318,833
843,359
843,360
844,359
844,360
295,841
295,842
296,841
296,842
967,479
967,480
968,479
968,480
952,390
952,391
953,390
953,391
592,84
592,85
593,84
593,85
314,617
314,618
315,617
315,618
607,574
607,575
608,574
608,575
849,193
849,194
850,193
850,194
993,261
993,262
994,261
994,262
693,589
693,590
694,589
694,590
891,778
891,779
892,778
892,779
886,797
886,798
887,797
887,798
599,879
599,880
600,879
600,880
6,967
6,968
7,967
7,968
503,557
503,558
504,557
504,558
923,277
923,278
924,277
924,278
360,901
360,902
361,901
361,902
872,785
872,786
873,785
873,786
451,248
451,249
452,248
452,249
480,740
480,741
481,740
481,741
595,250
595,251
596,250
596,251
388,183
388,184
389,183
389,184
353,629
353,630
354,629
354,630
648,241
648,242
649,241
649,242
181,900
181,901
182,900
182,901
768,823
768,824
769,823
769,824
538,286
538,287
539,286
539,287
4,919
4,920
5,919
5,920
604,853
604,854
605,853
605,854
731,919
731,920
732,919
732,920
101,937
101,938
102,937
102,938
175,634
175,635
176,634
176,635
106,869
106,870
107,869
107,870
294,307
294,308
295,307
295,308
434,920
434,921
435,920
435,921
1011,979
1011,980
1012,979
1012,980
751,208
751,209
752,208
752,209
243,959
243,960
244,959
244,960
847,697
847,698
848,697
848,698
402,585
402,586
403,585
403,586
462,596
462,597
463,596
463,597
569,184
569,185
570,184
570,185
937,6
937,7
938,6
938,7
547,772
547,773
548,772
548,773
803,1021
803,1022
804,1021
804,1022
951,204
951,205
952,204
952,205
939,970
939,971
940,970
940,971
417,826
417,827
418,826
418,827
847,780
847,781
848,780
848,781
456,467
456,468
457,467
457,468
310,981
310,982
311,981
311,982
328,391
328,392
329,391
329,392
212,887
212,888
213,887
213,888
410,380
410,381
411,380
411,381
703,478
703,479
704,478
704,479
893,383
893,384
894,383
894,384
649,679
649,680
650,679
650,680
959,965
959,966
960,965
960,966
395,604
395,605
396,604
396,605
528,26
528,27
529,26
529,27
2,902
2,903
3,902
3,903
830,641
830,642
831,641
831,642
650,569
650,570
651,569
651,570
1020,646
1020,647
1021,646
1021,647
278,53
278,54
279,53
279,54
426,266
426,267
427,266
427,267
748,629
748,630
749,629
749,630
122,767
122,768
123,767
123,768
795,673
795,674
796,673
796,674
55,775
55,776
56,775
56,776
525,508
525,509
526,508
526,509
1,743
1,744
2,743
2,744
183,626
183,627
184,626
184,627
680,390
680,391
681,390
681,391
771,449
771,450
772,449
772,450
713,318
713,319
714,318
714,319
429,511
429,512
430,511
430,512
621,150
621,151
622,150
622,151
251,750
251,751
252,750
252,751
532,1006
532,1007
533,1006
533,1007
997,998
997,999
998,998
998,999
254,973
254,974
255,973
255,974
349,608
349,609
350,608
350,609
779,426
779,427
780,426
780,427
129,907
129,908
130,907
130,908
887,535
887,536
888,535
888,536
689,771
689,772
690,771
690,772
1021,919
1021,920
1022,919
1022,920
731,887
731,888
732,887
732,888
877,61
877,62
878,61
878,62
430,948
430,949
431,948
431,949
777,907
777,908
778,907
778,908
293,959
293,960
294,959
294,960
692,849
692,850
693,849
693,850
433,581
433,582
434,581
434,582
934,637
934,638
935,637
935,638
592,113
592,114
593,113
593,114
467,879
467,880
468,879
468,880
872,812
872,813
873,812
873,813
620,276
620,277
621,276
621,277
633,73
633,74
634,73
634,74
951,621
951,622
952,621
952,622
139,942
139,943
140,942
140,943
390,593
390,594
391,593
391,594
1018,921
1018,922
1019,921
1019,922
579,1013
579,1014
580,1013
580,1014
136,917
136,918
137,917
137,918
603,959
603,960
604,959
604,960
971,194
971,195
972,194
972,195
627,892
627,893
628,892
628,893
789,911
789,912
790,911
790,912
291,811
291,812
292,811
292,812
594,759
594,760
595,759
595,760
911,994
911,995
912,994
912,995
816,782
816,783
817,782
817,783
42,788
42,789
43,788
43,789
680,135
680,136
681,135
681,136
790,82
790,83
791,82
791,83
323,314
323,315
324,314
324,315
869,352
869,353
870,352
870,353
985,109
985,110
986,109
986,110
609,881
609,882
610,881
610,882
371,867
371,868
372,867
372,868
907,644
907,645
908,644
908,645
785,364
785,365
786,364
786,365
524,554
524,555
525,554
525,555
448,194
448,195
449,194
449,195
285,90
285,91
286,90
286,91
1015,149
1015,150
1016,149
1016,150
743,545
743,546
744,545
744,546
502,185
502,186
503,185
503,186
563,620
563,621
564,620
564,621
761,391
761,392
762,391
762,392
417,180
417,181
418,180
418,181
980,570
980,571
981,570
981,571
430,13
430,14
431,13
431,14
957,817
957,818
958,817
958,818
629,863
629,864
630,863
630,864
299,430
299,431
300,430
300,431
339,996
339,997
340,996
340,997
648,717
648,718
649,717
649,718
847,687
847,688
848,687
848,688
584,319
584,320
585,319
585,320
214,667
214,668
215,667
215,668
685,428
685,429
686,428
686,429
210,853
210,854
211,853
211,854
358,644
358,645
359,644
359,645
618,222
618,223
619,222
619,223
508,213
508,214
509,213
509,214
391,155
391,156
392,155
392,156
413,22
413,23
414,22
414,23
355,37
355,38
356,37
356,38
763,740
763,741
764,740
764,741
142,843
142,844
143,843
143,844
941,860
941,861
942,860
942,861
687,246
687,247
688,246
688,247
365,534
365,535
366,534
366,535
309,72
309,73
310,72
310,73
813,349
813,350
814,349
814,350
539,549
539,550
540,549
540,550
685,268
685,269
686,268
686,269
527,612
527,613
528,612
528,613
774,367
774,368
775,367
775,368
217,977
217,978
218,977
218,978
653,540
653,541
654,540
654,541
199,934
199,935
200,934
200,935
853,215
853,216
854,215
854,216
255,826
255,827
256,826
256,827
535,73
535,74
536,73
536,74
369,686
369,687
370,686
370,687
715,470
715,471
716,470
716,471
430,309
430,310
431,309
431,310
872,307
872,308
873,307
873,308
946,227
946,228
947,227
947,228
297,523
297,524
298,523
298,524
718,232
718,233
719,232
719,233
949,960
949,961
950,960
950,961
902,159
902,160
903,159
903,160
337,937
337,938
338,937
338,938
622,285
622,286
623,285
623,286
992,1015
992,1016
993,1015
993,1016
163,647
163,648
164,647
164,648
326,560
326,561
327,560
327,561
606,684
606,685
607,684
607,685
581,845
581,846
582,845
582,846
871,90
871,91
872,90
872,91
573,757
573,758
574,757
574,758
340,837
340,838
341,837
341,838
749,27
749,28
750,27
750,28
954,844
954,845
955,844
955,845
308,275
308,276
309,275
309,276
620,12
620,13
621,12
621,13
1015,342
1015,343
1016,342
1016,343
987,74
987,75
988,74
988,75
655,398
655,399
656,398
656,399
87,755
87,756
88,755
88,756
412,198
412,199
413,198
413,199
919,793
919,794
920,793
920,794
615,404
615,405
616,404
616,405
587,826
587,827
588,826
588,827
864,623
864,624
865,623
865,624
156,281
156,282
157,281
157,282
1009,1010
1009,1011
1010,1010
1010,1011
613,332
613,333
614,332
614,333
833,782
833,783
834,782
834,783
744,362
744,363
745,362
745,363
553,834
553,835
554,834
554,835
1002,574
1002,575
1003,574
1003,575
540,483
540,484
541,483
541,484
919,114
919,115
920,114
920,115
604,903
604,904
605,903
605,904
189,717
189,718
190,717
190,718
643,432
643,433
644,432
644,433
913,189
913,190
914,189
914,190
620,692
620,693
621,692
621,693
184,952
184,953
185,952
185,953
344,606
344,607
345,606
345,607
816,432
816,433
817,432
817,433
614,978
614,979
615,978
615,979
571,255
571,256
572,255
572,256
918,185
918,186
919,185
919,186
763,277
763,278
764,277
764,278
578,51
578,52
579,51
579,52
967,326
967,327
968,326
968,327
673,169
673,170
674,169
674,170
656,386
656,387
657,386
657,387
706,153
706,154
707,153
707,154
459,700
459,701
460,700
460,701
304,545
304,546
305,545
305,546
27,753
27,754
28,753
28,754
771,779
771,780
772,779
772,780
699,748
699,749
700,748
700,749
780,780
780,781
781,780
781,781
513,157
513,158
514,157
514,158
434,718
434,719
435,718
435,719
910,861
910,862
911,861
911,862
291,313
291,314
292,313
292,314
875,487
875,488
876,487
876,488
253,641
253,642
254,641
254,642
995,627
995,628
996,627
996,628
826,226
826,227
827,226
827,227
699,622
699,623
700,622
700,623
618,226
618,227
619,226
619,227
620,122
620,123
621,122
621,123
609,678
609,679
610,678
610,679
471,566
471,567
472,566
472,567
691,442
691,443
692,442
692,443
555,994
555,995
556,994
556,995
607,924
607,925
608,924
608,925
699,666
699,667
700,666
700,667
262,85
262,86
263,85
263,86
629,854
629,855
630,854
630,855
272,251
272,252
273,251
273,252
844,688
844,689
845,688
845,689
560,631
560,632
561,631
561,632
681,178
681,179
682,178
682,179
262,374
262,375
263,374
263,375
1018,29
1018,30
1019,29
1019,30
5,776
5,777
6,776
6,777
260,966
260,967
261,966
261,967
880,9
880,10
881,9
881,10
381,786
381,787
382,786
382,787
558,154
558,155
559,154
559,155
533,858
533,859
534,858
534,859
288,625
288,626
289,625
289,626
1023,762
1023,763
1024,762
1024,763
995,665
995,666
996,665
996,666
347,132
347,133
348,132
348,133
717,765
717,766
718,765
718,766
779,3
779,4
780,3
780,4
771,892
771,893
772,892
772,893
295,142
295,143
296,142
296,143
175,578
175,579
176,578
176,579
194,265
194,266
195,265
195,266
912,161
912,162
913,161
913,162
109,1012
109,1013
110,1012
110,1013
148,827
148,828
149,827
149,828
716,761
716,762
717,761
717,762
354,904
354,905
355,904
355,905
306,1008
306,1009
307,1008
307,1009
426,933
426,934
427,933
427,934
592,995
592,996
593,995
593,996
529,168
529,169
530,168
530,169
313,60
313,61
314,60
314,61
765,652
765,653
766,652
766,653
302,579
302,580
303,579
303,580
751,579
751,580
752,579
752,580
544,322
544,323
545,322
545,323
369,22
369,23
370,22
370,23
957,339
957,340
958,339
958,340
961,893
961,894
962,893
962,894
740,763
740,764
741,763
741,764
298,720
298,721
299,720
299,721
443,586
443,587
444,586
444,587
330,996
330,997
331,996
331,997
446,168
446,169
447,168
447,169
508,113
508,114
509,113
509,114
262,250
262,251
263,250
263,251
298,14
298,15
299,14
299,15
402,238
402,239
403,238
403,239
685,328
685,329
686,328
686,329
517,928
517,929
518,928
518,929
281,1020
281,1021
282,1020
282,1021
437,555
437,556
438,555
438,556
715,135
715,136
716,135
716,136
111,934
111,935
112,934
112,935
420,519
420,520
421,519
421,520
699,758
699,759
700,758
700,759
610,645
610,646
611,645
611,646
425,884
425,885
426,884
426,885
963,837
963,838
964,837
964,838
827,395
827,396
828,395
828,396
797,332
797,333
798,332
798,333
324,740
324,741
325,740
325,741
46,1017
46,1018
47,1017
47,1018
836,652
836,653
837,652
837,653
408,100
408,101
409,100
409,101
617,445
617,446
618,445
618,446
972,281
972,282
973,281
973,282
733,230
733,231
734,230
734,231
642,1019
642,1020
643,1019
643,1020
351,706
351,707
352,706
352,707
692,163
692,164
693,163
693,164
431,742
431,743
432,742
432,743
415,563
415,564
416,563
416,564
935,1
935,2
936,1
936,2
555,703
555,704
556,703
556,704
782,382
782,383
783,382
783,383
889,242
889,243
890,242
890,243
227,958
227,959
228,958
228,959
541,322
541,323
542,322
542,323
999,625
999,626
1000,625
1000,626
700,709
700,710
701,709
701,710
871,285
871,286
872,285
872,286
981,235
981,236
982,235
982,236
442,947
442,948
443,947
443,948
789,329
789,330
790,329
790,330
480,696
480,697
481,696
481,697
735,403
735,404
736,403
736,404
246,297
246,298
247,297
247,298
373,111
373,112
374,111
374,112
528,191
528,192
529,191
529,192
281,938
281,939
282,938
282,939
289,788
289,789
290,788
290,789
782,2
782,3
783,2
783,3
1018,62
1018,63
1019,62
1019,63
139,784
139,785
140,784
140,785
335,816
335,817
336,816
336,817
632,622
632,623
633,622
633,623
845,583
845,584
846,583
846,584
597,993
597,994
598,993
598,994
319,300
319,301
320,300
320,301
776,113
776,114
777,113
777,114
521,432
521,433
522,432
522,433
382,150
382,151
383,150
383,151
680,222
680,223
681,222
681,223
510,463
510,464
511,463
511,464
272,771
272,772
273,771
273,772
929,319
929,320
930,319
930,320
993,669
993,670
994,669
994,670
268,613
268,614
269,613
269,614
588,53
588,54
589,53
589,54
789,838
789,839
790,838
790,839
85,936
85,937
86,936
86,937
894,247
894,248
895,247
895,248
635,303
635,304
636,303
636,304
313,784
313,785
314,784
314,785
662,709
662,710
663,709
663,710
56,808
56,809
57,808
57,809
690,809
690,810
691,809
691,810
509,629
509,630
510,629
510,630
305,774
305,775
306,774
306,775
602,308
602,309
603,308
603,309
995,45
995,46
996,45
996,46
292,664
292,665
293,664
293,665
1022,657
1022,658
1023,657
1023,658
711,743
711,744
712,743
712,744
854,362
854,363
855,362
855,363
8,979
8,980
9,979
9,980
721,395
721,396
722,395
722,396
1007,337
1007,338
1008,337
1008,338
278,255
278,256
279,255
279,256
671,559
671,560
672,559
672,560
635,846
635,847
636,846
636,847
677,309
677,310
678,309
678,310
599,982
599,983
600,982
600,983
1022,1012
1022,1013
1023,1012
1023,1013
388,507
388,508
389,507
389,508
854,210
854,211
855,210
855,211
938,790
938,791
939,790
939,791
868,670
868,671
869,670
869,671
464,846
464,847
465,846
465,847
923,652
923,653
924,652
924,653
586,1023
586,1024
587,1023
587,1024
385,386
385,387
386,386
386,387
643,49
643,50
644,49
644,50
837,869
837,870
838,869
838,870
617,655
617,656
618,655
618,656
472,593
472,594
473,593
473,594
847,774
847,775
848,774
848,775
1008,370
1008,371
1009,370
1009,371
222,872
222,873
223,872
223,873
835,570
835,571
836,570
836,571
116,904
116,905
117,904
117,905
972,814
972,815
973,814
973,815
977,483
977,484
978,483
978,484
653,393
653,394
654,393
654,394
439,596
439,597
440,596
440,597
888,517
888,518
889,517
889,518
316,284
316,285
317,284
317,285
886,889
886,890
887,889
887,890
316,885
316,886
317,885
317,886
955,921
955,922
956,921
956,922
600,359
600,360
601,359
601,360
819,777
819,778
820,777
820,778
711,439
711,440
712,439
712,440
708,609
708,610
709,609
709,610
735,233
735,234
736,233
736,234
632,974
632,975
633,974
633,975
759,80
759,81
760,80
760,81
926,661
926,662
927,661
927,662
50,895
50,896
51,895
51,896
322,715
322,716
323,715
323,716
234,770
234,771
235,770
235,771
737,978
737,979
738,978
738,979
519,735
519,736
520,735
520,736
458,728
458,729
459,728
459,729
633,178
633,179
634,178
634,179
691,43
691,44
692,43
692,44
417,174
417,175
418,174
418,175
292,554
292,555
293,554
293,555
18,773
18,774
19,773
19,774
700,571
700,572
701,571
701,572
446,25
446,26
447,25
447,26
367,406
367,407
368,406
368,407
219,643
219,644
220,643
220,644
567,793
567,794
568,793
568,794
484,191
484,192
485,191
485,192
684,751
684,752
685,751
685,752
618,105
618,106
619,105
619,106
286,324
286,325
287,324
287,325
530,300
530,301
531,300
531,301
584,826
584,827
585,826
585,827
662,670
662,671
663,670
663,671
21,761
21,762
22,761
22,762
262,41
262,42
263,41
263,42
320,277
320,278
321,277
321,278
554,1020
554,1021
555,1020
555,1021
652,487
652,488
653,487
653,488
424,556
424,557
425,556
425,557
633,432
633,433
634,432
634,433
708,18
708,19
709,18
709,19
426,234
426,235
427,234
427,235
427,227
427,228
428,227
428,228
408,576
408,577
409,576
409,577
512,764
512,765
513,764
513,765
584,658
584,659
585,658
585,659
519,925
519,926
520,925
520,926
610,327
610,328
611,327
611,328
449,420
449,421
450,420
450,421
475,566
475,567
476,566
476,567
533,730
533,731
534,730
534,731
877,570
877,571
878,570
878,571
375,236
375,237
376,236
376,237
884,238
884,239
885,238
885,239
622,629
622,630
623,629
623,630
146,936
146,937
147,936
147,937
674,590
674,591
675,590
675,591
339,317
339,318
340,317
340,318
928,407
928,408
929,407
929,408
381,727
381,728
382,727
382,728
467,409
467,410
468,409
468,410
181,818
181,819
182,818
182,819
897,806
897,807
898,806
898,807
961,242
961,243
962,242
962,243
734,815
734,816
735,815
735,816
128,858
128,859
129,858
129,859
219,984
219,985
220,984
220,985
365,358
365,359
366,358
366,359
387,921
387,922
388,921
388,922
467,558
467,559
468,558
468,559
368,19
368,20
369,19
369,20
623,812
623,813
624,812
624,813
626,470
626,471
627,470
627,471
682,90
682,91
683,90
683,91
285,543
285,544
286,543
286,544
428,343
428,344
429,343
429,344
340,295
340,296
341,295
341,296
572,996
572,997
573,996
573,997
523,72
523,73
524,72
524,73
387,195
387,196
388,195
388,196
584,77
584,78
585,77
585,78
968,75
968,76
969,75
969,76
432,483
432,484
433,483
433,484
230,767
230,768
231,767
231,768
193,902
193,903
194,902
194,903
972,310
972,311
973,310
973,311
957,175
957,176
958,175
958,176
596,770
596,771
597,770
597,771
330,1007
330,1008
331,1007
331,1008
364,332
364,333
365,332
365,333
784,266
784,267
785,266
785,267
423,864
423,865
424,864
424,865
883,129
883,130
884,129
884,130
796,740
796,741
797,740
797,741
607,371
607,372
608,371
608,372
470,122
470,123
471,122
471,123
887,786
887,787
888,786
888,787
155,277
155,278
156,277
156,278
513,631
513,632
514,631
514,632
804,704
804,705
805,704
805,705
605,811
605,812
606,811
606,812
997,681
997,682
998,681
998,682
696,759
696,760
697,759
697,760
475,970
475,971
476,970
476,971
741,923
741,924
742,923
742,924
781,819
781,820
782,819
782,820
371,806
371,807
372,806
372,807
428,187
428,188
429,187
429,188
429,161
429,162
430,161
430,162
70,939
70,940
71,939
71,940
388,368
388,369
389,368
389,369
223,964
223,965
224,964
224,965
210,745
210,746
211,745
211,746
497,512
497,513
498,512
498,513
683,917
683,918
684,917
684,918
86,770
86,771
87,770
87,771
582,192
582,193
583,192
583,193
617,124
617,125
618,124
618,125
261,382
261,383
262,382
262,383
38,297
38,298
39,297
39,298
132,925
132,926
133,925
133,926
601,396
601,397
602,396
602,397
932,562
932,563
933,562
933,563
412,785
412,786
413,785
413,786
1001,548
1001,549
1002,548
1002,549
334,876
334,877
335,876
335,877
964,767
964,768
965,767
965,768
599,660
599,661
600,660
600,661
895,10
895,11
896,10
896,11
561,904
561,905
562,904
562,905
183,845
183,846
184,845
184,846
955,390
955,391
956,390
956,391
327,56
327,57
328,56
328,57
44,956
44,957
45,956
45,957
638,517
638,518
639,517
639,518
625,701
625,702
626,701
626,702
619,572
619,573
620,572
620,573
757,825
757,826
758,825
758,826
369,275
369,276
370,275
370,276
592,951
592,952
593,951
593,952
363,757
363,758
364,757
364,758
665,515
665,516
666,515
666,516
584,634
584,635
585,634
585,635
758,820
758,821
759,820
759,821
577,45
577,46
578,45
578,46
926,688
926,689
927,688
927,689
892,966
892,967
893,966
893,967
771,7
771,8
772,7
772,8
590,1002
590,1003
591,1002
591,1003
209,778
209,779
210,778
210,779
686,1008
686,1009
687,1008
687,1009
749,254
749,255
750,254
750,255
275,119
275,120
276,119
276,120
539,257
539,258
540,257
540,258
599,330
599,331
600,330
600,331
581,834
581,835
582,834
582,835
789,844
789,845
790,844
790,845
273,800
273,801
274,800
274,801
616,249
616,250
617,249
617,250
97,998
97,999
98,998
98,999
747,960
747,961
748,960
748,961
510,654
510,655
511,654
511,655
690,103
690,104
691,103
691,104
187,904
187,905
188,904
188,905
866,995
866,996
867,995
867,996
636,709
636,710
637,709
637,710
463,16
463,17
464,16
464,17
968,780
968,781
969,780
969,781
476,697
476,698
477,697
477,698
763,891
763,892
764,891
764,892
78,805
78,806
79,805
79,806
438,563
438,564
439,563
439,564
414,647
414,648
415,647
415,648
910,681
910,682
911,681
911,682
899,136
899,137
900,136
900,137
817,114
817,115
818,114
818,115
835,701
835,702
836,701
836,702
284,851
284,852
285,851
285,852
781,705
781,706
782,705
782,706
625,630
625,631
626,630
626,631
327,319
327,320
328,319
328,320
893,641
893,642
894,641
894,642
495,559
495,560
496,559
496,560
670,793
670,794
671,793
671,794
529,879
529,880
530,879
530,880
772,866
772,867
773,866
773,867
361,75
361,76
362,75
362,76
367,890
367,891
368,890
368,891
703,955
703,956
704,955
704,956
396,465
396,466
397,465
397,466
72,913
72,914
73,913
73,914
1023,60
1023,61
1024,60
1024,61
1001,1007
1001,1008
1002,1007
1002,1008
523,792
523,793
524,792
524,793
67,754
67,755
68,754
68,755
902,1001
902,1002
903,1001
903,1002
992,906
992,907
993,906
993,907
768,182
768,183
769,182
769,183
405,426
405,427
406,426
406,427
727,778
727,779
728,778
728,779
687,643
687,644
688,643
688,644
11,994
11,995
12,994
12,995
646,297
646,298
647,297
647,298
756,731
756,732
757,731
757,732
465,541
465,542
466,541
466,542
619,45
619,46
620,45
620,46
294,268
294,269
295,268
295,269
854,893
854,894
855,893
855,894
1020,878
1020,879
1021,878
1021,879
737,780
737,781
738,780
738,781
368,220
368,221
369,220
369,221
830,389
830,390
831,389
831,390
1023,608
1023,609
1024,608
1024,609
322,157
322,158
323,157
323,158
37,955
37,956
38,955
38,956
617,211
617,212
618,211
618,212
516,632
516,633
517,632
517,633
371,56
371,57
372,56
372,57
856,286
856,287
857,286
857,287
604,776
604,777
605,776
605,777
178,935
178,936
179,935
179,936
951,851
951,852
952,851
952,852
467,459
467,460
468,459
468,460
928,786
928,787
929,786
929,787
375,947
375,948
376,947
376,948
10,922
10,923
11,922
11,923
506,168
506,169
507,168
507,169
119,772
119,773
120,772
120,773
626,761
626,762
627,761
627,762
529,840
529,841
530,840
530,841
524,696
524,697
525,696
525,697
378,699
378,700
379,699
379,700
458,548
458,549
459,548
459,549
929,775
929,776
930,775
930,776
14,917
14,918
15,917
15,918
971,806
971,807
972,806
972,807
457,520
457,521
458,520
458,521
531,747
531,748
532,747
532,748
424,958
424,959
425,958
425,959
804,714
804,715
805,714
805,715
877,552
877,553
878,552
878,553
960,642
960,643
961,642
961,643
291,328
291,329
292,328
292,329
143,974
143,975
144,974
144,975
292,954
292,955
293,954
293,955
241,589
241,590
242,589
242,590
964,252
964,253
965,252
965,253
174,901
174,902
175,901
175,902
944,924
944,925
945,924
945,925
840,208
840,209
841,208
841,209
238,961
238,962
239,961
239,962
43,869
43,870
44,869
44,870
427,473
427,474
428,473
428,474
1014,90
1014,91
1015,90
1015,91
714,485
714,486
715,485
715,486
736,65
736,66
737,65
737,66
447,254
447,255
448,254
448,255
727,569
727,570
728,569
728,570
854,89
854,90
855,89
855,90
315,749
315,750
316,749
316,750
481,77
481,78
482,77
482,78
354,694
354,695
355,694
355,695
952,643
952,644
953,643
953,644
502,213
502,214
503,213
503,214
317,1006
317,1007
318,1006
318,1007
687,262
687,263
688,262
688,263
968,421
968,422
969,421
969,422
681,933
681,934
682,933
682,934
273,778
273,779
274,778
274,779
514,320
514,321
515,320
515,321
835,350
835,351
836,350
836,351
642,752
642,753
643,752
643,753
721,534
721,535
722,534
722,535
46,590
46,591
47,590
47,591
355,746
355,747
356,746
356,747
756,103
756,104
757,103
757,104
618,813
618,814
619,813
619,814
1009,42
1009,43
1010,42
1010,43
953,665
953,666
954,665
954,666
387,873
387,874
388,873
388,874
472,1016
472,1017
473,1016
473,1017
383,173
383,174
384,173
384,174
513,154
513,155
514,154
514,155
824,183
824,184
825,183
825,184
547,963
547,964
548,963
548,964
61,733
61,734
62,733
62,734
832,756
832,757
833,756
833,757
300,595
300,596
301,595
301,596
775,312
775,313
776,312
776,313
511,216
511,217
512,216
512,217
864,432
864,433
865,432
865,433
334,373
334,374
335,373
335,374
342,902
342,903
343,902
343,903
421,978
421,979
422,978
422,979
249,784
249,785
250,784
250,785
519,54
519,55
520,54
520,55
404,578
404,579
405,578
405,579
910,713
910,714
911,713
911,714
272,499
272,500
273,499
273,500
488,374
488,375
489,374
489,375
799,87
799,88
800,87
800,88
538,192
538,193
539,192
539,193
481,656
481,657
482,656
482,657
928,84
928,85
929,84
929,85
676,14
676,15
677,14
677,15
535,314
535,315
536,314
536,315
582,553
582,554
583,553
583,554
602,39
602,40
603,39
603,40
733,537
733,538
734,537
734,538
970,84
970,85
971,84
971,85
957,186
957,187
958,186
958,187
705,707
705,708
706,707
706,708
793,284
793,285
794,284
794,285
575,287
575,288
576,287
576,288
808,696
808,697
809,696
809,697
344,320
344,321
345,320
345,321
433,446
433,447
434,446
434,447
929,829
929,830
930,829
930,830
813,592
813,593
814,592
814,593
881,523
881,524
882,523
882,524
379,887
379,888
380,887
380,888
666,591
666,592
667,591
667,592
681,971
681,972
682,971
682,972
932,933
932,934
933,933
933,934
881,1017
881,1018
882,1017
882,1018
463,651
463,652
464,651
464,652
865,688
865,689
866,688
866,689
401,920
401,921
402,920
402,921
788,390
788,391
789,390
789,391
705,630
705,631
706,630
706,631
916,926
916,927
917,926
917,927
279,381
279,382
280,381
280,382
463,701
463,702
464,701
464,702
521,76
521,77
522,76
522,77
329,844
329,845
330,844
330,845
442,695
442,696
443,695
443,696
572,360
572,361
573,360
573,361
190,902
190,903
191,902
191,903
828,571
828,572
829,571
829,572
814,859
814,860
815,859
815,860
68,590
68,591
69,590
69,591
419,356
419,357
420,356
420,357
526,485
526,486
527,485
527,486
374,209
374,210
375,209
375,210
417,657
417,658
418,657
418,658
432,34
432,35
433,34
433,35
967,410
967,411
968,410
968,411
716,517
716,518
717,517
717,518
346,839
346,840
347,839
347,840
771,823
771,824
772,823
772,824
64,957
64,958
65,957
65,958
34,775
34,776
35,775
35,776
597,785
597,786
598,785
598,786
799,524
799,525
800,524
800,525
309,763
309,764
310,763
310,764
873,61
873,62
874,61
874,62
933,285
933,286
934,285
934,286
968,10
968,11
969,10
969,11
485,86
485,87
486,86
486,87
954,828
954,829
955,828
955,829
408,358
408,359
409,358
409,359
966,37
966,38
967,37
967,38
879,114
879,115
880,114
880,115
278,376
278,377
279,376
279,377
567,858
567,859
568,858
568,859
879,44
879,45
880,44
880,45
448,458
448,459
449,458
449,459
111,733
111,734
112,733
112,734
674,870
674,871
675,870
675,871
615,716
615,717
616,716
616,717
376,712
376,713
377,712
377,713
1003,387
1003,388
1004,387
1004,388
268,722
268,723
269,722
269,723
358,207
358,208
359,207
359,208
991,852
991,853
992,852
992,853
312,745
312,746
313,745
313,746
124,892
124,893
125,892
125,893
756,978
756,979
757,978
757,979
626,734
626,735
627,734
627,735
677,365
677,366
678,365
678,366
907,912
907,913
908,912
908,913
728,363
728,364
729,363
729,364
984,55
984,56
985,55
985,56
955,383
955,384
956,383
956,384
796,208
796,209
797,208
797,209
393,197
393,198
394,197
394,198
146,942
146,943
147,942
147,943
177,727
177,728
178,727
178,728
518,609
518,610
519,609
519,610
345,496
345,497
346,496
346,497
445,814
445,815
446,814
446,815
421,36
421,37
422,36
422,37
187,669
187,670
188,669
188,670
221,921
221,922
222,921
222,922
141,909
141,910
142,909
142,910
645,253
645,254
646,253
646,254
390,701
390,702
391,701
391,702
520,449
520,450
521,449
521,450
327,291
327,292
328,291
328,292
715,378
715,379
716,378
716,379
788,981
788,982
789,981
789,982
699,424
699,425
700,424
700,425
901,422
901,423
902,422
902,423
583,366
583,367
584,366
584,367
253,964
253,965
254,964
254,965
648,761
648,762
649,761
649,762
270,582
270,583
271,582
271,583
690,466
690,467
691,466
691,467
188,557
188,558
189,557
189,558
916,77
916,78
917,77
917,78
909,243
909,244
910,243
910,244
747,17
747,18
748,17
748,18
863,317
863,318
864,317
864,318
298,381
298,382
299,381
299,382
963,103
963,104
964,103
964,104
633,634
633,635
634,634
634,635
406,401
406,402
407,401
407,402
919,837
919,838
920,837
920,838
6,1015
6,1016
7,1015
7,1016
340,257
340,258
341,257
341,258
938,888
938,889
939,888
939,889
321,791
321,792
322,791
322,792
404,852
404,853
405,852
405,853
158,576
158,577
159,576
159,577
555,808
555,809
556,808
556,809
637,179
637,180
638,179
638,180
300,618
300,619
301,618
301,619
369,373
369,374
370,373
370,374
275,96
275,97
276,96
276,97
316,854
316,855
317,854
317,855
995,244
995,245
996,244
996,245
16,980
16,981
17,980
17,981
670,169
670,170
671,169
671,170
296,294
296,295
297,294
297,295
834,728
834,729
835,728
835,729
474,539
474,540
475,539
475,540
55,292
55,293
56,292
56,293
692,296
692,297
693,296
693,297
418,87
418,88
419,87
419,88
163,872
163,873
164,872
164,873
670,717
670,718
671,717
671,718
681,369
681,370
682,369
682,370
794,663
794,664
795,663
795,664
922,59
922,60
923,59
923,60
633,97
633,98
634,97
634,98
977,473
977,474
978,473
978,474
484,158
484,159
485,158
485,159
209,793
209,794
210,793
210,794
600,794
600,795
601,794
601,795
771,652
771,653
772,652
772,653
347,307
347,308
348,307
348,308
601,778
601,779
602,778
602,779
1023,77
1023,78
1024,77
1024,78
503,1018
503,1019
504,1018
504,1019
1006,470
1006,471
1007,470
1007,471
272,536
272,537
273,536
273,537
873,963
873,964
874,963
874,964
111,777
111,778
112,777
112,778
714,414
714,415
715,414
715,415
626,218
626,219
627,218
627,219
936,246
936,247
937,246
937,247
674,278
674,279
675,278
675,279
361,86
361,87
362,86
362,87
968,195
968,196
969,195
969,196
619,966
619,967
620,966
620,967
28,1017
28,1018
29,1017
29,1018
312,373
312,374
313,373
313,374
377,597
377,598
378,597
378,598
714,826
714,827
715,826
715,827
655,741
655,742
656,741
656,742
209,898
209,899
210,898
210,899
870,729
870,730
871,729
871,730
833,642
833,643
834,642
834,643
10,746
10,747
11,746
11,747
239,973
239,974
240,973
240,974
430,440
430,441
431,440
431,441
949,967
949,968
950,967
950,968
501,77
501,78
502,77
502,78
614,648
614,649
615,648
615,649
447,988
447,989
448,988
448,989
991,886
991,887
992,886
992,887
298,41
298,42
299,41
299,42
1023,705
1023,706
1024,705
1024,706
549,114
549,115
550,114
550,115
908,840
908,841
909,840
909,841
753,756
753,757
754,756
754,757
882,781
882,782
883,781
883,782
100,829
100,830
101,829
101,830
994,238
994,239
995,238
995,239
407,489
407,490
408,489
408,490
97,939
97,940
98,939
98,940
831,33
831,34
832,33
832,34
458,569
458,570
459,569
459,570
410,375
410,376
411,375
411,376
407,106
407,107
408,106
408,107
574,835
574,836
575,835
575,836
186,837
186,838
187,837
187,838
626,620
626,621
627,620
627,621
612,9
612,10
613,9
613,10
261,325
261,326
262,325
262,326
937,894
937,895
938,894
938,895
658,978
658,979
659,978
659,979
606,499
606,500
607,499
607,500
56,1010
56,1011
57,1010
57,1011
124,789
124,790
125,789
125,790
172,612
172,613
173,612
173,613
265,101
265,102
266,101
266,102
392,176
392,177
393,176
393,177
59,959
59,960
60,959
60,960
602,286
602,287
603,286
603,287
494,335
494,336
495,335
495,336
612,212
612,213
613,212
613,213
297,475
297,476
298,475
298,476
529,846
529,847
530,846
530,847
267,971
267,972
268,971
268,972
429,376
429,377
430,376
430,377
393,647
393,648
394,647
394,648
658,748
658,749
659,748
659,749
760,151
760,152
761,151
761,152
62,760
62,761
63,760
63,761
307,7
307,8
308,7
308,8
601,320
601,321
602,320
602,321
649,476
649,477
650,476
650,477
861,354
861,355
862,354
862,355
490,129
490,130
491,129
491,130
473,238
473,239
474,238
474,239
690,384
690,385
691,384
691,385
796,367
796,368
797,367
797,368
649,563
649,564
650,563
650,564
895,631
895,632
896,631
896,632
727,761
727,762
728,761
728,762
710,783
710,784
711,783
711,784
795,833
795,834
796,833
796,834
923,228
923,229
924,228
924,229
811,821
811,822
812,821
812,822
198,977
198,978
199,977
199,978
885,961
885,962
886,961
886,962
105,892
105,893
106,892
106,893
884,774
884,775
885,774
885,775
584,302
584,303
585,302
585,303
220,894
220,895
221,894
221,895
94,746
94,747
95,746
95,747
734,425
734,426
735,425
735,426
774,772
774,773
775,772
775,773
502,241
502,242
503,241
503,242
806,565
806,566
807,565
807,566
540,180
540,181
541,180
541,181
1021,318
1021,319
1022,318
1022,319
406,96
406,97
407,96
407,97
958,854
958,855
959,854
959,855
182,866
182,867
183,866
183,867
932,516
932,517
933,516
933,517
464,711
464,712
465,711
465,712
787,38
787,39
788,38
788,39
845,352
845,353
846,352
846,353
376,290
376,291
377,290
377,291
617,922
617,923
618,922
618,923
597,1020
597,1021
598,1020
598,1021
598,303
598,304
599,303
599,304
782,534
782,535
783,534
783,535
511,56
511,57
512,56
512,57
285,976
285,977
286,976
286,977
621,762
621,763
622,762
622,763
374,878
374,879
375,878
375,879
603,313
603,314
604,313
604,314
637,140
637,141
638,140
638,141
530,594
530,595
531,594
531,595
872,506
872,507
873,506
873,507
928,835
928,836
929,835
929,836
595,303
595,304
596,303
596,304
992,961
992,962
993,961
993,962
811,511
811,512
812,511
812,512
667,926
667,927
668,926
668,927
173,656
173,657
174,656
174,657
973,862
973,863
974,862
974,863
575,173
575,174
576,173
576,174
930,889
930,890
931,889
931,890
391,264
391,265
392,264
392,265
623,259
623,260
624,259
624,260
290,799
290,800
291,799
291,800
161,867
161,868
162,867
162,868
376,941
376,942
377,941
377,942
325,36
325,37
326,36
326,37
373,728
373,729
374,728
374,729
920,625
920,626
921,625
921,626
385,501
385,502
386,501
386,502
384,786
384,787
385,786
385,787
767,110
767,111
768,110
768,111
372,620
372,621
373,620
373,621
687,520
687,521
688,520
688,521
686,585
686,586
687,585
687,586
416,120
416,121
417,120
417,121
937,391
937,392
938,391
938,392
95,972
95,973
96,972
96,973
568,312
568,313
569,312
569,313
285,812
285,813
286,812
286,813
632,912
632,913
633,912
633,913
282,12
282,13
283,12
283,13
806,172
806,173
807,172
807,173
552,112
552,113
553,112
553,113
1022,936
1022,937
1023,936
1023,937
662,226
662,227
663,226
663,227
1023,99
1023,100
1024,99
1024,100
274,989
274,990
275,989
275,990
490,450
490,451
491,450
491,451
151,1001
151,1002
152,1001
152,1002
418,881
418,882
419,881
419,882
585,837
585,838
586,837
586,838
514,879
514,880
515,879
515,880
591,342
591,343
592,342
592,343
423,699
423,700
424,699
424,700
30,584
30,585
31,584
31,585
360,689
360,690
361,689
361,690
535,51
535,52
536,51
536,52
635,266
635,267
636,266
636,267
564,718
564,719
565,718
565,719
585,849
585,850
586,849
586,850
790,756
790,757
791,756
791,757
409,915
409,916
410,915
410,916
197,907
197,908
198,907
198,908
753,247
753,248
754,247
754,248
786,263
786,264
787,263
787,264
602,366
602,367
603,366
603,367
355,592
355,593
356,592
356,593
922,136
922,137
923,136
923,137
544,546
544,547
545,546
545,547
625,723
625,724
626,723
626,724
586,340
586,341
587,340
587,341
646,728
646,729
647,728
647,729
970,798
970,799
971,798
971,799
461,113
461,114
462,113
462,114
429,176
429,177
430,176
430,177
855,93
855,94
856,93
856,94
370,888
370,889
371,888
371,889
1011,644
1011,645
1012,644
1012,645
564,712
564,713
565,712
565,713
113,922
113,923
114,922
114,923
723,373
723,374
724,373
724,374
479,417
479,418
480,417
480,418
300,227
300,228
301,227
301,228
402,272
402,273
403,272
403,273
958,142
958,143
959,142
959,143
400,814
400,815
401,814
401,815
713,179
713,180
714,179
714,180
468,53
468,54
469,53
469,54
307,334
307,335
308,334
308,335
254,892
254,893
255,892
255,893
492,598
492,599
493,598
493,599
469,562
469,563
470,562
470,563
591,75
591,76
592,75
592,76
769,391
769,392
770,391
770,392
766,707
766,708
767,707
767,708
642,817
642,818
643,817
643,818
962,877
962,878
963,877
963,878
1011,371
1011,372
1012,371
1012,372
694,282
694,283
695,282
695,283
712,721
712,722
713,721
713,722
462,947
462,948
463,947
463,948
859,225
859,226
860,225
860,226
347,78
347,79
348,78
348,79
842,76
842,77
843,76
843,77
959,389
959,390
960,389
960,390
946,169
946,170
947,169
947,170
853,357
853,358
854,357
854,358
715,1022
715,1023
716,1022
716,1023
159,846
159,847
160,846
160,847
548,923
548,924
549,923
549,924
22,1017
22,1018
23,1017
23,1018
102,275
102,276
103,275
103,276
630,786
630,787
631,786
631,787
998,34
998,35
999,34
999,35
337,869
337,870
338,869
338,870
372,252
372,253
373,252
373,253
670,203
670,204
671,203
671,204
1017,993
1017,994
1018,993
1018,994
561,839
561,840
562,839
562,840
647,153
647,154
648,153
648,154
282,702
282,703
283,702
283,703
676,486
676,487
677,486
677,487
378,559
378,560
379,559
379,560
407,905
407,906
408,905
408,906
577,222
577,223
578,222
578,223
529,4
529,5
530,4
530,5
37,790
37,791
38,790
38,791
630,37
630,38
631,37
631,38
676,512
676,513
677,512
677,513
982,974
982,975
983,974
983,975
344,960
344,961
345,960
345,961
663,49
663,50
664,49
664,50
58,1013
58,1014
59,1013
59,1014
450,385
450,386
451,385
451,386
101,826
101,827
102,826
102,827
732,16
732,17
733,16
733,17
391,11
391,12
392,11
392,12
625,114
625,115
626,114
626,115
581,71
581,72
582,71
582,72
939,773
939,774
940,773
940,774
847,364
847,365
848,364
848,365
932,510
932,511
933,510
933,511
403,786
403,787
404,786
404,787
90,802
90,803
91,802
91,803
693,344
693,345
694,344
694,345
638,741
638,742
639,741
639,742
269,34
269,35
270,34
270,35
904,518
904,519
905,518
905,519
531,626
531,627
532,626
532,627
580,319
580,320
581,319
581,320
419,9
419,10
420,9
420,10
731,181
731,182
732,181
732,182
392,429
392,430
393,429
393,430
818,426
818,427
819,426
819,427
597,167
597,168
598,167
598,168
273,321
273,322
274,321
274,322
774,548
774,549
775,548
775,549
490,78
490,79
491,78
491,79
796,679
796,680
797,679
797,680
404,506
404,507
405,506
405,507
646,291
646,292
647,291
647,292
206,894
206,895
207,894
207,895
99,779
99,780
100,779
100,780
940,43
940,44
941,43
941,44
312,98
312,99
313,98
313,99
507,721
507,722
508,721
508,722
171,650
171,651
172,650
172,651
946,935
946,936
947,935
947,936
410,269
410,270
411,269
411,270
803,172
803,173
804,172
804,173
799,217
799,218
800,217
800,218
103,872
103,873
104,872
104,873
374,262
374,263
375,262
375,263
280,982
280,983
281,982
281,983
539,6
539,7
540,6
540,7
463,568
463,569
464,568
464,569
311,27
311,28
312,27
312,28
14,566
14,567
15,566
15,567
697,344
697,345
698,344
698,345
142,850
142,851
143,850
143,851
407,627
407,628
408,627
408,628
419,284
419,285
420,284
420,285
867,216
867,217
868,216
868,217
439,197
439,198
440,197
440,198
758,233
758,234
759,233
759,234
168,854
168,855
169,854
169,855
479,459
479,460
480,459
480,460
56,805
56,806
57,805
57,806
889,62
889,63
890,62
890,63
423,180
423,181
424,180
424,181
77,813
77,814
78,813
78,814
528,858
528,859
529,858
529,859
643,422
643,423
644,422
644,423
487,693
487,694
488,693
488,694
393,801
393,802
394,801
394,802
287,659
287,660
288,659
288,660
327,884
327,885
328,884
328,885
618,1011
618,1012
619,1011
619,1012
366,495
366,496
367,495
367,496
796,290
796,291
797,290
797,291
1005,992
1005,993
1006,992
1006,993
407,814
407,815
408,814
408,815
743,332
743,333
744,332
744,333
746,806
746,807
747,806
747,807
979,384
979,385
980,384
980,385
889,337
889,338
890,337
890,338
177,737
177,738
178,737
178,738
964,755
964,756
965,755
965,756
420,22
420,23
421,22
421,23
517,133
517,134
518,133
518,134
398,866
398,867
399,866
399,867
831,380
831,381
832,380
832,381
381,810
381,811
382,810
382,811
645,570
645,571
646,570
646,571
387,253
387,254
388,253
388,254
250,290
250,291
251,290
251,291
243,955
243,956
244,955
244,956
488,583
488,584
489,583
489,584
379,957
379,958
380,957
380,958
343,847
343,848
344,847
344,848
393,708
393,709
394,708
394,709
370,625
370,626
371,625
371,626
373,125
373,126
374,125
374,126
122,586
122,587
123,586
123,587
502,482
502,483
503,482
503,483
831,411
831,412
832,411
832,412
482,131
482,132
483,131
483,132
1002,564
1002,565
1003,564
1003,565
630,633
630,634
631,633
631,634
654,1012
654,1013
655,1012
655,1013
492,666
492,667
493,666
493,667
771,384
771,385
772,384
772,385
712,449
712,450
713,449
713,450
411,276
411,277
412,276
412,277
615,780
615,781
616,780
616,781
375,744
375,745
376,744
376,745
657,834
657,835
658,834
658,835
28,261
28,262
29,261
29,262
1015,419
1015,420
1016,419
1016,420
759,873
759,874
760,873
760,874
1016,260
1016,261
1017,260
1017,261
421,87
421,88
422,87
422,88
684,93
684,94
685,93
685,94
607,689
607,690
608,689
608,690
863,452
863,453
864,452
864,453
424,271
424,272
425,271
425,272
432,851
432,852
433,851
433,852
491,177
491,178
492,177
492,178
491,417
491,418
492,417
492,418
84,762
84,763
85,762
85,763
699,522
699,523
700,522
700,523
726,838
726,839
727,838
727,839
804,24
804,25
805,24
805,25
696,92
696,93
697,92
697,93
717,590
717,591
718,590
718,591
943,879
943,880
944,879
944,880
627,437
627,438
628,437
628,438
463,426
463,427
464,426
464,427
176,995
176,996
177,995
177,996
1006,734
1006,735
1007,734
1007,735
619,774
619,775
620,774
620,775
282,670
282,671
283,670
283,671
287,505
287,506
288,505
288,506
262,1016
262,1017
263,1016
263,1017
792,822
792,823
793,822
793,823
887,770
887,771
888,770
888,771
672,43
672,44
673,43
673,44
456,516
456,517
457,516
457,517
326,264
326,265
327,264
327,265
941,376
941,377
942,376
942,377
428,538
428,539
429,538
429,539
389,510
389,511
390,510
390,511
105,924
105,925
106,924
106,925
970,95
970,96
971,95
971,96
554,177
554,178
555,177
555,178
854,76
854,77
855,76
855,77
922,767
922,768
923,767
923,768
471,626
471,627
472,626
472,627
602,215
602,216
603,215
603,216
877,163
877,164
878,163
878,164
260,404
260,405
261,404
261,405
594,572
594,573
595,572
595,573
152,934
152,935
153,934
153,935
642,780
642,781
643,780
643,781
1006,754
1006,755
1007,754
1007,755
733,717
733,718
734,717
734,718
956,145
956,146
957,145
957,146
585,820
585,821
586,820
586,821
896,783
896,784
897,783
897,784
750,816
750,817
751,816
751,817
277,946
277,947
278,946
278,947
574,910
574,911
575,910
575,911
687,537
687,538
688,537
688,538
606,647
606,648
607,647
607,648
86,584
86,585
87,584
87,585
356,415
356,416
357,415
357,416
792,384
792,385
793,384
793,385
459,647
459,648
460,647
460,648
115,999
115,1000
116,999
116,1000
905,355
905,356
906,355
906,356
1020,330
1020,331
1021,330
1021,331
922,71
922,72
923,71
923,72
799,558
799,559
800,558
800,559
518,257
518,258
519,257
519,258
829,964
829,965
830,964
830,965
224,594
224,595
225,594
225,595
334,800
334,801
335,800
335,801
830,730
830,731
831,730
831,731
312,777
312,778
313,777
313,778
922,361
922,362
923,361
923,362