378,255
640,625
482,865
696,178
864,522
728,38
751,964
730,579
999,191
619,763
257,990
452,106
275,974
573,753
984,470
56,818
747,274
653,453
165,794
620,740
507,372
541,937
747,340
474,17
299,119
391,237
317,936
615,45
164,702
767,466
598,270
84,296
868,243
769,451
200,818
841,693
544,575
357,503
677,129
186,613
796,312
216,868
960,423
93,781
836,860
722,283
276,650
764,364
505,218
483,634
230,706
942,115
368,392
498,619
799,897
428,403
989,35
768,980
525,586
458,18
8,792
484,657
996,566
385,278
502,937
277,601
423,804
287,44
637,478
731,937
658,653
34,1013
5,934
626,389
622,172
48,732
234,607
930,424
416,296
529,688
510,938
791,254
680,310
787,424
1001,733
267,876
554,622
779,952
927,517
601,456
848,593
568,4
801,437
807,24
563,959
303,962
417,72
351,910
458,724
621,318
492,162
406,834
743,579
386,294
847,840
810,324
204,921
898,800
478,104
810,247
933,654
961,860
271,335
414,290
849,391
114,763
997,319
281,1016
986,704
606,957
279,868
789,384
534,518
839,376
890,318
1019,116
57,276
372,733
739,374
613,639
941,321
394,652
408,693
557,669
538,484
670,180
1020,675
537,893
316,151
468,239
904,217
93,993
500,335
990,847
281,944
958,618
222,976
952,3
442,207
507,251
517,433
187,822
916,164
416,882
575,431
521,258
346,478
314,989
662,215
668,894
730,689
793,362
703,63
684,653
509,765
57,571
954,1
595,255
407,785
859,837
469,834
416,126
884,317
619,56
612,124
316,892
664,457
466,524
408,940
496,175
335,831
518,642
441,464
353,511
709,669
590,316
693,765
696,667
587,788
413,560
426,654
539,755
611,687
807,692
233,852
330,175
868,643
319,776
242,604
182,670
418,103
881,963
618,918
603,330
846,648
318,80
526,372
715,498
946,682
924,727
899,833
626,92
596,118
968,775
752,782
79,298
935,975
389,331
633,957
1000,253
874,729
335,640
314,848
448,184
144,1002
989,612
854,744
695,985
811,1014
446,600
556,965
420,273
578,621
695,189
382,775
802,911
228,833
150,715
442,561
325,275
537,719
22,585
589,234
679,790
441,804
603,472
555,187
522,323
1022,378
771,805
839,354
508,952
543,746
333,23
270,55
269,1007
456,947
945,3
242,260
357,607
936,148
166,790
836,965
563,475
696,995
118,576
428,956
917,860
428,401
407,80
263,18
866,95
273,547
411,977
281,243
381,206
192,935
755,16
275,612
816,263
458,59
612,643
636,763
609,381
778,573
930,856
259,358
606,328
962,969
594,890
19,985
454,512
767,104
550,929
298,788
898,231
217,825
54,972
960,148
397,203
307,550
159,956
626,10
651,233
814,247
472,73
322,966
467,870
410,266
193,863
337,975
279,993
226,895
891,375
213,957
861,846
788,314
399,606
252,677
889,227
408,425
577,304
367,484
493,56
634,212
51,927
571,552
798,361
59,761
290,552
218,672
526,925
726,933
58,291
1007,217
1017,210
351,560
682,707
674,709
349,314
938,812
455,450
165,905
773,948
436,34
710,920
409,616
840,837
680,50
453,878
914,509
374,701
28,1022
590,892
672,266
803,687
934,992
951,385
597,834
402,616
854,652
673,251
591,928
352,865
386,616
628,366
598,24
678,414
744,528
63,990
131,940
795,711
748,314
125,760
471,543
149,843
489,485
397,664
445,513
640,127
65,734
626,165
390,402
299,497
954,900
49,923
340,605
936,368
896,412
297,606
407,807
417,816
711,422
747,559
510,491
547,71
630,394
850,367
377,229
938,275
949,951
59,991
965,830
927,364
590,223
688,382
753,66
500,301
505,432
745,313
594,513
470,949
306,610
159,586
1003,71
126,854
687,313
313,273
735,26
525,343
1011,607
404,409
636,829
447,541
395,203
760,229
254,882
300,425
653,567
296,622
520,623
309,969
876,159
84,947
808,368
688,49
728,844
508,20
76,917
851,258
250,822
865,770
688,395
869,527
54,297
384,633
106,771
985,502
922,581
364,604
330,790
298,612
943,339
363,41
567,191
891,451
653,342
386,260
716,305
107,754
419,968
228,937
478,641
590,999
679,302
606,663
165,805
786,2
33,922
958,203
963,1011
180,669
627,488
384,704
966,934
225,849
137,664
873,50
296,454
654,924
945,939
328,170
926,924
472,451
694,758
193,973
29,737
418,247
931,151
235,947
814,400
316,454
951,940
299,545
954,116
579,330
82,970
379,277
865,891
712,548
431,188
263,310
954,19
291,735
363,1015
291,745
263,63
466,725
635,234
988,720
594,414
748,565
81,1002
956,358
592,54
368,511
948,157
942,75
740,535
381,279
945,43
722,336
449,346
672,804
759,835
962,530
83,820
349,789
282,297
702,265
477,575
838,306
822,212
351,625
594,884
711,600
335,389
758,24
735,597
368,1009
877,503
710,504
683,565
470,412
930,792
672,104
189,268
803,732
762,636
52,940
752,532
682,999
955,318
370,583
669,393
305,402
762,687
845,561
463,394
516,77
403,650
827,413
864,266
25,284
215,824
434,296
254,885
989,901
323,299
239,956
844,211
582,659
35,791
668,722
808,824
580,241
598,57
437,987
374,186
745,543
758,70
551,249
547,607
355,239
145,745
572,628
406,392
368,878
731,793
768,28
771,965
234,624
953,315
419,206
811,197
819,30
362,48
327,34
286,281
416,576
994,364
382,814
988,775
790,88
287,916
715,479
4,952
488,63
491,57
705,509
366,18
374,307
148,778
788,248
350,756
931,85
212,913
285,752
239,987
503,924
935,55
820,715
514,926
376,892
428,408
752,179
155,933
117,764
1004,985
47,918
308,932
431,922
683,309
645,761
542,503
730,383
1024,307
344,978
23,923
925,420
676,621
554,57
186,559
734,458
999,215
592,81
269,312
278,42
592,200
228,991
252,980
793,367
792,931
645,13
961,601
361,30
881,536
278,567
969,101
479,521
980,640
519,51
475,466
438,352
120,862
970,178
492,249
949,924
642,632
137,266
467,86
672,10
412,177
636,193
821,804
615,880
562,131
84,1023
933,1019
184,837
417,948
506,137
384,852
624,473
358,613
371,309
474,583
452,463
261,600
1017,139
944,838
123,799
259,182
512,583
327,845
864,14
704,466
492,75
395,777
326,747
482,28
482,411
591,945
655,573
633,574
341,775
861,564
812,263
516,1010
641,561
691,995
532,846
753,278
342,222
460,399
634,694
347,910
369,208
381,941
168,602
710,908
456,483
224,784
312,580
432,88
347,275
1000,631
877,932
640,1016
949,824
303,604
628,354
258,862
974,801
402,618
229,750
334,399
580,882
816,842
823,687
468,375
566,809
497,615
996,29
304,846
362,880
375,160
877,548
515,718
928,431
678,456
440,427
391,959
172,660
893,93
600,1008
378,208
871,462
697,223
623,433
915,960
559,774
333,355
155,830
42,1013
237,289
756,847
967,151
31,589
671,255
563,154
336,896
591,476
227,822
610,906
920,903
888,779
563,405
262,742
391,182
817,322
905,957
670,804
316,597
9,1017
98,1024
626,384
607,295
904,660
781,867
250,689
319,135
730,734
797,399
29,568
711,804
756,908
933,528
561,811
283,1015
187,865
1016,352
682,232
283,369
1023,65
530,694
636,486
840,569
855,520
503,520
877,520
676,720
622,805
382,616
105,836
271,777
340,585
622,742
527,551
606,38
547,764
268,816
179,588
228,269
763,386
127,810
564,630
409,78
1024,789
432,133
757,431
489,237
585,678
779,507
735,591
708,941
842,535
596,856
617,819
860,525
678,286
1021,481
502,16
217,578
530,682
726,834
427,238
354,581
2,980
784,611
517,713
566,759
769,384
466,63
265,324
84,280
918,938
7,288
265,829
650,278
676,667
686,668
582,185
331,1020
287,610
106,902
406,24
900,280
819,315
405,825
364,671
528,288
407,945
940,964
646,302
691,38
635,124
837,31
1018,342
784,24
888,1004
335,44
303,902
119,588
269,675
523,740
640,588
983,158
419,947
398,915
515,67
791,630
690,624
669,630
929,397
197,946
750,323
704,330
99,276
995,12
571,957
215,621
376,636
878,888
491,463
429,615
28,808
987,178
1017,944
223,988
949,851
616,774
797,728
699,468
810,110
655,278
583,849
1012,616
582,810
823,589
171,841
911,708
735,1016
1011,962
657,134
291,712
847,719
498,175
299,841
121,926
729,18
952,134
832,804
614,226
1011,901
700,587
361,21
174,677
283,720
675,530
313,340
666,974
1008,266
451,490
92,764
7,988
653,928
376,345
960,876
483,409
608,929
980,393
77,817
653,284
576,129
605,735
923,690
616,424
693,64
453,407
923,405
865,309
776,518
746,943
648,750
137,276
721,324
1007,781
967,798
802,365
148,765
721,983
666,166
704,767
1021,1024
128,912
860,786
509,75
918,165
514,335
468,51
480,16
562,1023
657,830
676,202
678,331
630,383
692,426
323,845
829,823
700,512
269,399
655,634
556,696
926,382
300,634
218,896
232,656
743,68
360,623
834,646
686,591
502,356
635,578
543,163
751,5
697,238
699,189
895,89
672,306
922,623
158,775
1007,256
336,6
875,45
836,837
160,275
757,65
552,217
397,242
435,312
617,784
964,771
777,487
775,896
1005,71
1012,938
713,262
635,661
948,912
958,383
402,147
814,587
281,200
442,55
674,857
464,271
936,801
352,77
138,932
614,37
787,822
323,434
1000,756
615,314
445,338
694,529
771,291
206,618
336,229
636,513
491,889
557,258
596,292
195,895
930,588
576,259
603,794
479,136
334,557
524,66
681,298
70,758
48,830
683,625
212,974
89,972
896,176
252,584
461,443
536,215
696,524
389,248
658,769
454,873
75,296
526,749
724,993
634,14
682,911
689,658
276,556
148,767
640,702
376,658
954,154
202,910
667,613
277,48
672,296
961,324
251,674
299,108
585,223
957,861
609,705
400,887
356,559
501,607
246,812
685,981
910,134
1022,23
124,888
178,730
927,398
24,754
979,861
759,106
358,344
358,672
97,763
736,524
933,94
300,408
613,622
628,362
693,761
619,496
474,621
963,535
597,456
295,672
599,220
233,717
104,968
889,928
501,28
363,919
294,969
615,983
491,561
445,473
764,401
898,959
1012,89
284,45
285,28
1017,170
923,847
655,517
1004,17
879,203
447,343
629,699
867,90
619,981
298,327
447,418
308,45
966,884
260,267
966,260
840,572
570,179
571,136
779,284
560,137
750,586
843,890
266,702
486,627
157,598
394,138
215,846
465,380
873,395
717,820
872,385
458,880
279,919
333,61
892,833
1008,196
417,55
321,336
571,51
376,76
463,162
536,45
425,227
337,1012
458,947
987,655
611,386
699,360
779,804
381,661
109,903
765,57
375,691
541,811
481,723
274,10
921,278
339,973
630,590
240,769
849,622
376,127
73,732
844,194
904,459
242,762
471,326
548,551
1018,303
843,266
8,278
272,119
4,737
761,102
535,183
144,904
678,682
522,735
721,818
648,116
381,344
792,416
407,167
975,156
605,625
21,1012
761,912
610,74
899,158
357,141
255,288
673,436
342,938
912,94
382,655
462,431
457,476
586,327
774,387
426,544
369,780
875,504
255,941
614,907
173,638
26,557
79,878
726,11
848,905
466,354
130,799
817,371
664,231
782,183
241,976
176,288
460,392
496,550
1024,393
337,373
291,756
881,541
652,940
258,859
504,655
874,297
732,152
820,837
641,35
526,705
329,313
873,664
435,553
109,1018
772,313
796,274
415,383
819,820
771,586
30,277
636,184
622,1019
790,866
650,629
498,71
13,263
143,796
652,980
987,112
147,847
474,271
537,28
548,277
977,237
99,296
679,381
995,145
761,900
653,243
827,479
547,793
614,316
968,96
343,874
934,971
130,590
612,852
989,1011
982,476
820,978
962,934
618,260
928,654
830,400
519,312
330,324
252,842
787,210
366,79
595,606
325,46
730,587
658,392
427,867
949,392
850,895
747,860
953,868
424,574
524,4
520,187
260,24
973,19
311,355
2,968
602,531
681,768
633,398
159,844
477,560
589,804
415,29
253,876
782,583
640,222
931,790
972,184
115,902
300,835
204,893
444,462
543,76
168,289
101,279
656,9
517,336
996,266
688,346
628,394
124,920
920,350
357,234
735,167
575,171
576,249
120,866
344,940
482,784
1020,718
698,305
586,509
313,519
322,1015
558,133
806,589
799,907
993,178
501,251
693,820
39,979
377,1024
261,1022
437,28
940,240
976,313
406,457
646,788
282,834
497,82
827,824
108,1001
171,857
542,722
924,387
375,887
372,636
693,825
306,249
322,560
403,558
111,956
220,978
783,900
965,980
818,333
829,756
775,541
427,873
920,77
764,950
397,833
32,999
787,384
175,675
496,181
816,376
548,1010
670,635
916,241
975,654
775,102
686,991
112,801
518,646
908,993
828,428
1023,717
282,874
259,737
437,899
333,997
568,848
926,513
838,574
543,924
543,121
693,841
885,195
568,179
1000,717
809,964
974,922
801,430
438,816
923,929
608,633
321,721
708,454
84,746
357,508
989,869
585,92
417,201
79,936
529,322
968,8
288,51
1011,522
498,799
870,719
46,290
387,801
631,485
305,598
1024,904
451,156
446,454
635,167
584,175
408,512
102,953
520,811
1024,668
669,240
669,690
355,771
690,229
1009,189
228,636
677,1000
608,864
1021,981
875,444
985,743
952,99
40,597
945,808
722,1
778,197
401,591
774,21
256,902
612,1005
612,348
266,12
730,817
345,813
812,532
912,895
700,304
348,7
149,754
594,780
866,682
259,771
492,650
433,127
735,540
867,616
990,310
479,270
359,606
614,365
334,6
356,272
995,599
604,618
920,94
630,360
410,702
506,81
580,943
318,31
775,904
857,306
114,872
461,695
80,757
938,783
358,968
903,382
589,887
636,858
907,353
742,833
501,640
242,567
911,227
290,98
534,812
269,697
484,693
365,616
623,488
758,868
77,857
786,1020
180,676
314,804
427,588
696,298
407,85
272,602
988,610
773,898
119,972
188,833
91,266
50,584
760,254
161,955
710,124
1008,245
260,46
969,117
778,48
784,631
846,715
653,443
784,780
86,956
528,798
419,108
1024,832
605,832
308,927
411,692
137,715
999,317
368,803
557,926
73,1010
691,683
678,358
584,186
1023,154
147,712
310,931
961,592
1007,312
1015,216
863,518
664,1019
913,116
791,779
327,516
844,381
844,912
311,1019
290,322
82,275
25,590
817,913
591,885
616,710
460,981
727,317
766,845
491,517
439,49
506,596
294,4
706,735
840,644
224,675
136,938
285,23
851,834
916,855
584,28
557,939
57,588
336,548
158,899
139,851
375,646
889,248
355,212
882,973
35,954
997,648
859,236
146,738
14,906
284,412
563,613
400,864
785,500
388,989
446,309
918,356
483,591
444,600
409,155
419,847
849,258
1003,1012
350,154
586,765
85,909
729,246
647,777
291,126
836,520
652,640
478,374
262,258
972,267
743,565
439,788
783,950
546,124
382,607
549,432
955,402
759,52
397,886
630,142
224,780
388,204
194,793
960,115
135,906
878,158
714,739
354,812
563,700
890,593
1020,706
406,424
908,42
734,513
626,772
377,10
1023,125
486,725
968,840
474,587
645,853
799,902
302,639
322,118
952,57
589,557
207,871
622,572
988,304
850,483
372,66
48,983
726,900
461,16
631,825
943,793
510,178
6,962
157,954
810,723
712,481
468,654
292,904
547,137
896,77
371,758
116,767
866,370
374,182
163,626
682,619
228,580
634,287
729,549
860,545
960,401
189,941
321,184
452,237
476,82
168,788
596,757
778,781
424,978
401,185
889,539
489,742
738,382
789,931
290,679
394,477
530,678
707,717
814,848
932,8
561,312
198,939
26,951
948,776
270,366
481,154
798,25
194,892
731,782
396,558
74,747
576,813
553,792
987,754
825,496
637,234
898,765
902,930
543,224
225,838
836,865
713,452
261,973
688,180
1003,39
716,436
763,883
737,41
966,563
527,634
307,583
159,594
863,840
352,56
3,579
925,962
318,22
592,276
376,612
25,262
853,629
158,890
351,686
761,890
452,702
748,38
827,551
590,606
1017,521
880,573
874,849
227,575
357,279
182,577
630,162
269,706
321,911
47,820
878,729
1017,335
511,124
613,480
391,988
587,952
1023,817
833,970
787,878
239,730
335,591
440,553
522,105
62,1012
414,598
963,163
776,573
558,319
594,122
582,905
224,690
832,406
707,750
776,47
334,546
3,288
877,779
324,56
526,731
250,658
351,761
901,426
799,273
268,713
664,920
881,162
446,234
476,784
104,1019
745,855
626,509
710,831
397,376
609,321
965,66
357,104
22,973
337,509
904,1017
181,926
609,426
559,260
718,338
551,858
777,464
477,417
11,961
204,621
551,84
936,280
964,843
988,173
23,289
108,759
639,34
513,747
543,553
481,515
996,637
614,75
828,440
580,372
612,513
676,651
394,958
362,304
328,139
544,242
800,672
586,881
912,363
497,120
783,785
941,888
62,969
723,735
711,136
695,1005
370,592
733,957
607,426
18,284
171,890
874,1019
736,528
577,594
984,991
424,245
269,630
594,277
297,832
768,304
724,795
731,28
334,376
175,913
419,42
743,133
409,779
553,999
699,934
717,585
542,230
170,668
631,667
761,628
933,319
961,37
374,739
551,173
733,493
262,91
907,512
507,628
547,191
486,255
389,625
545,301
228,837
541,280
1019,915
427,649
435,270
709,234
366,779
961,328
262,812
34,949
873,495
830,363
367,269
866,578
569,909
619,320
943,164
899,1001
768,931
727,66
985,268
696,372
252,759
815,822
656,495
770,427
1023,801
1002,580
372,685
61,1015
1003,822
327,757
48,770
484,184
687,417
346,474
242,747
752,558
851,631
446,692
469,726
138,825
675,605
827,122
567,426
574,249
823,637
366,967
384,869
589,934
588,360
849,435
354,355
800,370
525,797
965,876
298,446
623,220
650,224
345,7
183,986
566,931
696,320
866,677
298,301
615,922
376,701
1001,920
502,591
826,594
666,38
944,956
969,352
572,134
136,595
589,635
16,276
577,90
259,535
947,984
480,579
877,926
354,273
944,169
635,820
742,846
1000,476
478,45
440,253
655,304
356,602
269,98
282,587
726,664
515,726
442,201
819,892
31,565
517,658
463,898
443,326
302,332
250,592
100,954
559,84
647,204
89,266
829,203
318,70
906,366
261,555
686,465
611,1011
542,985
299,755
539,909
21,1014
415,603
643,1003
536,736
845,288
461,28
501,674
513,45
350,944
712,530
930,129
696,375
530,742
315,569
778,628
944,996
890,802
884,358
540,70
467,556
118,597
316,334
356,17
819,191
620,1005
489,255
655,35
270,115
942,350
786,249
942,585
10,906
512,550
877,527
631,766
822,830
682,215
578,659
214,890
708,182
409,111
692,124
418,60
776,979
292,606
748,881
940,795
1015,457
469,490
944,1001
558,1024
363,78
166,869
33,286
674,656
41,749
966,924
402,179
633,929
480,399
856,743
328,1013
758,912
369,883
582,669
649,510
348,648
1016,375
450,807
225,855
192,750
851,714
617,146
387,773
657,440
18,937
510,617
560,625
619,189
166,871
863,671
357,190
113,807
1021,341
461,21
277,902
184,829
543,1012
995,249
478,449
267,711
619,856
755,630
947,906
335,1019
26,1017
47,802
447,484
557,105
301,183
958,850
1010,223
864,555
848,407
280,814
596,308
228,920
916,893
564,880
267,887
410,583
45,1022
755,945
615,813
1013,332
786,911
683,1020
882,776
991,283
876,404
927,19
519,794
921,585
484,994
897,609
161,620
300,851
330,318
651,252
435,784
309,922
807,573
108,896
384,261
981,406
306,266
881,509
1019,268
319,1012
277,408
969,320
689,131
26,293
852,164
260,319
548,864
628,705
301,440
772,372
396,383
572,951
404,714
574,556
776,124
920,384
943,343
132,870
100,958
1016,411
1011,935
359,48
691,36
307,374
6,983
325,516
364,309
369,57
374,268
248,730
831,741
631,480
552,984
377,623
711,689
917,778
572,53
857,586
962,668
78,845
532,719
613,79
999,675
379,318
671,629
893,840
685,621
503,88
801,710
224,609
467,152
334,357
438,44
424,513
605,771
780,594
238,989
641,270
769,263
556,156
807,303
381,835
723,347
986,120
670,694
1007,726
986,134
1004,55
703,691
368,226
164,652
694,496
869,194
393,658
980,241
67,968
259,30
384,507
895,848
951,934
348,844
778,733
642,544
730,831
515,52
940,185
721,561
814,930
328,134
956,761
573,760
644,160
295,651
840,868
394,883
432,478
369,653
691,498
764,572
387,884
767,1
766,741
649,700
47,804
447,489
688,509
526,503
699,265
294,880
546,891
188,891
404,304
927,79
566,433
616,856
543,749
831,417
384,244
971,1009
595,928
884,354
672,749
308,947
994,34
715,671
424,36
305,359
544,464
556,222
155,836
955,953
545,962
304,19
281,918
513,1011
329,509
727,755
535,259
361,37
933,652
390,496
929,435
868,606
837,732
544,87
932,277
856,236
896,866
1015,390
685,231
999,663
673,403
557,686
795,377
316,983
220,890
580,888
17,991
188,289
1022,750
250,618
18,735
112,856
271,502
615,327
991,35
525,963
269,394
980,323
888,823
741,374
964,574
22,575
339,876
28,266
784,368
776,898
359,876
951,571
939,938
574,748
853,714
352,44
233,837
628,382
201,899
565,426
1017,917
458,461
457,368
185,867
934,905
582,323
249,581
18,949
884,709
958,12
64,278
682,966
649,181
600,991
374,180
964,295
810,121
291,958
824,30
838,619
432,346
458,510
308,818
496,922
551,940
206,882
719,343
451,296
961,579
935,642
410,291
373,647
710,625
544,984
714,465
378,595
860,534
370,817
584,663
435,57
634,666
630,33
359,847
239,765
232,689
347,30
585,15
507,634
883,747
725,817
820,728
337,520
316,80
854,49
660,813
609,985
941,925
951,320
821,572
119,801
166,576
595,785
253,984
537,637
559,1009
920,378
648,165
296,299
448,237
425,994
805,255
623,126
526,754
894,194
362,271
645,804
720,708
667,317
293,765
441,409
368,631
568,294
226,580
665,763
689,1008
526,288
764,977
726,982
1019,44
612,435
670,294
841,49
542,372
116,587
868,550
361,956
404,885
300,336
215,967
601,701
362,749
299,262
287,779
435,987
781,48
267,22
790,740
760,136
199,899
990,239
478,626
320,837
621,397
875,768
985,526
843,556
20,771
352,700
397,739
1001,614
432,697
833,631
371,713
763,653
10,598
837,848
443,824
109,563
441,442
374,144
867,554
424,251
69,946
585,193
764,894
10,977
534,961
581,137
270,538
713,568
571,633
975,729
938,861
563,783
821,820
74,911
573,46
930,971
287,334
359,634
301,774
804,139
877,516
861,185
315,443
987,743
558,1013
809,592
690,630
880,338
860,266
564,837
707,95
148,750
962,585
577,160
977,252
448,352
398,907
695,599
282,412
924,432
323,151
767,302
368,253
747,883
655,1005
215,896
737,573
494,719
965,983
656,650
581,998
316,174
790,822
589,185
355,760
472,611
874,774
422,266
647,460
775,526
969,873
617,877
377,136
213,897
726,291
129,956
976,167
520,109
752,181
418,728
924,765
452,161
387,42
392,718
934,336
11,557
855,844
843,25
711,865
790,602
225,790
764,868
4,569
694,572
871,520
1003,953
323,786
585,552
650,229
353,795
137,676
891,856
603,932
163,724
633,447
279,393
168,810
58,586
256,868
259,473
608,848
253,902
966,810
683,690
288,697
672,514
611,283
433,434
949,237
385,584
1017,681
700,753
329,493
557,654
586,103
612,924
451,403
640,1021
735,376
352,308
568,893
544,318
983,1001
806,687
574,1004
945,178
222,933
282,785
730,553
818,459
971,217
879,509
14,292
454,740
510,754
880,995
1000,653
925,41
933,236
68,277
727,740
383,907
293,885
1018,89
361,695
999,483
421,454
929,797
975,326
714,343
211,947
435,543
627,646
727,104
741,878
922,132
866,704
734,546
389,478
855,115
314,10
813,362
359,881
417,81
277,60
992,917
924,832
533,249
623,368
282,872
484,783
159,582
581,220
756,809
209,773
871,964
645,416
118,795
832,199
643,439
761,593
123,779
824,891
563,93
1015,243
346,397
910,670
163,597
319,48
144,881
720,737
421,140
912,204
866,600
247,734
942,820
298,770
939,831
440,634
355,1024
894,971
975,134
331,1014
780,611
239,993
771,691
69,295
944,190
995,40
952,398
5,271
338,825
649,814
1009,304
947,615
997,8
90,733
926,656
1011,856
204,269
288,686
630,679
709,925
777,672
345,512
1018,686
99,822
78,1024
391,641
146,749
892,265
682,450
573,343
260,288
906,673
618,539
351,888
754,832
390,275
1007,1017
19,987
409,30
94,758
314,606
464,52
265,259
60,942
465,393
540,795
117,867
560,943
481,898
327,812
501,799
267,855
875,859
790,417
601,757
460,469
889,308
980,1019
1021,291
191,947
318,745
865,440
566,256
336,33
769,456
1004,606
523,132
197,1004
821,200
365,545
340,583
568,300
193,747
886,513
470,485
586,963
2,951
536,172
290,854
871,41
504,323
509,150
144,724
745,981
512,89
639,254
902,887
556,79
591,847
732,553
794,147
958,1003
516,641
9,735
365,550
187,678
408,588
440,871
628,814
681,165
220,616
415,284
954,127
976,154
417,847
526,837
610,864
862,222
5,563
316,256
962,620
340,249
90,1023
139,959
266,39
467,347
717,16
518,938
165,974
221,812
839,848
26,573
655,178
628,822
211,803
827,567
964,940
554,91
963,974
223,822
366,672
472,540
34,829
587,913
305,986
489,627
672,639
275,1017
692,415
323,133
900,1012
544,91
875,932
363,676
856,723
211,749
951,41
519,1019
11,291
367,836
6,749
587,497
747,993
668,44
592,814
892,249
296,717
595,916
166,886
807,386
147,886
468,518
285,553
34,862
180,671
517,160
435,482
625,351
618,347
68,798
943,240
614,651
697,284
770,865
767,920
775,869
792,771
172,654
776,914
540,314
675,195
994,522
1009,508
886,92
374,904
577,255
756,764
924,940
606,1012
416,110
708,329
993,987
324,80
354,229
516,648
616,748
837,267
768,516
187,267
26,988
599,286
852,643
673,668
1022,590
794,329
954,621
282,250
860,996
406,248
953,598
671,322
1021,192
158,839
382,332
583,768
523,302
998,38
511,474
557,632
734,273
542,286
416,427
277,791
446,431
594,961
811,182
30,758
721,545
658,982
270,330
653,514
420,711
171,671
429,994
316,498
676,639
904,186
853,741
688,98
365,801
432,101
10,281
429,593
395,241
566,722
726,872
133,278
649,684
185,264
272,99
481,623
255,574
258,907
824,578
670,614
622,422
917,1019
506,594
262,96
645,378
980,328
1017,50
1003,69
775,947
393,823
375,733
261,182
155,918
50,1006
782,266
657,179
761,561
390,445
758,267
370,33
78,954
474,517
364,91
147,717
124,557
182,637
637,665
1005,93
736,722
504,668
1010,217
685,767
629,847
766,954
927,851
144,833
760,46
715,278
804,823
817,978
558,796
470,584
1,997
664,181
268,418
434,872
975,687
16,931
965,121
193,847
748,821
894,286
644,218
31,1016
450,369
610,918
524,503
430,451
751,717
210,909
898,974
367,949
672,745
647,10
406,459
189,909
729,629
430,353
483,300
687,319
78,910
413,739
668,453
1024,75
832,769
683,944
176,677
824,523
453,241
550,771
191,732
74,298
969,354
618,718
586,992
545,307
49,261
926,677
188,853
387,419
757,38
626,410
974,998
374,1024
771,713
747,757
15,928
695,96
666,986
722,276
877,236
961,509
348,605
665,575
83,838
390,636
365,67
356,585
840,378
907,891
760,846
300,277
321,951
618,281
978,241
572,501
740,261
680,998
87,761
559,52
599,627
922,744
458,898
378,340
834,226
615,776
251,634
957,804
501,312
547,130
807,249
421,236
572,808
311,110
66,989
940,581
278,770
823,593
757,393
761,368
749,883
795,264
608,825
660,763
160,895
475,84
565,678
462,575
862,733
932,894
962,280
244,292
147,995
447,227
748,779
152,863
372,265
664,642
357,557
755,898
511,151
380,191
616,468
386,562
615,385
703,435
279,825
652,1018
952,243
759,733
972,1015
387,918
398,179
176,659
707,297
338,562
199,748
265,243
173,897
296,175
624,198
166,280
833,903
310,779
749,970
337,837
943,814
848,636
870,249
963,228
447,512
981,203
169,666
5,1018
595,851
716,232
716,262
833,505
635,814
997,822
887,188
73,998
278,316
822,377
969,29
930,3
882,595
285,933
672,261
798,849
827,965
161,938
664,569
951,106
514,614
158,874
829,221
586,179
575,808
822,578
967,124
585,925
767,380
487,875
532,927
602,894
791,565
486,617
814,636
183,922
332,345
730,389
649,723
418,160
797,20
314,915
433,117
870,680
921,853
546,513
733,329
976,84
171,934
66,262
626,749
271,565
24,596
71,1006
808,834
899,160
956,1003
492,412
794,732
337,984
203,972
375,558
742,1021
962,847
590,961
92,770
545,553
887,853
654,1000
678,496
233,737
479,312
1022,579
652,295
714,761
347,949
260,249
441,310
832,998
724,824
933,681
491,490
460,640
79,799
351,788
627,212
987,661
777,454
961,563
373,790
1010,256
140,763
787,111
338,299
599,423
598,803
287,571
841,383
513,133
564,651
184,684
654,152
509,864
88,1017
375,762
616,703
988,930
241,281
658,124
941,137
657,14
248,804
170,646
554,79
598,885
618,423
895,548
489,727
996,189
282,358
702,649
1014,260
785,532
893,170
445,305
533,774
975,652
1000,646
693,1017
181,872
343,1006
921,240
202,966
986,290
369,773
335,1007
653,1022
701,63
673,382
98,735
514,812
577,335
816,903
965,996
985,255
456,741
938,280
875,867
423,427
252,706
928,802
954,433
704,441
411,1024
841,211
602,306
769,712
854,788
163,274
982,175
877,761
388,719
732,848
430,374
116,786
664,631
580,193
694,129
494,620
65,563
632,771
995,681
46,765
583,334
276,366
586,967
610,278
627,87
198,965
989,573
992,18
864,698
635,757
630,49
688,356
666,1009
957,812
917,886
545,115
619,232
961,865
170,634
830,1003
289,133
634,530
465,728
397,767
894,165
305,621
1017,679
280,566
331,746
88,734
351,883
413,959
880,570
960,382
639,36
712,832
787,844
696,792
651,924
646,684
507,218
763,423
271,508
990,929
654,561
49,276
759,711
783,825
544,809
665,926
829,723
321,123
365,688
32,955
52,961
759,65
475,742
64,935
371,865
343,754
447,922
388,693
620,287
853,286
822,522
681,280
611,573
322,53
164,690
741,386
840,925
186,898
239,790
580,122
899,382
639,247
304,858
398,805
720,337
346,484
627,728
684,401
376,180
599,808
1015,358
926,409
690,231
292,318
319,380
300,612
690,958
740,944
651,617
282,593
722,380
159,812
980,602
861,531
959,613
495,553
48,764
725,8
242,647
492,68
303,907
127,805
137,670
766,178
388,982
1018,1008
597,30
47,857
419,147
196,727
228,790
55,987
195,956
626,455
298,1022
1006,929
778,591
369,701
391,302
598,757
269,1019
83,1012
235,764
393,893
834,546
947,820
495,46
803,447
981,186
200,862
780,517
530,432
550,218
39,734
480,104
278,875
323,467
584,700
1014,566
830,692
766,882
296,244
408,193
729,394
463,41
350,302
426,578
991,244
932,544
429,292
813,290
698,480
638,266
965,376
52,260
119,280
310,839
735,913
415,176
356,870
556,68
427,396
985,731
516,216
302,376
632,990
665,92
5,945
406,649
351,752
628,389
950,982
438,717
737,562
678,709
943,854
4,573
683,189
529,30
847,819
881,515
679,451
47,875
616,539
964,187
634,289
134,895
812,576
376,1013
491,61
624,94
625,56
795,782
936,318
793,209
564,839
630,688
330,374
346,917
868,308
660,879
552,316
920,80
408,922
261,737
438,302
457,559
834,32
519,394
632,941
446,195
340,777
667,300
690,94
875,49
585,300
78,873
651,200
95,1014
394,947
402,21
574,710
641,515
299,403
131,968
977,169
601,50
410,718
998,279
873,708
510,698
649,38
860,925
807,17
454,30
934,78
785,757
638,294
105,816
298,486
697,451
388,287
199,845
955,29
678,590
286,757
173,583
959,246
380,881
690,997
539,83
823,545
674,90
850,769
340,618
15,971
29,988
283,868
591,984
836,839
299,737
305,434
461,285
455,899
174,995
922,667
611,994
397,192
773,783
346,637
985,563
860,797
884,693
466,82
736,267
34,915
620,211
497,608
917,169
952,856
92,1020
641,879
388,605
826,200
334,450
311,23
182,806
922,5
896,389
995,692
391,483
557,1010
188,646
104,1024
893,648
148,952
923,688
837,16
761,386
358,601
858,428
956,7
735,180
503,518
649,798
499,356
687,477
417,384
892,926
492,325
816,409
281,265
650,481
750,291
946,890
447,452
633,985
904,465
975,149
446,660
284,878
924,821
532,51
607,985
182,888
82,585
851,1004
940,876
523,520
525,668
969,815
820,693
645,38
537,780
16,942
1015,143
680,1010
221,855
524,1006
435,399
5,1012
976,172
316,557
387,462
998,246
280,81
415,504
617,691
669,1017
978,323
751,733
588,885
424,544
53,906
649,793
578,291
421,476
171,901
742,785
333,301
646,667
416,131
329,384
868,702
963,278
674,569
427,375
685,932
681,688
870,1004
1017,200
585,904
710,777
565,891
713,1022
78,598
612,108
406,101
18,576
963,269
643,247
620,99
151,881
693,91
658,435
460,99
363,1006
671,761
573,770
304,802
535,724
306,225
892,751
48,786
732,892
755,5
441,394
606,880
463,196
711,836
814,409
576,1021
791,664
356,776
217,884
417,437
655,134
585,734
787,182
267,66
548,86
671,591
695,989
348,123
754,962
996,608
162,707
395,783
626,422
605,340
162,642
37,1010
888,758
411,545
814,833
790,39
383,650
479,453
517,729
413,641
757,151
96,277
745,342
492,923
680,954
416,34
809,845
689,196
231,754
831,286
1004,157
349,862
747,653
601,997
120,931
678,391
186,602
820,865
874,795
321,200
765,95
943,217
341,950
659,600
22,749
232,827
850,516
918,958
613,654
779,266
1017,275
1014,730
19,767
986,934
808,247
328,72
281,222
579,263
731,969
752,296
695,649
922,891
467,585
520,159
328,960
369,439
203,917
474,33
824,978
792,673
280,990
350,548
909,664
872,741
253,268
683,991
309,40
1021,947
276,841
974,971
233,574
991,873
956,914
431,456
865,442
155,890
674,37
657,468
175,590
433,374
725,264
957,171
315,125
399,920
401,235
295,340
937,374
1000,777
726,691
408,45
545,964
986,469
418,33
223,281
536,653
961,849
282,259
323,336
682,1003
591,93
601,736
499,73
587,192
372,559
843,583
954,970
434,614
653,436
986,989
930,341
1020,987
316,847
259,430
505,679
589,279
242,682
655,265
318,535
865,20
842,365
106,279
874,714
25,924
986,978
352,377
733,508
904,671
710,897
981,312
601,761
349,998
1022,487
540,155
693,843
165,784
191,923
650,524
712,345
928,490
380,518
349,423
521,700
689,224
585,252
969,469
628,563
1001,740
867,647
788,418
382,595
559,997
289,651
665,691
529,314
685,773
940,229
511,134
582,1014
999,669
979,367
771,262
230,991
458,49
327,895
985,245
618,905
976,818
278,736
619,665
369,742
441,613
997,631
794,158
667,154
525,405
214,618
192,738
287,608
702,978
501,59
555,682
553,256
679,265
152,558
526,306
215,978
902,175
275,372
99,769
968,413
400,614
994,851
585,809
420,290
472,46
335,510
328,434
789,373
687,657
874,516
542,772
590,485
608,486
697,583
436,876
272,361
840,819
300,622
73,938
883,10
978,204
396,251
435,401
338,772
159,560
292,22
699,255
762,364
835,718
259,385
405,205
619,659
929,228
744,255
540,215
571,85
1012,287
655,123
421,157
966,969
591,447
794,88
467,426
201,791
444,535
196,845
759,249
526,715
882,92
408,183
833,844
675,102
867,583
110,852
544,483
390,966
472,948
1007,482
640,170
954,357
656,118
329,285
103,755
633,360
41,760
532,129
754,37
935,49
360,810
389,221
1012,637
498,692
1023,71
336,31
379,262
194,934
148,733
81,919
32,960
1008,348
906,344
337,20
632,561
847,266
779,113
754,323
635,776
152,583
542,651
550,891
949,442
295,334
668,286
364,644
664,274
800,782
590,333
591,842
288,22
75,906
995,348
398,272
578,72
283,922
416,456
298,501
862,21
275,415
655,331
849,833
320,128
304,812
435,816
182,664
966,601
347,292
864,601
886,168
358,268
932,581
533,412
445,557
117,774
550,994
452,846
889,144
617,129
465,506
333,585
583,712
1017,511
922,65
89,788
379,657
94,753
478,483
126,838
626,426
732,284
293,932
418,163
598,998
1005,1001
631,572
991,633
383,941
294,701
579,668
387,359
647,631
837,628
376,617
308,236
995,182
151,887
567,289
689,322
573,349
431,889
500,576
651,164
835,499
603,826
586,767
311,586
441,693
358,638
729,821
948,251
647,614
785,445
655,348
360,585
561,1002
510,645
969,228
870,904
771,416
166,624
858,422
147,871
923,43
953,917
854,138
34,817
258,940
907,889
700,687
920,535
253,909
407,385
356,482
817,272
843,617
557,182
868,653
440,526
1010,342
945,961
348,916
816,892
653,618
942,967
433,194
921,44
323,452
963,564
252,739
556,594
329,209
65,557
935,95
453,461
278,1021
380,634
393,692
985,541
614,896
258,966
804,730
404,387
502,586
1019,104
941,422
59,938
343,205
211,881
95,901
574,260
441,712
931,1014
679,168
870,726
268,307
270,449
244,740
287,1
915,7
813,192
939,187
726,1020
714,799
27,928
793,296
564,625
870,747
988,458
990,983
391,231
668,876
627,432
414,148
322,901
611,689
482,179
732,305
1000,258
958,845
851,511
852,116
520,526
315,82
745,506
565,963
229,831
755,69
678,588
500,105
499,258
671,811
749,667
11,988
855,514
966,842
563,723
655,371
961,313
528,136
773,340
939,285
282,863
252,612
557,742
927,864
918,335
926,918
765,8
503,115
346,435
863,457
848,861
916,49
561,553
825,1000
136,748
953,260
319,57
675,266
794,119
224,615
441,700
335,849
430,516
925,71
389,199
590,366
851,712
6,1000
1000,32
1009,251
855,241
255,859
747,290
349,378
1002,750
624,756
276,85
877,832
155,650
616,896
101,597
463,311
872,406
149,1001
692,574
281,737
689,278
355,378
703,362
282,971
810,970
584,777
138,768
557,1003
567,9
583,415
615,282
535,923
882,1001
959,404
439,339
99,871
695,519
316,107
976,840
209,805
580,224
374,717
651,913
617,889
534,7
380,512
740,590
875,363
773,71
591,211
707,981
989,1021
122,844
756,628
234,979
938,44
106,803
867,237
333,286
1023,328
916,599
801,113
81,262
736,392
447,391
771,871
451,994
954,647
274,329
127,761
506,405
874,477
532,639
1023,672
6,994
555,677
607,951
536,630
807,116
1021,405
398,302
395,762
16,1019
635,807
539,104
683,132
502,394
328,861
908,365
102,771
432,620
689,684
757,711
207,592
560,619
952,304
312,48
983,728
728,274
726,925
468,150
817,378
698,393
252,603
679,368
252,591
261,8
804,589
715,821
962,924
879,525
842,594
817,728
281,414
975,128
65,991
443,474
938,116
794,553
890,600
669,306
333,39
142,805
599,509
989,961
269,1009
659,134
462,579
691,707
525,858
858,21
655,339
351,922
733,454
829,895
296,699
386,206
988,119
416,454
377,17
404,96
237,700
482,995
924,715
228,986
607,777
317,114
411,604
633,935
328,211
227,596
416,581
811,290
259,337
134,779
372,701
1021,27
14,751
595,160
896,335
617,359
354,44
347,439
722,583
635,228
469,173
613,431
644,82
641,685
1000,263
691,333
599,204
821,666
482,460
211,772
748,412
317,15
858,361
363,129
827,472
523,694
499,120
645,385
613,343
242,726
734,967
29,797
283,632
954,614
389,560
439,55
327,474
798,782
569,317