14,286
15,285
15,286
418,35
419,35
419,36
789,727
790,727
790,728
286,299
287,299
287,300
445,498
446,497
446,498
725,261
726,261
726,262
358,230
359,230
359,231
984,756
985,755
985,756
337,918
337,919
338,919
687,604
687,605
688,605
455,620
456,619
456,620
526,1021
526,1022
527,1021
157,917
157,918
158,918
383,153
383,154
384,153
293,602
294,601
294,602
757,182
757,183
758,182
628,800
628,801
629,800
842,784
843,784
843,785
252,722
252,723
253,723
919,247
919,248
920,248
388,282
389,281
389,282
736,18
737,18
737,19
652,574
653,573
653,574
625,128
626,128
626,129
420,121
420,122
421,121
581,653
581,654
582,654
327,982
328,981
328,982
887,842
888,842
888,843
147,816
147,817
148,817
297,740
297,741
298,740
595,233
596,232
596,233
4,283
5,282
5,283
425,482
425,483
426,482
419,339
419,340
420,340
965,362
966,362
966,363
416,979
416,980
417,980
342,559
343,559
343,560
292,934
292,935
293,934
141,821
141,822
142,822
788,675
789,674
789,675
985,139
986,139
986,140
190,938
191,938
191,939
713,370
713,371
714,371
588,910
588,911
589,910
559,614
559,615
560,615
80,278
80,279
81,278
747,771
747,772
748,771
923,751
924,750
924,751
385,589
385,590
386,590
687,377
688,377
688,378
857,376
857,377
858,377
359,609
359,610
360,609
644,202
644,203
645,203
606,799
606,800
607,800
609,445
609,446
610,445
183,659
184,658
184,659
588,965
588,966
589,965
105,562
105,563
106,563
288,75
289,75
289,76
958,573
958,574
959,573
432,376
433,376
433,377
280,734
281,734
281,735
293,644
293,645
294,644
779,233
779,234
780,234
514,782
515,782
515,783
279,215
280,215
280,216
1004,340
1005,339
1005,340
345,449
346,449
346,450
518,103
518,104
519,103
393,880
394,880
394,881
801,628
801,629
802,629
950,828
951,828
951,829
268,324
269,323
269,324
404,136
404,137
405,137
691,477
691,478
692,478
539,29
539,30
540,30
464,378
465,377
465,378
21,779
22,779
22,780
962,1023
962,1024
963,1024
719,587
719,588
720,587
596,888
597,888
597,889
106,812
106,813
107,812
751,664
752,664
752,665
655,1024
656,1023
656,1024
15,983
16,983
16,984
478,250
478,251
479,250
816,412
817,412
817,413
166,842
166,843
167,843
997,659
997,660
998,660
765,574
765,575
766,574
116,562
117,562
117,563
129,805
130,804
130,805
302,15
302,16
303,16
682,437
682,438
683,437
959,135
960,135
960,136
374,139
375,138
375,139
110,907
110,908
111,908
977,487
978,487
978,488
372,813
373,813
373,814
327,962
328,962
328,963
1011,641
1012,641
1012,642
929,415
930,415
930,416
563,739
564,738
564,739
968,400
969,400
969,401
322,140
323,139
323,140
468,81
469,80
469,81
351,1007
352,1007
352,1008
976,470
976,471
977,470
198,751
198,752
199,751
736,630
736,631
737,630
290,658
291,657
291,658
132,770
132,771
133,771
659,438
659,439
660,438
683,913
683,914
684,913
806,1022
807,1021
807,1022
356,911
357,911
357,912
647,705
647,706
648,706
522,42
522,43
523,42
224,868
225,867
225,868
253,814
254,814
254,815
734,135
734,136
735,136
816,848
817,847
817,848
524,159
524,160
525,160
863,405
864,404
864,405
254,959
255,958
255,959
383,887
383,888
384,887
860,297
861,297
861,298
820,789
820,790
821,789
35,748
36,748
36,749
349,803
349,804
350,803
420,198
421,198
421,199
751,21
751,22
752,22
292,69
293,69
293,70
173,599
173,600
174,600
606,434
607,434
607,435
428,487
428,488
429,487
818,17
818,18
819,17
654,335
654,336
655,335
712,276
713,276
713,277
653,700
653,701
654,701
314,845
315,844
315,845
821,1010
821,1011
822,1011
696,799
697,798
697,799
138,798
139,797
139,798
1014,67
1014,68
1015,68
929,903
930,903
930,904
331,358
332,358
332,359
845,537
845,538
846,537
684,762
684,763
685,763
269,579
270,579
270,580
951,91
951,92
952,91
721,180
722,179
722,180
261,801
261,802
262,802
310,984
310,985
311,984
581,227
582,226
582,227
1022,895
1022,896
1023,895
367,383
367,384
368,383
856,905
857,905
857,906
473,132
473,133
474,133
380,740
381,740
381,741
957,826
958,826
958,827
328,929
329,929
329,930
207,934
208,934
208,935
723,798
723,799
724,798
498,937
499,936
499,937
426,728
427,728
427,729
349,898
350,898
350,899
893,852
894,851
894,852
386,634
387,633
387,634
34,733
34,734
35,733
527,554
527,555
528,554
440,29
440,30
441,29
1003,593
1004,593
1004,594
362,619
362,620
363,619
748,943
749,942
749,943
968,140
968,141
969,141
585,997
586,996
586,997
759,67
760,67
760,68
741,124
742,123
742,124
252,679
252,680
253,680
696,1024
697,1023
697,1024
502,726
503,726
503,727
727,522
728,522
728,523
435,419
435,420
436,419
433,886
433,887
434,886
669,652
669,653
670,653
612,394
612,395
613,394
923,718
924,717
924,718
360,1008
361,1007
361,1008
400,891
400,892
401,892
12,1000
13,999
13,1000
221,945
221,946
222,945
691,96
691,97
692,96
768,583
769,582
769,583
71,930
72,929
72,930
520,648
520,649
521,649
880,358
881,358
881,359
863,910
863,911
864,910
937,376
937,377
938,376
410,18
411,17
411,18
380,290
380,291
381,291
515,82
516,82
516,83
323,88
323,89
324,88
424,191
424,192
425,191
411,342
411,343
412,343
860,519
861,518
861,519
825,836
826,836
826,837
384,624
385,624
385,625
962,897
962,898
963,898
342,333
343,332
343,333
1013,890
1013,891
1014,891
367,644
368,643
368,644
826,481
826,482
827,481
943,886
944,885
944,886
475,611
475,612
476,611
408,91
409,91
409,92
405,600
406,599
406,600
30,286
31,286
31,287
791,981
791,982
792,982
307,546
307,547
308,546
470,887
470,888
471,887
284,1017
285,1017
285,1018
589,335
590,335
590,336
914,334
914,335
915,335
394,358
395,357
395,358
709,964
709,965
710,965
287,842
287,843
288,842
968,807
968,808
969,807
349,414
349,415
350,414
984,253
985,252
985,253
387,698
387,699
388,699
679,339
679,340
680,339
141,864
141,865
142,864
989,217
990,216
990,217
327,84
328,83
328,84
44,857
44,858
45,857
856,911
857,911
857,912
984,74
984,75
985,74
703,427
703,428
704,427
826,36
827,35
827,36
238,976
239,976
239,977
864,589
865,588
865,589
617,315
617,316
618,316
534,301
534,302
535,301
469,616
469,617
470,617
368,637
369,636
369,637
809,903
809,904
810,903
820,364
821,364
821,365
756,964
756,965
757,964
407,135
407,136
408,136
361,544
361,545
362,544
658,685
659,685
659,686
630,380
630,381
631,380
851,659
852,658
852,659
174,617
175,616
175,617
138,557
138,558
139,557
337,863
337,864
338,863
979,378
979,379
980,379
465,104
465,105
466,104
1015,500
1015,501
1016,501
775,594
775,595
776,594
933,598
933,599
934,599
792,872
793,871
793,872
443,540
443,541
444,541
569,176
569,177
570,176
357,588
358,588
358,589
517,213
517,214
518,213
274,804
275,803
275,804
443,399
443,400
444,400
777,664
777,665
778,664
1,988
1,989
2,988
423,658
424,658
424,659
378,849
378,850
379,850
441,376
441,377
442,377
699,940
699,941
700,941
784,95
784,96
785,96
663,698
663,699
664,699
708,632
709,632
709,633
532,316
533,315
533,316
807,109
807,110
808,109
929,353
930,352
930,353
679,386
679,387
680,387
237,756
238,756
238,757
681,709
681,710
682,710
660,131
660,132
661,131
874,753
875,753
875,754
815,776
815,777
816,777
346,378
346,379
347,378
179,557
179,558
180,557
376,776
376,777
377,776
597,103
598,103
598,104
1010,1023
1011,1023
1011,1024
993,274
994,274
994,275
207,600
208,600
208,601
807,611
808,611
808,612
233,599
234,599
234,600
616,736
617,735
617,736
953,62
954,61
954,62
698,440
699,440
699,441
756,652
756,653
757,652
912,961
913,960
913,961
593,214
594,214
594,215
645,134
645,135
646,134
644,238
645,237
645,238
445,577
445,578
446,578
594,174
595,173
595,174
810,201
811,201
811,202
401,716
401,717
402,717
665,667
666,667
666,668
710,131
711,130
711,131
618,756
618,757
619,756
605,75
605,76
606,76
703,560
704,559
704,560
604,990
604,991
605,991
711,314
712,314
712,315
837,689
838,688
838,689
714,580
715,579
715,580
996,324
996,325
997,325
496,441
496,442
497,441
553,158
553,159
554,158
400,648
400,649
401,648
117,769
117,770
118,770
282,638
283,637
283,638
168,885
168,886
169,886
685,1022
686,1022
686,1023
91,1017
91,1018
92,1018
760,340
760,341
761,340
595,39
596,39
596,40
293,920
293,921
294,921
954,138
954,139
955,139
355,742
356,742
356,743
733,481
733,482
734,482
917,375
918,375
918,376
190,873
191,873
191,874
647,84
648,83
648,84
447,475
448,474
448,475
128,851
129,851
129,852
282,758
282,759
283,759
629,347
629,348
630,347
904,664
904,665
905,664
494,130
495,129
495,130
674,1011
675,1010
675,1011
562,89
562,90
563,90
644,654
644,655
645,654
133,902
133,903
134,903
632,31
632,32
633,32
850,611
850,612
851,612
214,579
214,580
215,580
756,932
757,931
757,932
1013,378
1013,379
1014,378
407,180
408,180
408,181
20,966
20,967
21,966
581,29
582,28
582,29
613,902
613,903
614,903
193,740
194,740
194,741
621,228
622,228
622,229
881,158
881,159
882,159
850,654
850,655
851,655
366,228
366,229
367,229
384,947
384,948
385,947
215,981
215,982
216,981
534,677
534,678
535,678
171,621
172,621
172,622
989,955
989,956
990,956
993,98
993,99
994,98
473,696
473,697
474,697
803,778
803,779
804,778
206,604
207,603
207,604
7,265
8,265
8,266
1013,403
1013,404
1014,404
698,370
699,369
699,370
986,724
987,724
987,725
500,694
501,694
501,695
1013,266
1013,267
1014,267
766,262
766,263
767,262
723,391
724,390
724,391
294,708
294,709
295,708
729,813
729,814
730,813
486,609
487,609
487,610
696,389
697,388
697,389
589,922
590,922
590,923
421,162
421,163
422,163
715,630
716,629
716,630
695,767
696,767
696,768
935,781
935,782
936,781
405,1000
405,1001
406,1001
749,559
749,560
750,560
416,187
417,186
417,187
1022,347
1023,346
1023,347
223,902
224,902
224,903
923,965
924,964
924,965
690,265
690,266
691,265
451,81
452,81
452,82
694,329
694,330
695,329
594,470
594,471
595,471
959,392
959,393
960,392
881,190
882,189
882,190
408,58
409,57
409,58
889,115
890,115
890,116
604,302
604,303
605,303
703,518
703,519
704,518
569,89
569,90
570,89
703,463
704,462
704,463
926,448
926,449
927,449
463,441
464,441
464,442
729,540
730,540
730,541
689,63
690,63
690,64
369,580
369,581
370,580
618,335
618,336
619,336
861,631
862,631
862,632
315,91
315,92
316,91
264,305
265,304
265,305
373,640
374,640
374,641
842,367
842,368
843,367
520,842
520,843
521,842
336,803
336,804
337,804
948,890
949,889
949,890
625,868
626,867
626,868
460,371
460,372
461,372
438,17
439,16
439,17
381,733
381,734
382,734
864,77
865,76
865,77
190,870
190,871
191,871
406,871
406,872
407,871
513,667
513,668
514,667
658,840
658,841
659,841
368,662
369,662
369,663
238,263
239,263
239,264
406,498
407,498
407,499
427,609
427,610
428,610
462,462
462,463
463,462
547,1013
548,1013
548,1014
936,935
937,935
937,936
274,384
275,383
275,384
961,630
961,631
962,631
209,895
210,895
210,896
434,364
434,365
435,364
552,287
552,288
553,288
963,285
964,284
964,285
384,613
385,613
385,614
392,698
393,697
393,698
732,377
732,378
733,378
828,675
829,674
829,675
594,794
595,794
595,795
762,980
762,981
763,980
837,545
838,545
838,546
948,151
949,150
949,151
603,282
604,281
604,282
1015,186
1016,186
1016,187
607,790
607,791
608,790
363,290
364,290
364,291
642,170
642,171
643,170
392,189
393,188
393,189
356,491
357,491
357,492
769,381
770,380
770,381
456,406
456,407
457,407
738,330
739,330
739,331
620,341
621,340
621,341
631,55
632,54
632,55
760,344
761,343
761,344
872,450
873,449
873,450
429,206
430,205
430,206
884,1017
885,1016
885,1017
778,690
779,689
779,690
410,272
411,272
411,273
486,569
487,568
487,569
372,41
372,42
373,41
415,40
416,39
416,40
961,661
962,661
962,662
826,505
826,506
827,505
913,554
913,555
914,555
706,975
706,976
707,976
845,545
845,546
846,546
758,397
758,398
759,398
278,221
279,221
279,222
315,1018
316,1017
316,1018
667,901
667,902
668,901
858,823
858,824
859,823
78,945
78,946
79,945
510,567
511,566
511,567
49,998
49,999
50,998
793,1021
793,1022
794,1021
320,61
320,62
321,61
680,278
681,277
681,278
938,592
938,593
939,593
355,648
356,648
356,649
963,47
964,47
964,48
354,186
354,187
355,187
484,169
484,170
485,170
767,549
767,550
768,550
361,753
361,754
362,754
753,820
754,820
754,821
548,111
548,112
549,111
1017,1005
1018,1004
1018,1005
839,714
840,714
840,715
461,609
461,610
462,609
425,590
425,591
426,591
923,203
923,204
924,203
185,636
186,635
186,636
940,851
940,852
941,851
625,476
625,477
626,477
955,353
955,354
956,353
477,380
478,379
478,380
135,769
135,770
136,770
49,948
49,949
50,948
989,235
990,234
990,235
38,775
39,775
39,776
934,601
934,602
935,601
880,62
880,63
881,62
342,587
343,587
343,588
482,642
483,641
483,642
684,605
684,606
685,606
166,917
167,917
167,918
1002,553
1002,554
1003,554
181,919
182,919
182,920
162,682
162,683
163,682
147,775
147,776
148,775
699,608
699,609
700,608
369,285
369,286
370,286
261,321
261,322
262,322
177,953
177,954
178,953
351,747
352,746
352,747
924,843
925,842
925,843
98,891
99,891
99,892
530,217
531,216
531,217
257,880
257,881
258,881
389,778
390,778
390,779
494,1018
495,1018
495,1019
796,716
796,717
797,717
474,53
475,53
475,54
620,282
620,283
621,283
165,588
166,587
166,588
683,262
684,262
684,263
98,799
98,800
99,799
877,820
877,821
878,821
846,372
847,372
847,373
417,588
418,588
418,589
768,534
769,533
769,534
142,830
142,831
143,830
526,927
526,928
527,927
821,565
822,565
822,566
451,54
451,55
452,54
616,234
617,233
617,234
297,631
298,631
298,632
356,216
356,217
357,216
443,603
443,604
444,603
965,1014
965,1015
966,1014
916,804
917,804
917,805
823,912
823,913
824,913
46,881
47,880
47,881
108,747
108,748
109,747
626,698
626,699
627,698
971,32
971,33
972,32
674,445
675,445
675,446
669,1008
669,1009
670,1009
901,732
901,733
902,733
599,631
600,630
600,631
431,550
431,551
432,551
546,941
546,942
547,942
952,339
953,339
953,340
252,619
252,620
253,620
430,245
430,246
431,245
145,785
146,784
146,785
771,838
771,839
772,839
233,775
233,776
234,775
884,893
884,894
885,893
642,517
642,518
643,518
511,485
512,484
512,485
806,19
806,20
807,20
373,62
373,63
374,63
712,522
712,523
713,522
466,631
466,632
467,631
947,859
948,858
948,859
377,814
377,815
378,815
616,272
617,271
617,272
980,319
981,318
981,319
974,33
975,33
975,34
721,537
722,537
722,538
225,624
226,624
226,625
202,988
203,987
203,988
465,437
466,436
466,437
868,265
868,266
869,266
276,882
276,883
277,882
625,787
626,787
626,788
753,828
754,827
754,828
647,647
647,648
648,648
960,624
961,623
961,624
711,779
712,779
712,780
459,619
460,618
460,619
613,345
613,346
614,345
975,76
975,77
976,76
272,111
273,110
273,111
871,830
871,831
872,830
861,358
861,359
862,358
692,756
693,755
693,756
395,772
395,773
396,773
286,531
286,532
287,531
783,882
784,882
784,883
1011,586
1011,587
1012,586
38,736
39,736
39,737
215,856
216,856
216,857
139,831
139,832
140,831
282,624
283,624
283,625
613,703
613,704
614,703
158,946
158,947
159,946
543,54
544,53
544,54
229,824
229,825
230,824
644,784
644,785
645,785
616,713
616,714
617,714
250,769
251,769
251,770
415,898
415,899
416,899
801,110
802,110
802,111
370,977
370,978
371,978
851,891
851,892
852,891
215,926
216,925
216,926
717,748
717,749
718,749
717,751
717,752
718,751
926,427
926,428
927,427
544,879
544,880
545,879
45,963
45,964
46,964
842,192
843,191
843,192
1008,231
1009,231
1009,232
695,718
695,719
696,718
846,821
847,821
847,822
1017,704
1017,705
1018,705
448,433
449,433
449,434
515,450
516,449
516,450
786,305
787,304
787,305
744,1022
745,1021
745,1022
219,934
219,935
220,935
903,396
903,397
904,396
829,1000
830,999
830,1000
378,587
378,588
379,588
779,459
780,458
780,459
117,860
117,861
118,860
587,854
587,855
588,855
380,230
381,230
381,231
910,969
911,969
911,970
986,188
986,189
987,188
959,72
959,73
960,73
559,546
559,547
560,546
933,1012
934,1012
934,1013
469,113
470,112
470,113
355,686
356,685
356,686
245,967
246,966
246,967
146,889
147,888
147,889
280,880
280,881
281,881
390,956
390,957
391,956
607,668
607,669
608,669
230,702
230,703
231,702
350,602
350,603
351,602
441,188
442,188
442,189
39,992
40,991
40,992
407,438
408,438
408,439
690,167
690,168
691,167
920,565
921,564
921,565
940,996
941,995
941,996
1023,724
1023,725
1024,724
686,778
686,779
687,779
689,979
689,980
690,980
684,374
684,375
685,375
816,454
817,453
817,454
729,376
729,377
730,376
801,636
801,637
802,636
407,244
407,245
408,245
709,967
710,967
710,968
297,375
298,375
298,376
355,894
356,893
356,894
613,538
613,539
614,538
754,912
755,912
755,913
819,219
820,218
820,219
392,341
392,342
393,342
298,657
298,658
299,657
398,728
398,729
399,729
925,866
925,867
926,866
455,586
455,587
456,587
892,391
892,392
893,392
335,964
335,965
336,965
315,291
315,292
316,291
25,963
26,962
26,963
393,464
394,464
394,465
535,752
536,751
536,752
344,967
344,968
345,968
865,839
865,840
866,839
700,525
700,526
701,525
465,876
466,876
466,877
595,77
596,77
596,78
726,821
726,822
727,821
509,558
510,557
510,558
516,721
517,720
517,721
504,72
505,72
505,73
260,21
260,22
261,21
282,977
282,978
283,978
100,762
101,761
101,762
924,411
925,411
925,412
372,1001
373,1001
373,1002
661,398
661,399
662,398
328,933
329,932
329,933
403,989
404,988
404,989
658,825
659,824
659,825
574,306
574,307
575,306
737,387
737,388
738,388
561,856
561,857
562,857
383,849
383,850
384,849
777,587
778,587
778,588
613,355
613,356
614,355
617,831
618,831
618,832
415,341
416,340
416,341
964,891
964,892
965,892
574,843
575,843
575,844
161,972
161,973
162,972
679,489
679,490
680,490
902,10
903,9
903,10
515,655
516,654
516,655
346,492
347,492
347,493
128,894
128,895
129,894
300,599
300,600
301,600
656,153
656,154
657,153
441,417
442,416
442,417
456,610
456,611
457,610
846,613
847,613
847,614
473,152
474,152
474,153
597,195
598,194
598,195
242,581
243,581
243,582
266,386
266,387
267,386
366,506
366,507
367,507
651,910
652,910
652,911
451,99
451,100
452,99
629,133
630,133
630,134
468,271
469,270
469,271
218,973
218,974
219,974
266,321
266,322
267,321
789,369
789,370
790,370
686,572
687,571
687,572
359,220
360,220
360,221
705,970
705,971
706,971
340,940
340,941
341,941
642,252
642,253
643,253
260,187
261,187
261,188
651,122
652,122
652,123
275,397
275,398
276,398
571,620
572,620
572,621
1023,681
1023,682
1024,681
283,989
283,990
284,990
124,823
124,824
125,823
11,983
11,984
12,984
797,587
798,586
798,587
208,866
208,867
209,867
175,855
176,855
176,856
830,15
830,16
831,15
577,154
577,155
578,155
751,895
751,896
752,895
1012,1
1012,2
1013,1
880,853
880,854
881,854
369,697
369,698
370,698
487,420
487,421
488,421
526,174
527,173
527,174
431,424
432,423
432,424
467,482
467,483
468,482
635,231
635,232
636,231
609,915
609,916
610,915
134,1012
135,1012
135,1013
725,278
725,279
726,278
485,17
486,17
486,18
677,239
678,238
678,239
698,970
699,970
699,971
300,8
301,7
301,8
632,768
632,769
633,768
405,562
406,561
406,562
573,750
574,750
574,751
564,299
565,299
565,300
406,518
407,517
407,518
651,899
652,899
652,900
718,527
719,527
719,528
156,854
157,853
157,854
832,932
833,931
833,932
994,203
995,203
995,204
373,983
373,984
374,983
435,488
435,489
436,489
283,800
284,800
284,801
801,930
802,929
802,930
45,969
46,968
46,969
1003,807
1004,806
1004,807
470,432
471,431
471,432
962,194
963,194
963,195
868,358
869,357
869,358
925,838
925,839
926,838
10,934
11,933
11,934
614,961
614,962
615,962
352,833
353,832
353,833
314,898
315,897
315,898
768,873
768,874
769,874
804,312
804,313
805,312
698,130
698,131
699,130
271,39
271,40
272,40
583,312
583,313
584,313
770,949
770,950
771,950
265,723
265,724
266,723
838,578
838,579
839,579
761,816
761,817
762,816
335,857
336,857
336,858
308,847
308,848
309,847
772,98
772,99
773,99
361,692
362,692
362,693
854,677
854,678
855,677
582,934
582,935
583,934
876,239
876,240
877,239
223,605
224,604
224,605
275,105
276,105
276,106
478,551
479,551
479,552
379,685
380,685
380,686
15,562
15,563
16,562
423,869
423,870
424,870
760,931
760,932
761,931
709,523
709,524
710,523
815,110
816,109
816,110
742,951
743,950
743,951
577,841
578,841
578,842
519,6
519,7
520,7
359,1000
359,1001
360,1001
95,945
95,946
96,946
685,364
686,363
686,364
363,866
364,866
364,867
294,397
295,397
295,398
810,209
810,210
811,210
909,90
909,91
910,91
126,868
126,869
127,868
929,370
930,369
930,370
642,138
642,139
643,139
418,958
418,959
419,959
1015,459
1016,459
1016,460
756,434
757,434
757,435
919,372
919,373
920,373
328,598
328,599
329,599
282,773
282,774
283,773
381,898
381,899
382,899
39,782
39,783
40,782
887,865
888,865
888,866
904,993
904,994
905,993
975,497
976,497
976,498
708,517
709,517
709,518
587,27
587,28
588,28
975,218
975,219
976,218
617,900
617,901
618,901
663,719
664,718
664,719
665,639
665,640
666,639
308,588
309,587
309,588
961,927
962,927
962,928
662,9
662,10
663,9
291,847
292,847
292,848
834,591
834,592
835,592
882,228
882,229
883,229
414,52
415,51
415,52
894,409
895,409
895,410
726,135
726,136
727,135
908,158
909,158
909,159
854,727
855,727
855,728
818,871
819,871
819,872
674,523
674,524
675,524
477,407
477,408
478,407
635,217
636,216
636,217
193,899
193,900
194,899
168,845
169,845
169,846
727,551
727,552
728,551
780,848
781,847
781,848
847,349
848,349
848,350
580,962
581,962
581,963
895,228
896,228
896,229
920,618
920,619
921,619
960,609
961,608
961,609
295,221
296,221
296,222
709,569
709,570
710,570
622,781
622,782
623,781
338,966
339,966
339,967
684,734
684,735
685,735
350,584
351,583
351,584
167,914
167,915
168,915
947,899
947,900
948,899
366,465
366,466
367,465
285,599
286,598
286,599
866,843
867,843
867,844
403,656
404,655
404,656
251,576
251,577
252,576
658,202
659,202
659,203
796,382
797,381
797,382
339,762
340,762
340,763
793,274
793,275
794,275
293,685
293,686
294,686
497,67
498,66
498,67
524,214
524,215
525,214
617,78
617,79
618,79
528,755
529,754
529,755
336,407
336,408
337,407
857,774
858,774
858,775
770,882
771,881
771,882
907,218
908,217
908,218
617,205
617,206
618,206
710,853
710,854
711,853
787,184
788,184
788,185
13,744
14,744
14,745
235,589
236,588
236,589
804,841
805,840
805,841
473,178
474,177
474,178
321,356
321,357
322,356
419,595
419,596
420,595
399,19
399,20
400,19
905,158
906,158
906,159
351,13
351,14
352,13
201,945
202,944
202,945
963,116
964,116
964,117
333,81
333,82
334,82
910,338
911,337
911,338
78,896
79,896
79,897
503,304
503,305
504,304
373,587
374,586
374,587
494,176
494,177
495,177
265,770
265,771
266,770
92,971
92,972
93,972
140,793
141,793
141,794
972,791
973,790
973,791
568,943
568,944
569,943
686,266
687,265
687,266
623,496
623,497
624,496
715,323
716,322
716,323
412,195
412,196
413,195
165,604
166,604
166,605
159,871
160,871
160,872
880,818
880,819
881,818
327,549
328,548
328,549
653,93
654,93
654,94
276,15
276,16
277,16
385,656
385,657
386,656
681,946
682,946
682,947
761,377
762,376
762,377
458,1021
459,1021
459,1022
549,937
549,938
550,937
499,649
500,649
500,650
628,356
628,357
629,357
267,26
267,27
268,26
851,731
851,732
852,732
285,980
286,980
286,981
362,773
362,774
363,773
509,651
509,652
510,651
444,190
444,191
445,191
524,112
525,112
525,113
378,837
379,836
379,837
619,544
620,543
620,544
454,371
454,372
455,371
665,280
665,281
666,281
146,892
146,893
147,893
394,399
395,399
395,400
935,398
935,399
936,398
454,544
454,545
455,545
1005,361
1006,360
1006,361
621,801
622,800
622,801
700,233
700,234
701,234
16,763
16,764
17,764
848,163
848,164
849,163
674,845
675,845
675,846
227,643
228,642
228,643
642,9
642,10
643,9
952,661
953,661
953,662
403,846
403,847
404,847
723,664
723,665
724,665
389,455
389,456
390,456
880,578
881,578
881,579
268,610
269,609
269,610
217,871
218,871
218,872
436,979
437,979
437,980
860,779
860,780
861,779
124,795
125,794
125,795
845,694
846,693
846,694
870,661
871,661
871,662
966,247
967,247
967,248
275,983
275,984
276,983
1015,41
1015,42
1016,42
62,909
62,910
63,910
196,724
197,724
197,725
966,166
966,167
967,166
144,825
145,825
145,826
326,280
326,281
327,281
1006,776
1006,777
1007,777
915,60
916,60
916,61
333,270
334,269
334,270
917,153
917,154
918,154
485,109
486,109
486,110
1001,726
1002,726
1002,727
459,474
459,475
460,474
371,800
371,801
372,801
1007,285
1008,284
1008,285
986,67
986,68
987,67
764,771
764,772
765,771
763,821
763,822
764,821
668,365
668,366
669,365
426,208
427,208
427,209
910,672
910,673
911,672
704,498
705,498
705,499
552,996
553,996
553,997
317,111
318,111
318,112
614,294
614,295
615,295
460,89
461,88
461,89
817,443
817,444
818,444
642,103
642,104
643,103
352,715
353,714
353,715
317,811
317,812
318,811
958,968
959,968
959,969
646,218
646,219
647,219
335,941
335,942
336,942
586,334
586,335
587,335
950,346
951,346
951,347
983,482
983,483
984,483
729,233
730,233
730,234
954,250
954,251
955,250
368,247
368,248
369,248
610,223
611,222
611,223
458,419
459,419
459,420
909,691
909,692
910,692
776,949
777,949
777,950
792,584
792,585
793,584
535,721
535,722
536,721
881,319
882,319
882,320
672,97
673,96
673,97
466,596
466,597
467,597
615,495
615,496
616,496
141,721
141,722
142,721
704,169
704,170
705,169
212,827
213,827
213,828
715,808
715,809
716,809
733,472
734,472
734,473
995,1007
996,1007
996,1008
962,1020
962,1021
963,1020
407,409
408,409
408,410
209,991
210,990
210,991
350,927
350,928
351,928
353,950
354,950
354,951
584,1018
584,1019
585,1019
538,113
538,114
539,113
404,582
404,583
405,582
594,1001
594,1002
595,1001
516,626
516,627
517,627
549,783
550,782
550,783
234,787
234,788
235,788
352,797
353,797
353,798
871,513
872,512
872,513
288,638
289,638
289,639
776,963
776,964
777,964
741,899
741,900
742,899
892,994
892,995
893,995
292,93
292,94
293,94
710,410
711,409
711,410
364,806
364,807
365,806
64,1014
65,1014
65,1015
325,1006
325,1007
326,1006
912,131
912,132
913,131
850,820
851,820
851,821
972,820
973,820
973,821
287,28
287,29
288,29
300,274
301,274
301,275
451,423
451,424
452,424
698,739
699,738
699,739
336,934
336,935
337,934
763,715
764,714
764,715
639,621
639,622
640,622
108,789
109,788
109,789
747,330
747,331
748,331
627,139
627,140
628,139
476,864
477,864
477,865
945,815
946,814
946,815
361,27
362,26
362,27
283,959
283,960
284,959
986,954
986,955
987,954
681,32
681,33
682,32
341,234
341,235
342,235
916,205
917,204
917,205
952,425
953,424
953,425
235,951
235,952
236,952
524,549
525,548
525,549
407,420
408,420
408,421
271,512
271,513
272,512
816,930
816,931
817,931
925,361
925,362
926,362
396,200
397,200
397,201
500,82
500,83
501,83
344,908
345,907
345,908
565,133
566,132
566,133
451,657
451,658
452,657
586,168
586,169
587,169
727,832
728,832
728,833
446,171
446,172
447,171
541,136
542,136
542,137
468,587
469,587
469,588
2,591
2,592
3,592
71,576
71,577
72,576
541,177
542,176
542,177
920,318
920,319
921,319
731,95
731,96
732,95
749,833
750,832
750,833
602,939
602,940
603,939
860,493
861,492
861,493
361,927
361,928
362,927
662,471
662,472
663,471
773,332
774,332
774,333
485,431
486,430
486,431
494,485
495,485
495,486
400,854
401,853
401,854
1001,3
1001,4
1002,3
895,590
895,591
896,590
415,275
415,276
416,276
615,55
616,55
616,56
378,26
378,27
379,27
386,432
387,431
387,432
404,448
405,447
405,448
801,419
801,420
802,420
96,931
97,931
97,932
223,569
223,570
224,569
817,830
817,831
818,830
826,381
827,380
827,381
847,710
847,711
848,711
126,905
126,906
127,905
698,470
698,471
699,470
919,136
919,137
920,137
422,712
423,712
423,713
392,204
392,205
393,205
8,983
8,984
9,984
193,795
194,795
194,796
1007,181
1008,181
1008,182
124,827
124,828
125,828
937,982
937,983
938,983
791,389
791,390
792,390
264,383
264,384
265,383
32,969
33,969
33,970
591,11
591,12
592,11
572,630
573,630
573,631
161,884
161,885
162,885
981,949
982,948
982,949
429,553
429,554
430,553
480,569
480,570
481,570
238,969
239,969
239,970
596,86
596,87
597,86
240,774
240,775
241,775
898,429
899,428
899,429
955,425
955,426
956,425
259,778
259,779
260,778
166,634
167,634
167,635
372,602
372,603
373,603
249,747
249,748
250,747
584,159
585,158
585,159
57,747
57,748
58,748
207,921
207,922
208,922
479,507
480,507
480,508
875,910
875,911
876,911
225,932
225,933
226,933
314,29
314,30
315,29
1002,46
1003,45
1003,46
260,786
261,785
261,786
928,866
928,867
929,866
518,319
518,320
519,320
315,73
316,73
316,74
747,23
748,22
748,23
36,596
36,597
37,596
241,661
242,660
242,661
361,761
362,761
362,762
945,848
945,849
946,849
833,550
833,551
834,550
990,837
991,837
991,838
519,217
520,217
520,218
681,979
682,978
682,979
957,105
957,106
958,106
273,82
274,81
274,82
917,626
918,625
918,626
490,110
491,110
491,111
631,587
631,588
632,587
905,843
906,842
906,843
416,475
417,475
417,476
580,994
581,993
581,994
631,118
631,119
632,119
400,744
401,743
401,744
993,831
993,832
994,831
411,872
412,871
412,872
837,227
837,228
838,227
364,996
364,997
365,996
544,154
544,155
545,155
887,377
887,378
888,377
359,246
359,247
360,247
163,922
163,923
164,922
643,96
643,97
644,96
18,269
18,270
19,270
387,471
388,471
388,472
366,885
367,884
367,885
1011,956
1011,957
1012,957
519,845
519,846
520,845
665,214
665,215
666,215
375,88
375,89
376,89
28,734
29,734
29,735
914,360
914,361
915,360
61,939
61,940
62,939
334,395
335,394
335,395
478,427
478,428
479,428
336,954
336,955
337,954
648,543
648,544
649,544
315,472
316,471
316,472
275,602
275,603
276,603
922,780
923,780
923,781
379,270
379,271
380,270
458,872
458,873
459,873
346,392
346,393
347,393
655,514
655,515
656,514
870,912
871,911
871,912
173,918
174,917
174,918
614,969
615,968
615,969
263,387
264,387
264,388
842,840
842,841
843,841
646,516
647,515
647,516
674,832
675,832
675,833
878,500
878,501
879,500
897,378
897,379
898,379
703,483
704,482
704,483
443,612
443,613
444,613
285,928
286,927
286,928
522,643
523,643
523,644
293,373
293,374
294,374
284,120
285,120
285,121
372,882
372,883
373,883
556,217
557,216
557,217
675,582
675,583
676,582
405,744
406,743
406,744
603,857
604,857
604,858
766,781
766,782
767,781
689,984
689,985
690,984
121,817
122,816
122,817
523,122
524,121
524,122
461,508
461,509
462,509
854,352
854,353
855,353
117,958
117,959
118,958
677,968
678,968
678,969
359,641
360,640
360,641
688,967
689,967
689,968
447,16
447,17
448,16
506,620
507,620
507,621
842,723
842,724
843,723
54,748
55,748
55,749
510,130
510,131
511,131
560,893
561,892
561,893
1015,132
1015,133
1016,132
548,181
548,182
549,181
296,662
296,663
297,663
197,922
197,923
198,923
162,663
163,662
163,663
550,109
551,109
551,110
985,35
986,35
986,36
356,368
357,368
357,369
258,818
258,819
259,818
870,13
870,14
871,14
770,784
770,785
771,785
169,895
169,896
170,895
353,608
354,607
354,608
963,38
964,37
964,38
789,666
790,666
790,667
490,43
491,42
491,43
389,712
390,712
390,713
416,157
416,158
417,157
851,775
852,774
852,775
429,603
429,604
430,603
741,26
742,26
742,27
625,577
626,576
626,577
31,987
31,988
32,988
125,956
125,957
126,956
446,438
446,439
447,438
430,370
431,369
431,370
429,695
429,696
430,695
619,349
619,350
620,349
308,600
309,599
309,600
614,945
614,946
615,946
51,981
51,982
52,981
838,1012
839,1011
839,1012
618,4
619,3
619,4
215,919
216,919
216,920
395,341
395,342
396,342
677,520
678,520
678,521
592,940
592,941
593,941
194,838
195,838
195,839
544,550
545,550
545,551
666,528
666,529
667,528
928,735
928,736
929,736
1001,1002
1001,1003
1002,1003
938,37
938,38
939,37
385,932
386,932
386,933
497,697
497,698
498,698
861,551
861,552
862,552
918,961
919,961
919,962
474,420
474,421
475,420
461,888
461,889
462,888
700,959
700,960
701,959
17,263
17,264
18,264
853,719
854,718
854,719
474,609
475,608
475,609
404,69
404,70
405,70
357,816
358,816
358,817
201,731
202,730
202,731
898,851
899,850
899,851
515,808
516,808
516,809
948,792
948,793
949,793
609,654
609,655
610,654
412,354
412,355
413,354
1006,418
1007,418
1007,419
987,920
987,921
988,920
670,696
670,697
671,696
129,790
130,790
130,791
850,912
850,913
851,913
871,431
872,431
872,432
764,23
764,24
765,24
166,797
166,798
167,797
296,635
297,634
297,635
834,769
834,770
835,769
694,582
694,583
695,582
836,775
837,775
837,776
980,577
980,578
981,577
261,295
262,295
262,296
47,978
47,979
48,979
315,128
315,129
316,128
585,305
585,306
586,305
746,841
746,842
747,841
671,166
672,166
672,167
944,606
944,607
945,607
1020,1019
1020,1020
1021,1020
846,191
846,192
847,191
922,682
923,682
923,683
555,299
556,298
556,299
908,698
908,699
909,699
397,724
397,725
398,724
645,348
646,347
646,348
983,17
984,16
984,17
522,314
523,314
523,315
867,804
868,804
868,805
487,529
488,528
488,529
568,266
568,267
569,267
399,226
399,227
400,226
267,761
267,762
268,762
839,367
840,366
840,367
900,89
900,90
901,89
621,819
622,818
622,819
652,302
652,303
653,302
374,332
375,332
375,333
723,341
723,342
724,342
832,890
832,891
833,890
923,630
924,630
924,631
289,630
290,629
290,630
1010,1013
1011,1013
1011,1014
927,70
928,69
928,70
601,723
602,722
602,723
633,454
633,455
634,454
279,871
280,871
280,872
435,455
436,454
436,455
315,319
316,318
316,319
827,580
828,580
828,581
882,859
883,858
883,859
661,128
662,127
662,128
904,903
904,904
905,903
277,816
278,816
278,817
314,979
314,980
315,980
94,292
94,293
95,293
776,332
776,333
777,333
297,726
297,727
298,727
477,648
477,649
478,649
529,810
530,809
530,810
767,497
767,498
768,497
77,760
78,760
78,761
344,202
344,203
345,202
689,797
689,798
690,797
533,335
534,335
534,336
267,330
267,331
268,331
705,544
705,545
706,545
1020,271
1020,272
1021,271
102,820
102,821
103,820
527,1005
527,1006
528,1006
717,542
717,543
718,542
314,276
315,276
315,277
947,267
947,268
948,268
255,875
256,874
256,875
843,201
844,200
844,201
485,136
485,137
486,137
700,741
700,742
701,742
447,477
447,478
448,477
390,916
390,917
391,917
122,945
123,945
123,946
429,628
429,629
430,629
536,610
536,611
537,611
644,681
644,682
645,682
762,581
763,581
763,582
303,913
304,912
304,913
390,872
391,871
391,872
718,814
719,813
719,814
958,45
959,44
959,45
531,685
532,685
532,686
374,80
374,81
375,80
913,575
913,576
914,576
314,943
315,942
315,943
277,570
278,570
278,571
799,661
799,662
800,662
986,105
987,105
987,106
420,640
420,641
421,641
192,1003
192,1004
193,1003
533,111
533,112
534,112
1015,63
1016,62
1016,63
275,617
275,618
276,618
431,540
432,540
432,541
117,818
117,819
118,819
606,692
606,693
607,692
691,132
692,131
692,132
419,872
420,871
420,872
872,401
873,400
873,401
361,378
361,379
362,378
915,505
915,506
916,506
312,90
312,91
313,90
130,768
130,769
131,768
950,863
951,862
951,863
810,101
810,102
811,101
947,783
948,783
948,784
767,771
768,771
768,772
519,729
520,728
520,729
846,621
846,622
847,622
273,956
274,956
274,957
640,260
641,259
641,260
334,871
334,872
335,872
34,929
34,930
35,929
523,675
524,674
524,675
210,967
210,968
211,967
486,485
487,484
487,485
421,151
421,152
422,152
174,819
175,818
175,819
871,241
871,242
872,241
932,885
932,886
933,885
594,130
594,131
595,131
828,771
828,772
829,771
334,391
335,391
335,392
393,480
394,480
394,481
677,398
677,399
678,399
606,640
606,641
607,641
949,844
950,844
950,845
697,688
698,687
698,688
936,906
937,905
937,906
181,834
181,835
182,835
781,894
781,895
782,894
668,273
668,274
669,274
194,804
194,805
195,805
798,109
799,108
799,109
960,910
961,909
961,910
129,780
129,781
130,780
775,578
775,579
776,578
624,445
624,446
625,446
769,376
769,377
770,376
767,485
768,485
768,486
361,82
362,81
362,82
43,847
43,848
44,847
750,95
751,95
751,96
523,835
523,836
524,835
526,465
526,466
527,466
928,143
928,144
929,143
215,861
216,861
216,862
737,274
737,275
738,274
742,43
743,42
743,43
571,259
572,259
572,260
980,230
980,231
981,231
110,785
110,786
111,785
822,518
822,519
823,519
552,913
552,914
553,913
616,623
617,623
617,624
731,331
732,331
732,332
758,178
758,179
759,179
407,123
407,124
408,124
741,926
741,927
742,926
557,6
558,6
558,7
377,244
377,245
378,244
686,240
686,241
687,240
208,861
209,860
209,861
513,150
513,151
514,151
622,212
622,213
623,212
828,181
829,181
829,182
326,766
326,767
327,766
864,658
865,658
865,659
254,801
255,801
255,802
708,243
709,242
709,243
525,1010
525,1011
526,1010
644,798
644,799
645,798
560,172
560,173
561,173
1012,576
1013,576
1013,577
10,285
11,285
11,286
119,814
119,815
120,814
254,919
254,920
255,920
404,627
404,628
405,628
594,754
595,753
595,754
604,917
604,918
605,917
284,58
284,59
285,58
977,685
977,686
978,686
871,349
872,349
872,350
155,623
156,622
156,623
710,903
710,904
711,904
281,161
281,162
282,162
265,802
265,803
266,802
341,907
342,906
342,907
426,204
427,204
427,205
695,570
696,569
696,570
59,955
60,954
60,955
870,795
870,796
871,796
358,892
359,891
359,892
528,1009
529,1009
529,1010
451,75
452,74
452,75
334,412
334,413
335,412
283,984
284,984
284,985
808,740
808,741
809,741
651,184
651,185
652,185
444,864
444,865
445,865
354,916
355,915
355,916
731,368
732,367
732,368
689,574
689,575
690,575
849,354
850,353
850,354
972,278
972,279
973,278
1020,731
1020,732
1021,731
789,379
789,380
790,380
634,251
634,252
635,252
293,928
293,929
294,928
993,108
994,107
994,108
530,64
530,65
531,65
205,958
206,958
206,959
377,356
378,355
378,356
159,800
159,801
160,800
284,102
285,102
285,103
976,230
977,230
977,231
537,764
538,763
538,764
311,303
312,302
312,303
257,790
258,790
258,791
671,511
671,512
672,511
128,734
128,735
129,735
315,909
316,908
316,909
67,1018
67,1019
68,1019
633,352
633,353
634,352
295,261
295,262
296,262
372,605
372,606
373,605
581,134
582,133
582,134
732,7
732,8
733,7
671,291
672,290
672,291
163,889
164,888
164,889
680,430
680,431
681,431
413,590
413,591
414,590
374,653
374,654
375,653
468,580
469,580
469,581
218,937
219,937
219,938
936,370
937,370
937,371
287,837
288,837
288,838
968,368
969,368
969,369
1021,464
1022,464
1022,465
123,803
124,803
124,804
366,775
366,776
367,776
503,965
504,964
504,965
402,158
403,157
403,158
516,1020
517,1019
517,1020
83,920
84,919
84,920
508,680
508,681
509,680
723,315
724,314
724,315
688,581
689,580
689,581
314,953
315,952
315,953
541,763
541,764
542,764
951,52
951,53
952,53
441,606
441,607
442,607
451,426
451,427
452,426
768,415
768,416
769,415
355,899
356,899
356,900
182,857
182,858
183,857
1003,296
1004,295
1004,296
417,905
417,906
418,905
365,812
365,813
366,813
398,641
399,640
399,641
851,635
852,635
852,636
295,545
295,546
296,546
473,482
474,482
474,483
716,66
716,67
717,66
379,642
380,641
380,642
451,163
451,164
452,163
287,540
287,541
288,540
702,20
703,19
703,20
278,921
278,922
279,921
823,1020
824,1020
824,1021
372,240
373,240
373,241
637,630
637,631
638,630
105,915
106,914
106,915
964,56
965,56
965,57
787,452
787,453
788,452
532,104
532,105
533,104
403,915
403,916
404,915
411,660
412,659
412,660
990,688
991,687
991,688
734,963
735,962
735,963
602,628
603,628
603,629
897,911
898,911
898,912
965,42
965,43
966,43
375,380
376,380
376,381
705,241
705,242
706,241
298,811
299,811
299,812
827,648
828,647
828,648
622,765
622,766
623,765
590,481
591,480
591,481
374,956
375,956
375,957
166,264
167,264
167,265
693,604
694,604
694,605
537,169
538,169
538,170
356,22
356,23
357,23
697,684
698,684
698,685
328,755
329,755
329,756
920,206
920,207
921,206
123,811
124,810
124,811
586,317
587,316
587,317
984,96
985,96
985,97
604,496
604,497
605,496
928,317
929,316
929,317
315,468
316,468
316,469
324,999
324,1000
325,1000
574,158
575,158
575,159
213,909
214,908
214,909
263,301
264,301
264,302
511,301
512,301
512,302
614,1023
615,1023
615,1024
922,395
923,394
923,395
908,71
908,72
909,71
686,422
687,421
687,422
155,997
156,997
156,998
299,266
299,267
300,267
807,159
807,160
808,160
200,858
201,857
201,858
908,1002
909,1001
909,1002
578,1009
578,1010
579,1010
222,885
223,884
223,885
226,618
226,619
227,618
391,172
391,173
392,173
159,998
160,997
160,998
513,723
514,723
514,724
93,804
94,804
94,805
274,410
275,409
275,410
810,16
810,17
811,16
197,985
197,986
198,985
746,571
746,572
747,572
945,65
945,66
946,66
458,531
458,532
459,532
327,63
327,64
328,64
948,815
948,816
949,815
681,951
681,952
682,951
991,883
992,883
992,884
417,243
417,244
418,243
751,911
751,912
752,911
284,266
285,265
285,266
301,373
301,374
302,373
320,304
320,305
321,305
482,161
482,162
483,161
262,263
262,264
263,263
555,555
555,556
556,556
829,790
829,791
830,791
280,956
280,957
281,957
700,134
701,133
701,134
494,92
494,93
495,92
545,757
546,756
546,757
541,801
542,800
542,801
196,783
196,784
197,783
218,819
219,818
219,819
486,922
487,922
487,923
643,665
643,666
644,666
586,121
587,120
587,121
685,398
685,399
686,398
341,190
342,189
342,190
129,936
130,935
130,936
1018,288
1019,288
1019,289
761,399
761,400
762,399
802,303
803,303
803,304
44,276
44,277
45,276
137,868
137,869
138,869
652,222
652,223
653,222
773,713
773,714
774,714
955,337
956,336
956,337
810,872
811,871
811,872
49,959
49,960
50,959
595,45
595,46
596,45
622,106
623,106
623,107
1012,293
1012,294
1013,294
697,526
697,527
698,526
600,229
601,229
601,230
882,913
883,912
883,913
367,712
367,713
368,712
725,283
726,283
726,284
366,42
367,41
367,42
359,987
360,987
360,988
523,172
524,172
524,173
421,99
422,98
422,99
355,751
355,752
356,752
404,464
404,465
405,465
645,428
645,429
646,429
775,340
775,341
776,341
499,133
500,133
500,134
696,630
696,631
697,630
867,561
867,562
868,562
680,289
680,290
681,289
588,136
589,135
589,136
498,566
499,565
499,566
498,712
498,713
499,713
733,748
733,749
734,749
274,346
275,346
275,347
741,838
741,839
742,838
596,934
597,933
597,934
991,903
992,903
992,904
324,92
325,91
325,92
583,281
583,282
584,282
345,602
346,602
346,603
733,385
734,384
734,385
420,586
420,587
421,587
645,62
646,61
646,62
749,398
750,398
750,399
919,62
920,61
920,62
181,885
182,884
182,885
546,983
546,984
547,983
78,835
78,836
79,835
779,181
780,181
780,182
413,238
414,238
414,239
275,812
275,813
276,812
377,863
378,863
378,864
816,688
817,688
817,689
97,957
97,958
98,957
141,765
141,766
142,765
592,857
592,858
593,858
939,584
939,585
940,584
939,905
940,904
940,905
769,73
769,74
770,74
992,897
992,898
993,897
1012,391
1013,390
1013,391
645,754
646,754
646,755
98,868
99,868
99,869
376,1009
377,1008
377,1009
739,883
740,883
740,884
992,990
993,990
993,991
793,848
794,847
794,848
361,231
362,231
362,232
957,896
958,896
958,897
632,979
632,980
633,980
827,256
828,256
828,257
944,269
945,268
945,269
647,783
648,782
648,783
700,657
701,657
701,658
540,893
540,894
541,894
739,559
740,559
740,560
406,640
407,640
407,641
47,278
47,279
48,279
758,918
758,919
759,919
643,452
643,453
644,452
814,727
814,728
815,727
362,870
362,871
363,870
558,277
559,277
559,278
971,809
972,809
972,810
691,472
691,473
692,472
569,630
570,629
570,630
836,183
837,183
837,184
496,783
496,784
497,783
831,703
832,702
832,703
924,475
925,474
925,475
820,288
820,289
821,289
194,825
195,824
195,825
512,596
512,597
513,596
725,365
725,366
726,365
118,778
118,779
119,779
505,508
506,507
506,508
368,801
369,800
369,801
561,77
562,76
562,77
405,513
406,512
406,513
460,715
460,716
461,715
647,215
648,215
648,216
655,537
655,538
656,537
723,319
724,318
724,319
629,708
629,709
630,708
749,878
749,879
750,878
354,280
355,279
355,280
384,275
385,275
385,276
60,904
60,905
61,905
399,291
399,292
400,291
620,289
620,290
621,289
690,598
691,597
691,598
644,820
645,820
645,821
917,940
918,940
918,941
703,310
703,311
704,310
376,584
376,585
377,585
90,794
91,794
91,795
475,577
475,578
476,578
820,647
820,648
821,647
815,665
816,665
816,666
262,54
262,55
263,54
294,667
294,668
295,668
200,903
200,904
201,903
638,530
639,529
639,530
873,318
873,319
874,319
636,645
637,644
637,645
786,835
787,834
787,835
395,846
395,847
396,846
908,854
908,855
909,854
532,643
533,642
533,643
608,390
609,389
609,390
1003,597
1003,598
1004,598
126,999
126,1000
127,999
296,391
296,392
297,391
883,336
883,337
884,337
326,789
326,790
327,789
315,862
316,862
316,863
224,881
224,882
225,881
298,98
299,97
299,98
512,241
512,242
513,241
304,336
305,335
305,336
362,650
363,649
363,650
350,878
350,879
351,879
201,1003
201,1004
202,1004
327,52
328,51
328,52
980,594
980,595
981,594
215,625
216,625
216,626
973,5
973,6
974,5
404,634
405,633
405,634
61,998
62,998
62,999
23,965
23,966
24,965
751,785
752,784
752,785
966,864
967,863
967,864
758,388
758,389
759,389
328,912
329,912
329,913
701,369
702,368
702,369
335,259
336,259
336,260
976,882
976,883
977,883
860,334
860,335
861,335
965,936
965,937
966,937
138,871
138,872
139,871
918,162
918,163
919,162
858,583
859,583
859,584
1014,288
1015,287
1015,288
755,179
756,178
756,179
349,544
349,545
350,545
368,786
369,785
369,786
350,616
351,615
351,616
947,318
948,317
948,318
624,615
624,616
625,615
468,569
468,570
469,569
451,918
451,919
452,919
733,805
733,806
734,806
386,628
387,627
387,628
858,89
859,89
859,90
255,926
255,927
256,926
464,615
465,615
465,616
988,672
988,673
989,673
778,389
779,389
779,390
201,937
201,938
202,938
742,875
742,876
743,875
924,685
925,684
925,685
794,560
795,560
795,561
572,112
572,113
573,113
1018,292
1019,291
1019,292
620,753
621,752
621,753
854,581
855,580
855,581
898,966
899,965
899,966
109,888
109,889
110,888
647,118
648,118
648,119
756,844
757,844
757,845
536,154
536,155
537,155
879,546
879,547
880,547
396,452
396,453
397,452
611,181
612,180
612,181
137,901
138,900
138,901
394,424
395,424
395,425
941,943
941,944
942,943
350,738
350,739
351,738
945,93
945,94
946,94
869,777
869,778
870,777
402,248
402,249
403,248
408,869
409,868
409,869
630,443
630,444
631,444
633,700
633,701
634,701
743,873
744,872
744,873
710,736
711,736
711,737
867,624
868,624
868,625
644,749
645,749
645,750
478,896
479,896
479,897
327,109
327,110
328,109
293,571
294,570
294,571
340,811
341,811
341,812
650,670
651,669
651,670
834,538
835,537
835,538
669,1001
669,1002
670,1002
858,866
858,867
859,867
553,773
553,774
554,773
624,133
624,134
625,133
929,375
929,376
930,376
595,320
595,321
596,321
292,580
293,579
293,580
361,44
362,44
362,45
734,740
734,741
735,740
691,432
691,433
692,433
935,339
936,339
936,340
527,121
527,122
528,121
111,885
111,886
112,886
267,48
268,48
268,49
958,165
958,166
959,166
967,252
968,252
968,253
167,611
167,612
168,611
315,938
315,939
316,938
941,575
941,576
942,576
393,386
393,387
394,386
561,842
562,842
562,843
662,60
663,60
663,61
622,737
623,737
623,738
288,674
288,675
289,675
665,997
665,998
666,998
639,663
639,664
640,663
342,930
343,930
343,931
413,834
414,833
414,834
147,905
148,905
148,906
276,290
277,289
277,290
319,88
319,89
320,88
387,421
388,421
388,422
514,594
515,593
515,594
347,42
347,43
348,42
675,771
676,770
676,771
760,264
761,264
761,265
351,358
351,359
352,358
702,9
703,8
703,9
460,521
461,520
461,521
874,94
874,95
875,95
945,844
946,844
946,845
457,981
458,980
458,981
952,945
952,946
953,946
366,757
367,757
367,758
739,585
740,585
740,586
602,1009
602,1010
603,1010
460,142
460,143
461,143
756,715
756,716
757,716
1008,240
1009,239
1009,240
886,49
887,49
887,50
1019,726
1020,726
1020,727
665,649
666,648
666,649
293,949
294,949
294,950
864,716
865,715
865,716
593,211
593,212
594,212
990,833
990,834
991,833
538,963
538,964
539,964
684,15
684,16
685,15
827,892
828,892
828,893
176,583
177,582
177,583
598,782
599,782
599,783
575,168
575,169
576,168
607,254
608,254
608,255
262,568
262,569
263,568
381,932
381,933
382,932
397,183
398,183
398,184
796,370
796,371
797,371
338,766
339,765
339,766
842,647
842,648
843,647
699,321
699,322
700,322
661,407
661,408
662,408
873,756
873,757
874,757
668,524
669,524
669,525
648,167
648,168
649,167
410,628
411,627
411,628
335,512
336,512
336,513
648,589
649,589
649,590
343,177
344,177
344,178
417,885
418,885
418,886
733,496
733,497
734,496
575,366
576,366
576,367
277,1006
277,1007
278,1007
410,742
411,741
411,742
673,16
674,15
674,16
475,519
476,519
476,520
293,982
294,982
294,983
702,512
703,511
703,512
589,356
589,357
590,356
254,991
254,992
255,992
678,443
678,444
679,443
990,996
991,995
991,996
645,510
645,511
646,511
501,909
501,910
502,910
46,778
47,778
47,779
280,811
280,812
281,811
406,478
406,479
407,479
560,69
561,69
561,70
877,840
877,841
878,840
935,38
935,39
936,39
909,344
909,345
910,344
788,218
788,219
789,218
622,137
622,138
623,138
343,836
343,837
344,837
886,591
887,591
887,592
47,826
47,827
48,827
704,743
704,744
705,743
994,288
994,289
995,288
610,127
611,127
611,128
725,629
725,630
726,629
790,897
790,898
791,898
342,898
343,898
343,899
696,851
696,852
697,851
963,542
964,541
964,542
877,1003
878,1003
878,1004
816,219
816,220
817,220
357,833
358,833
358,834
287,32
287,33
288,32
650,457
651,457
651,458
222,775
222,776
223,776
898,844
898,845
899,845
774,7
775,7
775,8
931,1023
932,1023
932,1024
928,411
928,412
929,411
219,602
219,603
220,602
957,960
958,959
958,960
219,898
220,898
220,899
1017,85
1017,86
1018,85
578,880
579,879
579,880
407,848
408,847
408,848
782,830
782,831
783,831
625,172
626,171
626,172
476,619
476,620
477,620
365,985
365,986
366,985
605,744
606,743
606,744
356,44
357,43
357,44
364,794
365,794
365,795
366,453
367,453
367,454
764,284
765,284
765,285
346,1008
347,1008
347,1009
491,679
491,680
492,679
915,994
916,994
916,995
1023,747
1024,747
1024,748
769,975
769,976
770,976
34,772
34,773
35,772
566,799
567,798
567,799
13,288
13,289
14,289
272,13
273,12
273,13
540,928
541,927
541,928
332,759
333,759
333,760
659,682
659,683
660,683
117,954
118,953
118,954
316,55
317,54
317,55
855,712
856,711
856,712
697,153
697,154
698,153
953,141
953,142
954,141
445,876
446,875
446,876
152,944
153,944
153,945
340,607
340,608
341,608
714,512
714,513
715,512
176,897
177,897
177,898
584,104
584,105
585,105
832,836
833,836
833,837
984,205
985,205
985,206
253,871
254,871
254,872
787,757
788,756
788,757
516,8
517,7
517,8
537,685
537,686
538,686
877,228
878,228
878,229
882,823
882,824
883,823
834,191
834,192
835,192
447,414
447,415
448,415
513,192
513,193
514,192
821,905
822,905
822,906
506,552
506,553
507,553
842,162
842,163
843,163
757,285
758,284
758,285
910,359
910,360
911,359
259,393
260,392
260,393
851,555
852,554
852,555
599,647
599,648
600,648
212,758
212,759
213,758
929,961
929,962
930,962
248,740
248,741
249,741
365,928
366,927
366,928
631,750
631,751
632,750
709,844
709,845
710,845
298,670
298,671
299,670
304,356
305,356
305,357
507,503
507,504
508,504
609,11
609,12
610,12
389,865
389,866
390,865
864,392
865,391
865,392
148,917
149,917
149,918
123,832
123,833
124,833
811,555
812,554
812,555
384,618
385,618
385,619
882,793
883,792
883,793
655,423
655,424
656,423
917,10
917,11
918,11
603,383
604,382
604,383
602,943
602,944
603,944
700,380
700,381
701,381
172,833
172,834
173,833
979,2
980,1
980,2
564,67
565,67
565,68
697,781
698,780
698,781
315,799
315,800
316,800
308,19
309,18
309,19
823,790
823,791
824,790
158,911
158,912
159,912
223,841
223,842
224,841
162,710
162,711
163,710
185,916
186,916
186,917
267,18
268,17
268,18
958,8
959,8
959,9
726,232
727,231
727,232
5,735
6,735
6,736
232,727
232,728
233,728
597,186
598,186
598,187
312,368
313,368
313,369
464,593
464,594
465,593
709,170
710,169
710,170
318,591
319,590
319,591
1017,8
1018,7
1018,8
983,1013
984,1012
984,1013
248,980
248,981
249,981
772,380
773,380
773,381
215,818
216,818
216,819
450,880
451,879
451,880
387,847
387,848
388,848
325,984
326,984
326,985
335,77
335,78
336,78
624,670
624,671
625,670
266,706
266,707
267,706
619,359
620,358
620,359
595,91
595,92
596,92
975,95
976,94
976,95
382,91
383,90
383,91
514,519
515,518
515,519
607,330
608,329
608,330
570,933
570,934
571,933
149,557
149,558
150,558
787,951
787,952
788,951
813,725
814,724
814,725
982,293
983,293
983,294
517,599
518,598
518,599
123,851
123,852
124,851
296,472
297,471
297,472
530,133
530,134
531,133
33,936
33,937
34,936
822,328
823,327
823,328
1020,8
1021,8
1021,9
66,571
66,572
67,571
270,825
270,826
271,825
451,486
452,485
452,486
799,554
799,555
800,554
791,977
791,978
792,978
204,964
204,965
205,965
334,865
335,864
335,865
435,375
436,375
436,376
433,519
433,520
434,519
563,657
563,658
564,658
728,291
729,290
729,291
462,247
463,246
463,247
776,510
777,509
777,510
943,304
944,304
944,305
918,237
919,237
919,238
377,808
377,809
378,808
600,1023
600,1024
601,1023
348,888
348,889
349,889
892,403
892,404
893,403
881,603
882,603
882,604
722,967
722,968
723,968
251,686
252,685
252,686
986,450
987,450
987,451
275,422
276,421
276,422
373,709
373,710
374,709
624,665
625,664
625,665
946,164
947,163
947,164
385,231
385,232
386,231
768,518
768,519
769,518
794,867
795,866
795,867
283,362
284,362
284,363
384,598
385,598
385,599
866,540
867,539
867,540
603,880
603,881
604,880
630,152
630,153
631,153
117,790
117,791
118,791
861,904
861,905
862,904
463,69
463,70
464,69
550,614
551,614
551,615
170,919
171,918
171,919
862,203
863,202
863,203
101,297
102,296
102,297
479,948
480,947
480,948
750,377
750,378
751,378
887,1018
888,1018
888,1019
644,704
644,705
645,704
563,261
563,262
564,261
390,627
391,626
391,627
423,477
423,478
424,477
605,821
605,822
606,822
504,797
505,797
505,798
769,689
769,690
770,689
392,979
392,980
393,979
889,174
890,174
890,175
682,617
683,616
683,617
516,4
517,4
517,5
138,822
138,823
139,822
708,597
708,598
709,598
563,182
564,181
564,182
292,88
293,87
293,88
839,22
840,22
840,23
782,342
783,341
783,342
983,938
984,937
984,938
835,511
835,512
836,511
676,283
676,284
677,284
835,613
836,612
836,613
476,168
477,168
477,169
357,34
357,35
358,34
752,263
753,262
753,263
226,651
227,651
227,652
937,930
937,931
938,931
674,827
674,828
675,827
930,968
931,967
931,968
925,698
926,698
926,699
1007,11
1008,10
1008,11
705,949
706,948
706,949
399,295
399,296
400,296
572,120
572,121
573,120
927,683
927,684
928,684
688,280
688,281
689,281
17,1021
17,1022
18,1021
371,382
371,383
372,382
731,631
732,630
732,631
698,374
698,375
699,375
519,249
519,250
520,249
867,93
868,93
868,94
853,594
854,594
854,595
808,557
809,556
809,557
312,32
312,33
313,33
689,961
689,962
690,961
443,351
444,351
444,352
309,956
310,956
310,957
79,914
80,914
80,915
713,495
714,495
714,496
982,977
983,977
983,978
422,11
423,11
423,12
315,358
316,358
316,359
670,126
671,125
671,126
993,81
994,81
994,82
99,887
99,888
100,888
887,996
888,995
888,996
298,763
299,763
299,764
41,823
42,822
42,823
696,754
696,755
697,755
455,726
456,726
456,727
85,958
85,959
86,959
954,173
954,174
955,173
743,19
743,20
744,20
459,486
459,487
460,487
930,756
931,756
931,757
637,136
638,135
638,136
31,260
31,261
32,261
782,1022
783,1021
783,1022
524,744
524,745
525,745
709,687
709,688
710,687
308,357
309,356
309,357
479,247
480,246
480,247
569,810
569,811
570,811
609,259
610,259
610,260
1022,651
1022,652
1023,652
308,876
308,877
309,877
743,672
744,671
744,672
599,604
599,605
600,605
366,781
366,782
367,782
254,611
254,612
255,612
284,582
284,583
285,583
652,953
652,954
653,953
585,132
586,131
586,132
682,523
682,524
683,524
585,3
585,4
586,3
356,222
356,223
357,222
640,435
641,434
641,435
395,601
396,601
396,602
106,1012
106,1013
107,1013
607,594
607,595
608,594
779,869
779,870
780,870
723,167
724,166
724,167
218,848
219,848
219,849
820,202
820,203
821,203
984,774
985,774
985,775
22,963
23,962
23,963
309,611
310,610
310,611
550,123
550,124
551,124
364,878
364,879
365,879
857,392
858,392
858,393
35,259
35,260
36,260
852,638
852,639
853,638
452,870
453,870
453,871
632,168
632,169
633,169
389,289
390,289
390,290
425,606
425,607
426,607
348,594
349,593
349,594
21,286
22,285
22,286
877,772
878,771
878,772
621,162
621,163
622,162
23,987
24,987
24,988
905,351
905,352
906,351
715,718
715,719
716,718
41,837
41,838
42,838
624,223
625,223
625,224
987,462
987,463
988,462
854,365
854,366
855,365
188,930
188,931
189,931
265,370
266,370
266,371
861,775
861,776
862,775
596,113
596,114
597,114
831,617
831,618
832,617
939,752
939,753
940,752
811,913
812,913
812,914
426,241
427,241
427,242
154,832
154,833
155,832
615,937
615,938
616,937
886,578
886,579
887,579
952,335
953,335
953,336
303,548
304,548
304,549
464,509
465,508
465,509
709,261
710,261
710,262
683,302
683,303
684,303
277,896
278,895
278,896
527,888
527,889
528,888
381,17
382,16
382,17
390,480
391,479
391,480
497,300
498,300
498,301
495,595
495,596
496,595
109,946
110,945
110,946
616,621
617,620
617,621
406,21
407,20
407,21
784,144
784,145
785,145
223,799
223,800
224,799
507,482
507,483
508,482
203,952
203,953
204,952
452,1021
452,1022
453,1022
707,266
707,267
708,266
312,773
313,772
313,773
726,573
727,573
727,574
996,264
997,263
997,264
941,360
941,361
942,361
566,275
567,275
567,276
219,574
219,575
220,574
333,331
334,331
334,332
332,580
333,579
333,580
851,648
852,647
852,648
740,544
740,545
741,545
525,130
525,131
526,131
316,752
317,752
317,753
309,53
310,53
310,54
1014,572
1014,573
1015,573
939,344
939,345
940,345
640,244
640,245
641,245
556,693
557,693
557,694
380,877
381,877
381,878
962,144
963,143
963,144
609,252
610,251
610,252
698,331
698,332
699,332
529,549
529,550
530,549
394,863
394,864
395,863
774,589
774,590
775,589
670,573
670,574
671,574
579,102
580,102
580,103
468,103
468,104
469,103
618,795
618,796
619,796
280,859
281,858
281,859
927,694
927,695
928,695
542,890
543,890
543,891
733,979
733,980
734,980
740,906
741,905
741,906
994,65
995,65
995,66
156,594
157,593
157,594
473,523
473,524
474,523
370,836
371,835
371,836
674,459
675,458
675,459
998,44
998,45
999,45
677,393
677,394
678,394
884,932
885,932
885,933
352,735
352,736
353,736
315,475
315,476
316,476
324,535
325,534
325,535
94,586
94,587
95,586
157,902
158,902
158,903
402,933
403,933
403,934
34,943
35,942
35,943
695,742
695,743
696,743
355,455
355,456
356,456
270,295
270,296
271,296
1021,512
1021,513
1022,512
437,406
437,407
438,407
428,564
428,565
429,564
269,593
269,594
270,594
839,202
839,203
840,203
533,618
533,619
534,618
852,705
853,705
853,706
43,796
44,796
44,797
638,605
639,604
639,605
334,494
335,493
335,494
219,881
220,881
220,882
893,161
893,162
894,162
198,851
198,852
199,852
377,839
378,839
378,840
415,486
416,486
416,487
649,738
649,739
650,739
728,276
728,277
729,276
268,740
268,741
269,741
155,589
155,590
156,590
989,986
990,986
990,987
947,60
947,61
948,60
935,798
935,799
936,798
507,654
507,655
508,654
633,997
633,998
634,997
655,691
656,691
656,692
318,756
319,756
319,757
279,27
280,26
280,27
877,267
877,268
878,267
352,620
353,619
353,620
457,424
458,424
458,425
636,225
637,225
637,226
666,308
666,309
667,309
494,109
494,110
495,109
586,780
587,780
587,781
1012,327
1012,328
1013,328
802,95
802,96
803,96
533,174
533,175
534,174
635,670
635,671
636,671
682,474
682,475
683,474
828,407
828,408
829,408
684,356
684,357
685,357
344,230
344,231
345,230
667,922
668,921
668,922
961,634
961,635
962,635
467,716
467,717
468,717
814,88
815,87
815,88
985,749
985,750
986,750
993,684
994,684
994,685
628,130
628,131
629,131
961,319
962,319
962,320
227,843
227,844
228,844
133,275
134,275
134,276
459,512
460,512
460,513
660,619
661,619
661,620
137,909
138,909
138,910
779,26
779,27
780,27
199,864
200,864
200,865
786,447
786,448
787,447
308,308
309,307
309,308
707,780
708,780
708,781
184,668
184,669
185,669
564,933
565,933
565,934
223,930
223,931
224,930
204,612
205,612
205,613
245,268
245,269
246,268
872,780
873,780
873,781
509,923
509,924
510,924
380,694
380,695
381,695
359,657
359,658
360,657
690,777
690,778
691,778
713,782
713,783
714,783
134,860
134,861
135,860
553,1024
554,1023
554,1024
934,57
934,58
935,58
361,72
362,72
362,73
241,729
242,729
242,730
472,552
473,551
473,552
232,669
232,670
233,669
659,539
659,540
660,540
409,823
409,824
410,824
483,175
484,174
484,175
650,471
650,472
651,472
626,273
626,274
627,274
2,749
3,748
3,749
802,783
803,783
803,784
224,627
224,628
225,628
369,332
370,331
370,332
99,1001
99,1002
100,1001
101,809
102,809
102,810
737,709
737,710
738,710
400,545
401,545
401,546
516,69
517,69
517,70
568,826
568,827
569,827
469,462
469,463
470,463
959,649
960,649
960,650
361,278
361,279
362,279
738,132
739,132
739,133
115,1010
115,1011
116,1011
782,689
783,688
783,689
909,1018
910,1018
910,1019
554,241
554,242
555,241
562,995
562,996
563,995
667,719
668,718
668,719
162,588
163,587
163,588
1006,410
1006,411
1007,411
52,917
52,918
53,918
334,323
334,324
335,324
991,844
992,844
992,845
213,585
213,586
214,586
123,736
123,737
124,736
811,838
811,839
812,839
1011,556
1012,555
1012,556
300,506
300,507
301,507
748,931
748,932
749,932
606,225
607,224
607,225
295,311
295,312
296,312
703,800
704,800
704,801
941,161
941,162
942,161
201,590
202,589
202,590
340,261
340,262
341,262
849,756
849,757
850,757
910,277
910,278
911,277
714,537
715,537
715,538
652,590
653,589
653,590
298,412
299,412
299,413
490,564
490,565
491,564
585,834
585,835
586,834
364,602
365,601
365,602
368,724
368,725
369,725
726,131
726,132
727,131
544,598
545,598
545,599
609,230
609,231
610,231
280,206
280,207
281,207
651,977
651,978
652,977
421,738
421,739
422,739
149,577
149,578
150,577
430,711
430,712
431,711
927,494
927,495
928,494
561,67
562,66
562,67
416,304
416,305
417,304
572,170
573,170
573,171
848,1011
848,1012
849,1012
856,358
857,357
857,358
260,360
260,361
261,360
953,959
953,960
954,959
397,274
397,275
398,275
1009,30
1009,31
1010,31
59,735
59,736
60,736
379,609
379,610
380,609
722,245
722,246
723,245
555,114
556,114
556,115
737,749
737,750
738,750
701,102
701,103
702,103
704,588
704,589
705,589
485,153
486,152
486,153
632,192
633,191
633,192
913,357
913,358
914,358
114,848
115,847
115,848
279,50
280,50
280,51
552,843
552,844
553,843
437,872
437,873
438,872
192,799
193,798
193,799
873,797
873,798
874,797
686,134
687,133
687,134
432,531
433,531
433,532
465,564
466,563
466,564
666,16
666,17
667,17
415,137
416,136
416,137
628,816
628,817
629,817
408,236
409,236
409,237
167,783
167,784
168,784
267,77
267,78
268,78
890,76
891,76
891,77
341,199
341,200
342,199
748,276
748,277
749,277
947,894
947,895
948,894
648,98
649,97
649,98
431,606
432,606
432,607
483,629
483,630
484,630
815,819
815,820
816,819
505,92
505,93
506,93
292,73
292,74
293,73
916,604
916,605
917,604
436,19
437,19
437,20
262,332
263,332
263,333
329,165
329,166
330,166
288,615
289,614
289,615
980,265
981,264
981,265
593,259
593,260
594,260
690,397
690,398
691,397
396,230
396,231
397,231
127,864
128,863
128,864
390,234
391,233
391,234
381,628
382,627
382,628
75,922
75,923
76,923
36,278
37,278
37,279
266,813
267,813
267,814
992,865
993,865
993,866
980,280
981,279
981,280
156,930
156,931
157,930
794,97
795,97
795,98
637,706
638,706
638,707
891,159
891,160
892,159
944,242
945,241
945,242
436,409
436,410
437,409
985,94
986,93
986,94
571,893
571,894
572,893
583,671
584,671
584,672
219,830
220,829
220,830
84,736
84,737
85,736
565,357
565,358
566,358
983,967
984,967
984,968
300,848
301,848
301,849
812,322
813,322
813,323
526,700
527,699
527,700
522,490
522,491
523,490
746,835
746,836
747,836
380,987
381,987
381,988
402,291
403,291
403,292
853,523
853,524
854,523
474,406
474,407
475,407
669,213
669,214
670,214
714,772
714,773
715,772
215,826
215,827
216,827
549,811
550,811
550,812
6,585
6,586
7,586
291,866
291,867
292,867
295,240
295,241
296,241
786,393
786,394
787,393
648,303
649,303
649,304
583,885
583,886
584,885
451,21
452,21
452,22
976,678
977,678
977,679
37,927
38,926
38,927
109,843
110,842
110,843
364,313
365,313
365,314
794,905
794,906
795,905
459,631
460,630
460,631
721,750
721,751
722,750
933,136
934,136
934,137
728,1022
728,1023
729,1022
873,370
873,371
874,370
437,922
438,921
438,922
687,527
687,528
688,528
745,586
745,587
746,587
748,851
749,850
749,851
921,151
922,151
922,152
603,474
603,475
604,474
376,320
377,320
377,321
683,419
684,418
684,419
49,589
49,590
50,590
778,519
778,520
779,520
884,830
884,831
885,831
1001,713
1001,714
1002,714
591,255
591,256
592,256
944,866
945,866
945,867
699,633
700,632
700,633
975,294
976,294
976,295
139,889
139,890
140,890
26,762
27,762
27,763
392,814
393,814
393,815
610,55
610,56
611,56
672,686
672,687
673,686
480,474
480,475
481,474
840,576
841,575
841,576
620,653
620,654
621,654
510,298
510,299
511,299
853,606
854,606
854,607
422,696
423,696
423,697
136,738
137,738
137,739
527,649
527,650
528,650
362,282
363,281
363,282
834,258
835,257
835,258
284,855
284,856
285,855
114,1013
115,1013
115,1014
105,958
105,959
106,959
739,580
739,581
740,580
895,404
895,405
896,404
697,542
697,543
698,542
987,981
988,980
988,981
577,358
577,359
578,359
488,177
488,178
489,178
974,827
974,828
975,827
181,837
182,837
182,838
404,284
405,284
405,285
747,824
748,823
748,824
700,344
700,345
701,344
367,906
367,907
368,907
774,275
775,274
775,275
608,701
608,702
609,702
464,189
464,190
465,189
500,460
500,461
501,461
853,506
854,506
854,507
661,563
661,564
662,563
284,47
284,48
285,47
625,178
626,178
626,179
223,919
224,919
224,920
271,1008
271,1009
272,1009
460,566
460,567
461,566
852,904
852,905
853,905
776,894
777,894
777,895
638,689
639,689
639,690
687,812
688,812
688,813
957,373
958,372
958,373
1007,24
1008,24
1008,25
495,504
495,505
496,505
241,755
242,755
242,756
616,912
617,911
617,912
662,513
663,512
663,513
373,748
373,749
374,748
496,426
497,426
497,427
220,788
220,789
221,788
738,233
738,234
739,234
639,91
639,92
640,92
543,928
543,929
544,928
14,754
15,753
15,754
671,178
672,178
672,179
65,998
65,999
66,998
321,929
322,928
322,929
431,932
431,933
432,933
376,649
376,650
377,649
691,690
692,689
692,690
288,37
289,37
289,38
446,421
447,420
447,421
507,575
507,576
508,575
1012,311
1013,311
1013,312
305,172
305,173
306,173
726,334
726,335
727,335
393,353
394,353
394,354
715,432
716,431
716,432
272,555
273,554
273,555
947,762
947,763
948,762
448,888
448,889
449,888
356,386
357,386
357,387
375,374
375,375
376,374
619,48
619,49
620,48
784,314
784,315
785,315
273,613
273,614
274,614
939,933
939,934
940,933
783,860
783,861
784,860
295,705
296,704
296,705
993,187
993,188
994,187
145,559
146,558
146,559
830,929
830,930
831,929
732,570
733,569
733,570
723,229
724,229
724,230
815,265
815,266
816,265
645,643
646,642
646,643
628,723
629,722
629,723
946,1014
946,1015
947,1014
891,456
891,457
892,457
642,629
643,629
643,630
143,867
144,866
144,867
655,428
656,428
656,429
493,994
493,995
494,995
744,24
744,25
745,25
133,848
134,848
134,849
654,290
655,290
655,291
368,9
369,8
369,9
270,813
270,814
271,813
600,3
601,3
601,4
276,597
276,598
277,597
388,610
388,611
389,611
700,427
701,427
701,428
427,864
427,865
428,864
819,160
820,159
820,160
685,791
686,791
686,792
662,90
662,91
663,91
599,314
600,313
600,314
617,329
617,330
618,329
823,257
824,257
824,258
619,735
620,734
620,735
922,924
922,925
923,925
741,674
742,674
742,675
309,889
309,890
310,890
280,195
281,194
281,195
291,784
291,785
292,785
819,730
820,730
820,731
453,980
453,981
454,981
816,296
817,295
817,296
937,807
938,806
938,807
774,954
775,954
775,955
737,543
738,543
738,544
919,228
919,229
920,229
650,460
650,461
651,461
343,260
344,259
344,260
5,767
5,768
6,767
159,914
160,914
160,915
885,929
886,928
886,929
888,793
888,794
889,793
957,118
957,119
958,118
494,76
495,76
495,77
328,438
328,439
329,439
98,845
98,846
99,846
562,396
563,395
563,396
308,269
309,268
309,269
600,802
601,802
601,803
42,999
43,998
43,999
850,931
850,932
851,931
560,611
561,610
561,611
78,972
79,971
79,972
436,52
437,51
437,52
325,732
325,733
326,732
1022,311
1022,312
1023,312
565,51
565,52
566,51
935,960
935,961
936,961
375,232
376,232
376,233
973,284
973,285
974,284
405,596
406,596
406,597
860,242
861,241
861,242
300,1011
300,1012
301,1012
505,698
505,699
506,698
682,329
682,330
683,330
438,227
438,228
439,227
521,1020
522,1019
522,1020
991,858
991,859
992,858
813,559
814,558
814,559
857,786
857,787
858,786
739,312
740,312
740,313
420,293
420,294
421,293
430,867
430,868
431,868
918,895
919,894
919,895
717,798
717,799
718,799
687,43
688,43
688,44
495,695
495,696
496,695
599,674
600,674
600,675
629,767
629,768
630,768
465,24
465,25
466,24
865,630
866,630
866,631
931,196
932,195
932,196
433,353
434,352
434,353
961,588
962,588
962,589
486,1021
486,1022
487,1021
952,45
952,46
953,46
357,320
358,320
358,321
788,276
789,275
789,276
180,626
181,625
181,626
963,7
964,7
964,8
686,999
687,999
687,1000
392,396
393,395
393,396
1018,40
1018,41
1019,41
192,894
192,895
193,894
313,583
314,582
314,583
799,691
800,690
800,691
447,872
447,873
448,872
949,624
949,625
950,624
382,544
383,544
383,545
921,888
922,888
922,889
732,976
732,977
733,976
603,224
603,225
604,225
60,292
60,293
61,292
597,766
598,766
598,767
977,682
977,683
978,682
565,666
565,667
566,667
360,816
361,816
361,817
928,358
928,359
929,359
949,902
949,903
950,903
780,588
780,589
781,588
155,640
156,640
156,641
1006,749
1006,750
1007,750
658,398
659,397
659,398
555,999
556,998
556,999
626,684
627,683
627,684
926,433
926,434
927,433
470,132
470,133
471,132
358,286
359,286
359,287
689,667
689,668
690,668
777,545
777,546
778,546
626,677
626,678
627,677
460,84
460,85
461,84
133,843
134,843
134,844
890,167
890,168
891,168
586,931
587,930
587,931
681,962
682,961
682,962
866,153
867,153
867,154
566,508
566,509
567,509
400,739
400,740
401,740
463,242
464,241
464,242
710,935
711,935
711,936
721,972
722,971
722,972
684,926
684,927
685,927
956,247
956,248
957,248
669,1004
670,1004
670,1005
863,974
864,973
864,974
396,544
397,544
397,545
443,346
444,345
444,346
948,70
949,69
949,70
693,355
694,354
694,355
938,604
939,603
939,604
309,84
309,85
310,85
328,278
329,277
329,278
694,779
695,778
695,779
10,758
10,759
11,759
849,825
850,824
850,825
700,956
700,957
701,957
79,951
79,952
80,951
697,315
698,314
698,315
327,496
327,497
328,497
276,869
276,870
277,870
665,523
665,524
666,523
565,984
565,985
566,984
285,344
285,345
286,344
583,743
583,744
584,743
451,309
451,310
452,310
638,82
638,83
639,82
867,158
868,158
868,159
585,960
586,959
586,960
555,710
556,709
556,710
883,516
884,516
884,517
284,74
284,75
285,75
366,244
366,245
367,245
857,830
857,831
858,830
281,394
281,395
282,394
387,579
388,579
388,580
267,979
268,979
268,980
307,288
308,287
308,288
360,873
360,874
361,873
520,696
521,695
521,696
604,870
604,871
605,871
724,978
725,977
725,978
767,510
767,511
768,511
118,825
118,826
119,825
753,890
754,890
754,891
206,891
207,891
207,892
1002,94
1003,93
1003,94
106,576
106,577
107,576
374,671
375,671
375,672
93,999
93,1000
94,1000
600,961
600,962
601,962
558,555
559,554
559,555
7,808
8,807
8,808
781,557
781,558
782,558
831,161
832,160
832,161
428,295
429,295
429,296
499,548
500,547
500,548
679,469
680,468
680,469
289,739
289,740
290,740
753,102
754,102
754,103
113,957
114,956
114,957
719,229
720,229
720,230
348,590
348,591
349,590
983,310
983,311
984,311
948,129
949,128
949,129
942,810
942,811
943,811
786,342
787,341
787,342
526,313
526,314
527,313
316,986
316,987
317,987
585,74
586,74
586,75
708,796
709,795
709,796
489,619
490,619
490,620
512,249
512,250
513,250
731,740
731,741
732,741
286,604
286,605
287,605
763,585
764,585
764,586
425,518
426,517
426,518
260,16
261,15
261,16
556,159
556,160
557,159
911,70
911,71
912,70
719,5
720,5
720,6
641,119
641,120
642,119
418,177
419,177
419,178
444,655
445,654
445,655
889,957
890,957
890,958
598,468
598,469
599,469
328,172
328,173
329,173
943,818
944,818
944,819
872,423
872,424
873,424
462,412
463,411
463,412
297,459
298,458
298,459
307,31
307,32
308,31
451,450
451,451
452,450
383,560
383,561
384,560
941,414
941,415
942,414
426,991
426,992
427,991
554,484
554,485
555,485
589,171
589,172
590,171
227,912
228,912
228,913
216,912
217,911
217,912
221,801
221,802
222,802
227,645
228,645
228,646
397,589
398,589
398,590
445,700
445,701
446,701
873,824
873,825
874,824
574,621
575,620
575,621
148,898
148,899
149,899
528,521
529,521
529,522
120,788
121,788
121,789
440,249
441,249
441,250
297,601
297,602
298,602
397,693
397,694
398,693
399,697
400,697
400,698
932,859
932,860
933,859
68,597
68,598
69,597
226,929
226,930
227,929
698,463
698,464
699,464
157,579
157,580
158,579
981,314
982,314
982,315
291,890
291,891
292,890
933,566
933,567
934,567
714,10
715,9
715,10
892,368
892,369
893,369
508,17
509,16
509,17
144,847
145,847
145,848
611,269
611,270
612,269
272,539
273,539
273,540
628,742
629,742
629,743
356,658
356,659
357,658
976,464
976,465
977,464
529,280
529,281
530,280
253,913
254,912
254,913
354,617
355,617
355,618
273,565
273,566
274,565
520,555
521,555
521,556
924,479
924,480
925,480
64,938
65,938
65,939
435,741
436,740
436,741
437,785
437,786
438,785
370,344
370,345
371,344
673,200
673,201
674,200
652,97
652,98
653,98
645,400
645,401
646,401
246,574
246,575
247,574
928,964
928,965
929,964
950,350
951,349
951,350
404,977
404,978
405,978
611,225
612,225
612,226
587,12
588,11
588,12
783,709
783,710
784,710
581,922
581,923
582,923
797,303
798,303
798,304
792,582
793,581
793,582
975,30
975,31
976,31
573,661
574,660
574,661
598,751
598,752
599,752
40,1015
40,1016
41,1015
607,779
607,780
608,779
832,696
832,697
833,697
456,379
456,380
457,380
536,660
537,659
537,660
65,973
66,972
66,973
879,755
879,756
880,756
930,285
930,286
931,285
899,217
899,218
900,218
433,227
433,228
434,227
430,157
430,158
431,157
774,976
775,975
775,976
565,925
565,926
566,926
724,587
724,588
725,588
605,892
605,893
606,893
526,45
526,46
527,45
298,272
299,271
299,272
770,441
770,442
771,441
1010,279
1010,280
1011,279
566,960
566,961
567,960
440,45
441,44
441,45
873,790
874,789
874,790
710,900
711,900
711,901
77,780
77,781
78,781
46,810
46,811
47,811
592,162
592,163
593,163
688,589
689,589
689,590
200,775
200,776
201,776
459,171
460,170
460,171
583,433
584,432
584,433