652,680
653,679
174,336
175,337
396,545
397,544
715,666
716,667
883,927
884,926
74,99
75,98
130,136
131,137
608,81
609,82
220,806
221,807
829,246
830,245
206,618
207,617
107,123
108,122
383,648
384,649
78,978
79,977
1021,1014
1022,1015
961,107
962,106
521,167
522,166
623,830
624,829
159,620
160,619
718,933
719,934
30,986
31,985
288,515
289,514
182,678
183,677
697,95
698,96
711,1006
712,1005
31,770
32,771
561,735
562,736
995,863
996,864
74,575
75,574
815,224
816,225
419,377
420,378
631,102
632,101
711,900
712,899
622,929
623,928
100,197
101,196
427,833
428,832
22,515
23,516
823,729
824,728
888,323
889,322
54,784
55,785
117,575
118,574
427,528
428,529
998,299
999,298
287,253
288,254
483,721
484,720
457,827
458,826
154,854
155,853
910,213
911,212
613,577
614,576
91,29
92,28
148,26
149,25
262,617
263,618
682,806
683,805
772,906
773,905
907,719
908,720
331,571
332,572
154,384
155,383
932,176
933,175
18,87
19,88
1001,771
1002,770
452,799
453,798
858,546
859,547
177,768
178,767
923,63
924,62
434,666
435,665
573,753
574,754
246,213
247,212
930,78
931,79
1017,362
1018,361
613,400
614,399
534,297
535,298
206,226
207,227
267,898
268,897
761,929
762,930
704,749
705,748
187,937
188,938
814,492
815,491
451,319
452,320
369,258
370,257
934,127
935,126
903,922
904,921
690,881
691,882
445,797
446,798
769,269
770,270
251,69
252,68
481,311
482,310
265,488
266,489
379,216
380,215
60,995
61,994
421,552
422,553
485,737
486,738
792,825
793,824
187,85
188,84
905,990
906,991
628,862
629,861
252,686
253,685
454,577
455,578
974,374
975,375
836,694
837,695
63,534
64,533
773,603
774,604
206,91
207,90
830,435
831,436
87,605
88,604
935,207
936,206
604,677
605,676
309,163
310,162
420,122
421,121
785,868
786,869
884,539
885,540
939,959
940,960
298,825
299,826
726,672
727,671
146,74
147,73
938,989
939,988
744,523
745,524
1011,980
1012,979
213,947
214,948
279,732
280,733
1008,424
1009,425
724,945
725,946
789,690
790,689
755,151
756,150
1017,794
1018,793
246,866
247,865
786,370
787,371
52,986
53,985
381,501
382,502
588,803
589,802
630,252
631,253
41,857
42,856
824,805
825,804
13,280
14,281
775,316
776,315
642,16
643,15
904,254
905,253
674,556
675,557
472,101
473,102
416,538
417,539
540,617
541,616
825,391
826,392
787,506
788,507
762,25
763,26
594,659
595,658
383,847
384,848
780,813
781,812
479,486
480,487
47,108
48,109
880,79
881,78
12,856
13,857
52,885
53,886
449,648
450,649
828,471
829,472
947,547
948,548
17,18
18,19
674,107
675,106
969,876
970,875
393,31
394,30
295,178
296,177
233,79
234,78
429,243
430,244
341,45
342,44
237,59
238,60
6,211
7,212
785,176
786,175
772,538
773,539
81,323
82,324
214,211
215,210
828,837
829,836
210,910
211,911
632,1001
633,1002
157,128
158,129
1008,635
1009,636
530,581
531,580
359,430
360,429
602,948
603,949
21,859
22,860
669,799
670,800
154,533
155,534
115,532
116,533
29,847
30,848
294,38
295,39
395,799
396,798
430,499
431,498
145,809
146,808
534,747
535,748
294,221
295,220
587,416
588,417
700,1013
701,1012
905,971
906,972
704,78
705,79
1010,632
1011,631
782,1004
783,1003
37,346
38,347
568,350
569,351
122,186
123,185
445,58
446,59
848,8
849,9
359,215
360,214
551,117
552,118
540,905
541,906
769,323
770,322
72,544
73,543
409,158
410,157
389,463
390,464
826,78
827,77
948,63
949,64
567,440
568,439
953,1014
954,1015
14,475
15,474
425,474
426,473
262,840
263,841
456,505
457,506
249,55
250,56
950,165
951,164
658,721
659,722
161,1007
162,1006
979,602
980,601
168,458
169,459
226,1020
227,1021
911,954
912,955
93,781
94,782
604,662
605,661
551,594
552,595
695,166
696,165
782,243
783,242
474,839
475,838
642,127
643,126
174,497
175,498
965,58
966,57
429,253
430,252
276,650
277,651
826,916
827,915
256,403
257,402
639,214
640,213
258,375
259,376
1007,107
1008,108
986,506
987,505
385,123
386,122
804,156
805,157
953,735
954,734
469,24
470,25
794,338
795,339
414,255
415,254
854,782
855,781
950,91
951,92
791,114
792,113
979,569
980,568
910,695
911,694
47,160
48,159
732,818
733,817
160,632
161,633
312,219
313,220
159,846
160,847
603,140
604,139
671,829
672,828
862,763
863,762
35,777
36,776
144,717
145,718
893,212
894,211
469,386
470,387
216,550
217,551
766,141
767,140
979,195
980,194
990,479
991,478
741,934
742,935
967,305
968,306
4,156
5,155
130,872
131,871
643,948
644,949
598,288
599,289
792,33
793,34
830,619
831,618
215,322
216,323
720,78
721,79
940,12
941,13
357,441
358,440
398,1015
399,1014
371,617
372,616
785,704
786,705
989,35
990,36
413,49
414,48
1004,1001
1005,1000
484,836
485,837
598,827
599,826
9,844
10,843
253,963
254,964
47,119
48,120
143,855
144,856
964,1015
965,1014
964,796
965,795
452,717
453,716
979,750
980,751
673,1000
674,999
905,12
906,11
717,664
718,663
827,417
828,418
126,951
127,952
181,606
182,605
686,794
687,795
177,529
178,530
854,876
855,875
673,124
674,123
471,583
472,584
598,790
599,789
598,592
599,591
106,31
107,32
980,525
981,526
158,898
159,897
907,123
908,124
789,145
790,146
674,524
675,525
559,700
560,699
804,430
805,431
301,845
302,844
69,182
70,181
406,642
407,643
235,286
236,285
825,801
826,800
200,873
201,874
787,351
788,352
172,100
173,99
512,29
513,28
244,242
245,243
165,405
166,404
281,622
282,623
269,309
270,308
57,98
58,97
158,309
159,310
954,38
955,37
573,8
574,7
172,37
173,38
53,837
54,836
375,903
376,904
760,480
761,481
703,900
704,901
395,212
396,211
213,984
214,985
814,836
815,835
578,32
579,31
342,846
343,847
178,24
179,25
908,1003
909,1004
326,515
327,514
311,995
312,994
116,77
117,76
1,541
2,542
28,34
29,33
614,864
615,865
894,860
895,861
414,201
415,200
267,991
268,990
92,209
93,208
529,644
530,645
1017,346
1018,347
103,990
104,991
784,215
785,216
237,927
238,926
820,398
821,397
913,887
914,886
798,436
799,435
631,367
632,368
837,782
838,783
502,332
503,331
784,554
785,553
886,590
887,591
736,98
737,99
224,83
225,84
37,224
38,225
802,514
803,515
802,395
803,394
992,561
993,562
870,994
871,995
628,1014
629,1015
362,2
363,3
400,577
401,576
323,2
324,3
3,462
4,461
629,350
630,351
366,608
367,607
92,537
93,536
1001,370
1002,369
851,931
852,932
674,698
675,699
455,560
456,561
942,794
943,795
768,27
769,26
507,343
508,344
226,931
227,930
620,400
621,399
587,731
588,730
244,553
245,552
265,837
266,836
1000,92
1001,91
696,644
697,645
849,783
850,782
488,606
489,607
944,281
945,280
839,588
840,587
289,915
290,916
180,280
181,281
1003,492
1004,493
518,104
519,103
484,519
485,518
441,2
442,1
906,891
907,892