36,191
36,192
648,269
648,270
154,293
154,294
301,641
301,642
435,1003
435,1004
104,215
104,216
106,144
106,145
1001,58
1001,59
174,687
174,688
166,274
166,275
569,809
569,810
218,109
218,110
527,740
527,741
460,707
460,708
674,17
674,18
585,889
585,890
391,810
391,811
122,958
122,959
273,337
273,338
40,772
40,773
931,726
931,727
708,656
708,657
299,546
299,547
214,635
214,636
49,947
49,948
269,104
269,105
926,876
926,877
436,212
436,213
532,211
532,212
374,120
374,121
881,141
881,142
19,295
19,296
588,501
588,502
945,652
945,653
471,79
471,80
337,918
337,919
864,522
864,523
659,172
659,173
576,29
576,30
201,748
201,749
269,865
269,866
534,762
534,763
576,115
576,116
512,1016
512,1017
810,618
810,619
747,101
747,102
200,254
200,255
432,1016
432,1017
206,373
206,374
62,949
62,950
402,899
402,900
1011,726
1011,727
649,980
649,981
191,476
191,477
123,4
123,5
208,17
208,18
761,500
761,501
270,459
270,460
406,526
406,527
721,207
721,208
765,753
765,754
168,532
168,533
4,682
4,683
802,232
802,233
85,150
85,151
250,854
250,855
558,453
558,454
67,2
67,3
182,995
182,996
541,967
541,968
76,247
76,248
297,31
297,32
211,921
211,922
784,629
784,630
675,26
675,27
935,928
935,929
578,652
578,653
975,756
975,757
383,1012
383,1013
118,139
118,140
404,433
404,434
381,799
381,800
621,821
621,822
625,321
625,322
912,186
912,187
641,398
641,399
442,829
442,830
398,73
398,74
407,506
407,507
505,58
505,59
472,303
472,304
1,945
1,946
278,20
278,21
329,831
329,832
804,686
804,687
1017,592
1017,593
57,50
57,51
751,220
751,221
290,1022
290,1023
624,152
624,153
442,1003
442,1004
106,200
106,201
594,223
594,224
24,945
24,946
50,155
50,156
188,52
188,53
623,752
623,753
140,366
140,367
576,77
576,78
508,621
508,622
46,614
46,615
982,568
982,569
707,37
707,38
78,366
78,367
775,755
775,756
328,411
328,412
165,763
165,764
4,977
4,978
130,305
130,306
877,289
877,290
254,856
254,857
229,564
229,565
24,889
24,890
401,108
401,109
304,795
304,796
372,22
372,23
402,802
402,803
47,610
47,611
888,262
888,263
141,340
141,341
136,989
136,990
830,798
830,799
597,210
597,211
749,841
749,842
192,931
192,932
38,374
38,375
863,922
863,923
394,240
394,241
954,532
954,533
377,129
377,130
149,978
149,979
728,482
728,483
804,367
804,368
593,311
593,312
781,719
781,720
499,73
499,74
882,930
882,931
313,102
313,103
695,201
695,202
275,602
275,603
611,946
611,947
1001,803
1001,804
533,657
533,658
490,582
490,583
429,839
429,840
752,60
752,61
625,345
625,346
709,746
709,747
981,151
981,152
647,1005
647,1006
946,5
946,6
387,590
387,591
1017,822
1017,823
997,677
997,678
446,742
446,743
270,384
270,385
407,934
407,935
891,534
891,535
243,228
243,229
214,473
214,474
944,308
944,309
633,547
633,548
845,814
845,815
949,617
949,618
993,538
993,539
239,288
239,289
718,682
718,683
246,885
246,886
292,934
292,935
724,849
724,850
619,417
619,418
955,560
955,561
654,675
654,676
672,800
672,801
450,472
450,473
243,535
243,536
693,650
693,651
990,746
990,747
135,1007
135,1008
901,610
901,611
460,547
460,548
942,306
942,307
683,608
683,609
930,267
930,268
197,519
197,520
493,612
493,613
476,1023
476,1024
114,588
114,589
788,709
788,710
225,115
225,116
610,104
610,105
661,995
661,996
552,506
552,507
167,731
167,732
512,289
512,290
844,126
844,127
970,945
970,946
7,36
7,37
910,59
910,60
401,220
401,221
544,822
544,823
43,220
43,221
892,572
892,573
1006,678
1006,679
404,623
404,624
769,980
769,981
825,578
825,579
700,875
700,876
740,863
740,864
664,542
664,543
797,315
797,316
584,795
584,796
1003,378
1003,379
222,677
222,678
595,483
595,484
685,148
685,149
964,192
964,193
282,37
282,38
514,404
514,405
221,929
221,930
923,750
923,751
179,111
179,112
517,810
517,811
272,334
272,335
985,727
985,728
1014,297
1014,298
274,53
274,54
565,249
565,250
476,348
476,349
115,861
115,862
811,89
811,90
599,416
599,417
576,195
576,196
504,44
504,45
544,73
544,74
715,606
715,607
659,22
659,23
500,34
500,35
222,155
222,156
857,981
857,982
916,642
916,643
157,858
157,859
991,665
991,666
285,508
285,509
192,599
192,600
927,567
927,568
3,442
3,443
119,591
119,592
203,377
203,378
986,797
986,798
310,414
310,415
391,205
391,206
977,87
977,88
831,358
831,359
963,956
963,957
461,594
461,595
35,932
35,933
846,701
846,702
1013,674
1013,675
99,996
99,997
504,808
504,809
1015,844
1015,845
226,792
226,793
89,332
89,333
696,488
696,489
673,888
673,889
1007,493
1007,494
958,153
958,154
586,432
586,433
668,550
668,551
108,77
108,78
713,659
713,660
808,490
808,491
633,895
633,896
642,202
642,203
829,660
829,661
363,566
363,567
420,198
420,199
528,809
528,810
259,860
259,861
202,516
202,517
617,61
617,62
299,505
299,506
588,965
588,966
496,373
496,374
570,903
570,904
150,710
150,711
789,682
789,683
68,304
68,305
977,895
977,896
705,409
705,410
872,675
872,676
781,82
781,83
16,381
16,382
205,640
205,641
461,37
461,38
735,643
735,644
457,734
457,735
437,45
437,46
544,276
544,277
837,357
837,358
50,868
50,869
830,372
830,373
733,616
733,617
946,666
946,667
835,535
835,536
333,41
333,42
407,948
407,949
417,346
417,347
38,996
38,997
97,224
97,225
997,123
997,124
713,879
713,880
487,64
487,65
753,609
753,610
1000,455
1000,456
296,239
296,240
365,159
365,160
137,279
137,280
146,826
146,827
216,337
216,338
227,770
227,771
165,471
165,472
545,846
545,847
391,219
391,220
61,197
61,198
768,3
768,4
953,890
953,891
536,280
536,281
283,965
283,966
587,76
587,77
736,764
736,765
796,167
796,168
1008,581
1008,582
782,843
782,844
1,810
1,811
770,115
770,116
289,1
289,2
220,177
220,178
953,506
953,507
688,741
688,742
693,536
693,537
450,449
450,450
925,672
925,673
372,209
372,210
19,370
19,371
255,860
255,861
626,389
626,390
193,523
193,524
933,273
933,274
805,29
805,30
110,992
110,993
96,587
96,588
456,726
456,727
436,835
436,836
246,231
246,232
191,961
191,962
12,300
12,301
689,67
689,68
398,165
398,166
853,675
853,676
334,117
334,118
262,294
262,295
944,696
944,697
52,303
52,304
868,770
868,771
9,724
9,725
316,600
316,601
102,265
102,266
677,879
677,880
536,544
536,545
394,66
394,67
694,956
694,957
168,62
168,63
994,738
994,739
623,409
623,410
802,509
802,510
748,460
748,461
317,925
317,926
524,526
524,527
867,209
867,210
236,503
236,504
897,897
897,898
356,434
356,435
238,571
238,572
914,680
914,681
833,932
833,933