789,727
790,727
341,463
342,463
107,5
108,5
980,473
981,473
255,959
256,959
662,427
663,427
845,372
846,372
552,346
553,346
392,33
393,33
318,690
319,690
678,470
679,470
78,258
79,258
935,729
936,729
668,866
669,866
901,967
902,967
434,424
435,424
927,328
928,328
565,79
566,79
849,620
850,620
642,929
643,929
91,221
92,221
933,199
934,199
416,34
417,34
178,741
179,741
480,571
481,571
167,811
168,811
19,449
20,449
815,157
816,157
97,63
98,63
171,280
172,280
168,886
169,886
944,113
945,113
620,217
621,217
58,5
59,5
721,533
722,533
593,816
594,816
201,208
202,208
1010,509
1011,509
192,331
193,331
911,975
912,975
711,474
712,474
238,283
239,283
566,448
567,448
422,119
423,119
390,824
391,824
531,414
532,414
170,416
171,416
184,41
185,41
350,598
351,598
816,190
817,190
462,433
463,433
855,532
856,532
363,164
364,164
456,86
457,86
169,773
170,773
384,901
385,901
321,1003
322,1003
885,734
886,734
364,769
365,769
49,197
50,197
466,264
467,264
61,830
62,830
874,350
875,350
36,555
37,555
887,831
888,831
244,856
245,856
640,745
641,745
696,1016
697,1016
984,482
985,482
559,295
560,295
717,717
718,717
369,223
370,223
476,601
477,601
922,154
923,154
762,993
763,993
830,760
831,760
25,297
26,297
296,534
297,534
11,473
12,473
78,56
79,56
1007,310
1008,310
685,911
686,911
815,920
816,920
842,784
843,784
202,569
203,569
888,348
889,348
44,940
45,940
844,817
845,817
802,97
803,97
101,585
102,585
471,655
472,655
1014,247
1015,247
759,617
760,617
916,149
917,149
508,118
509,118
926,58
927,58
197,347
198,347
453,275
454,275
573,367
574,367
465,780
466,780
771,884
772,884
757,137
758,137
91,869
92,869
781,515
782,515
890,692
891,692
603,930
604,930
249,519
250,519
491,978
492,978
712,649
713,649
172,238
173,238
515,437
516,437
992,216
993,216
284,692
285,692
492,314
493,314
693,940
694,940
628,859
629,859
567,486
568,486
104,543
105,543
529,5
530,5
602,811
603,811
456,11
457,11
635,529
636,529
61,265
62,265
677,10
678,10
91,1014
92,1014
665,402
666,402
86,573
87,573
804,297
805,297
524,481
525,481
623,367
624,367
237,303
238,303
977,359
978,359
838,879
839,879
376,443
377,443
45,25
46,25
734,170
735,170
210,294
211,294
261,522
262,522
913,146
914,146
403,222
404,222
780,747
781,747
379,228
380,228
604,87
605,87
92,239
93,239
281,759
282,759
92,192
93,192
959,126
960,126
700,527
701,527
285,171
286,171
637,567
638,567
305,841
306,841
700,870
701,870
94,12
95,12
462,690
463,690
992,507
993,507
56,1022
57,1022
433,38
434,38
154,157
155,157
206,349
207,349
971,773
972,773
362,414
363,414
563,416
564,416
126,348
127,348
546,661
547,661
782,202
783,202
573,444
574,444
192,952
193,952
772,428
773,428
936,885
937,885
761,195
762,195
413,987
414,987
349,579
350,579
64,986
65,986
983,85
984,85
439,749
440,749
997,173
998,173
995,242
996,242
598,689
599,689
412,206
413,206
801,888
802,888
973,11
974,11
915,738
916,738
1001,147
1002,147
983,220
984,220
291,240
292,240
209,564
210,564
711,524
712,524
587,18
588,18
186,613
187,613
1,766
2,766
604,635
605,635
987,567
988,567
9,225
10,225
12,197
13,197
1019,796
1020,796
593,820
594,820
726,648
727,648
648,62
649,62
184,653
185,653
28,296
29,296
552,575
553,575
946,155
947,155
544,932
545,932
561,93
562,93
688,210
689,210
881,574
882,574
21,513
22,513
777,956
778,956
763,616
764,616
979,982
980,982
210,940
211,940
770,913
771,913
564,718
565,718
10,877
11,877
295,873
296,873
234,321
235,321
188,480
189,480
915,699
916,699
554,894
555,894
355,50
356,50
238,230
239,230
48,908
49,908
46,589
47,589
654,1009
655,1009
632,683
633,683
107,573
108,573
715,1008
716,1008
111,909
112,909
536,82
537,82
1003,856
1004,856
495,342
496,342
104,266
105,266
160,877
161,877
571,686
572,686
796,392
797,392
41,606
42,606
560,539
561,539
229,328
230,328
925,145
926,145
607,780
608,780
27,890
28,890
728,609
729,609
851,878
852,878
759,673
760,673
436,539
437,539
131,199
132,199
596,420
597,420
54,757
55,757
497,574
498,574
763,972
764,972
931,600
932,600
975,846
976,846
18,507
19,507
99,263
100,263
103,999
104,999
149,400
150,400
595,939
596,939
111,768
112,768
997,37
998,37
1009,618
1010,618
998,426
999,426
900,118
901,118
637,825
638,825
657,212
658,212
756,1005
757,1005
3,538
4,538
975,469
976,469
950,37
951,37
740,520
741,520
695,68
696,68
984,679
985,679
434,717
435,717
382,588
383,588
230,75
231,75
790,936
791,936
373,596
374,596
31,886
32,886
295,152
296,152
949,844
950,844
928,184
929,184
730,494
731,494
794,763
795,763
778,453
779,453
899,928
900,928
124,148
125,148
737,258
738,258
51,249
52,249
25,507
26,507
320,921
321,921
559,820
560,820
821,990
822,990
765,981
766,981
173,765
174,765
514,628
515,628
935,151
936,151
110,556
111,556
616,692
617,692
181,81
182,81
609,34
610,34
415,569
416,569
645,120
646,120
97,18
98,18
181,718
182,718
477,270
478,270
709,637
710,637
62,890
63,890
6,530
7,530
832,917
833,917
598,933
599,933
632,657
633,657
72,827
73,827
780,800
781,800
564,974
565,974
298,727
299,727
975,476
976,476
157,312
158,312
525,781
526,781
747,62
748,62
89,975
90,975
742,40
743,40
294,237
295,237
439,485
440,485
478,33
479,33
544,382
545,382
653,37
654,37
147,31
148,31
996,703
997,703
410,529
411,529
240,887
241,887
533,265
534,265
17,616
18,616
732,504
733,504
1018,103
1019,103
228,1004
229,1004
772,89
773,89
307,873
308,873
681,155
682,155
936,938
937,938
393,910
394,910
742,979
743,979
44,34
45,34
8,504
9,504
121,32
122,32
164,50
165,50
157,314
158,314
945,629
946,629
1002,181
1003,181
641,738
642,738
624,10
625,10
497,773
498,773
467,399
468,399
344,918
345,918
4,257
5,257
219,114
220,114
467,69
468,69
312,809
313,809
671,142
672,142
551,332
552,332
480,1019
481,1019
989,489
990,489
871,874
872,874
35,103
36,103
562,624
563,624
379,1017
380,1017
535,377
536,377
831,855
832,855
545,320
546,320
461,625
462,625
619,569
620,569
808,61
809,61
840,953
841,953
565,751
566,751
946,192
947,192