725,972
725,973
726,972
726,973
51,60
51,61
52,60
52,61
710,154
710,155
711,154
711,155
359,388
359,389
360,388
360,389
30,497
30,498
31,497
31,498
587,721
587,722
588,721
588,722
907,346
907,347
908,346
908,347
411,662
411,663
412,662
412,663
767,986
767,987
768,986
768,987
555,839
555,840
556,839
556,840
832,578
832,579
833,578
833,579
1019,817
1019,818
1020,817
1020,818
341,903
341,904
342,903
342,904
703,894
703,895
704,894
704,895
459,296
459,297
460,296
460,297
613,953
613,954
614,953
614,954
280,855
280,856
281,855
281,856
98,876
98,877
99,876
99,877
587,316
587,317
588,316
588,317
223,386
223,387
224,386
224,387
900,282
900,283
901,282
901,283
878,661
878,662
879,661
879,662
529,601
529,602
530,601
530,602
782,856
782,857
783,856
783,857
18,514
18,515
19,514
19,515
48,70
48,71
49,70
49,71
349,79
349,80
350,79
350,80
829,262
829,263
830,262
830,263
469,1019
469,1020
470,1019
470,1020
3,722
3,723
4,722
4,723
405,477
405,478
406,477
406,478
22,297
22,298
23,297
23,298
605,532
605,533
606,532
606,533
572,656
572,657
573,656
573,657
664,214
664,215
665,214
665,215
483,425
483,426
484,425
484,426
63,928
63,929
64,928
64,929
10,715
10,716
11,715
11,716
485,540
485,541
486,540
486,541
168,558
168,559
169,558
169,559
655,516
655,517
656,516
656,517
547,445
547,446
548,445
548,446
776,877
776,878
777,877
777,878
187,369
187,370
188,369
188,370
1011,578
1011,579
1012,578
1012,579
908,359
908,360
909,359
909,360
377,633
377,634
378,633
378,634
702,544
702,545
703,544
703,545
975,714
975,715
976,714
976,715
473,705
473,706
474,705
474,706
703,998
703,999
704,998
704,999
437,764
437,765
438,764
438,765
171,809
171,810
172,809
172,810
851,986
851,987
852,986
852,987
7,791
7,792
8,791
8,792
1,409
1,410
2,409
2,410
46,323
46,324
47,323
47,324
266,293
266,294
267,293
267,294
842,306
842,307
843,306
843,307
203,253
203,254
204,253
204,254
500,436
500,437
501,436
501,437
604,712
604,713
605,712
605,713
998,566
998,567
999,566
999,567
486,400
486,401
487,400
487,401
937,1023
937,1024
938,1023
938,1024
403,526
403,527
404,526
404,527
573,352
573,353
574,352
574,353
606,935
606,936
607,935
607,936
694,882
694,883
695,882
695,883
926,252
926,253
927,252
927,253
600,820
600,821
601,820
601,821
875,940
875,941
876,940
876,941
215,697
215,698
216,697
216,698
875,990
875,991
876,990
876,991
94,927
94,928
95,927
95,928
560,825
560,826
561,825
561,826
601,817
601,818
602,817
602,818
402,30
402,31
403,30
403,31
380,858
380,859
381,858
381,859
131,864
131,865
132,864
132,865
191,41
191,42
192,41
192,42
25,875
25,876
26,875
26,876
230,834
230,835
231,834
231,835
5,6
5,7
6,6
6,7
565,799
565,800
566,799
566,800
564,494
564,495
565,494
565,495
122,374
122,375
123,374
123,375
787,97
787,98
788,97
788,98
166,521
166,522
167,521
167,522
810,919
810,920
811,919
811,920
758,882
758,883
759,882
759,883
452,502
452,503
453,502
453,503
1000,4
1000,5
1001,4
1001,5
983,329
983,330
984,329
984,330
94,198
94,199
95,198
95,199
927,873
927,874
928,873
928,874
201,685
201,686
202,685
202,686
580,161
580,162
581,161
581,162
597,613
597,614
598,613
598,614
624,984
624,985
625,984
625,985
799,904
799,905
800,904
800,905
965,679
965,680
966,679
966,680
64,233
64,234
65,233
65,234
297,564
297,565
298,564
298,565
840,513
840,514
841,513
841,514
122,608
122,609
123,608
123,609
1020,263
1020,264
1021,263
1021,264
867,56
867,57
868,56
868,57
131,154
131,155
132,154
132,155
330,19
330,20
331,19
331,20
559,19
559,20
560,19
560,20
872,744
872,745
873,744
873,745
246,912
246,913
247,912
247,913
1008,842
1008,843
1009,842
1009,843
443,826
443,827
444,826
444,827
749,134
749,135
750,134
750,135
194,1005
194,1006
195,1005
195,1006
998,494
998,495
999,494
999,495
277,241
277,242
278,241
278,242
82,968
82,969
83,968
83,969
638,992
638,993
639,992
639,993
289,844
289,845
290,844
290,845
980,646
980,647
981,646
981,647
92,90
92,91
93,90
93,91
595,252
595,253
596,252
596,253
903,138
903,139
904,138
904,139
992,232
992,233
993,232
993,233
241,293
241,294
242,293
242,294
407,454
407,455
408,454
408,455
435,233
435,234
436,233
436,234
9,186
9,187
10,186
10,187
454,259
454,260
455,259
455,260
164,702
164,703
165,702
165,703
493,357
493,358
494,357
494,358
983,628
983,629
984,628
984,629
286,671
286,672
287,671
287,672
1009,81
1009,82
1010,81
1010,82
845,942
845,943
846,942
846,943
869,618
869,619
870,618
870,619
559,893
559,894
560,893
560,894
248,290
248,291
249,290
249,291
921,780
921,781
922,780
922,781
258,994
258,995
259,994
259,995
79,999
79,1000
80,999
80,1000
592,775
592,776
593,775
593,776
606,306
606,307
607,306
607,307
804,100
804,101
805,100
805,101
346,839
346,840
347,839
347,840
583,833
583,834
584,833
584,834
41,40
41,41
42,40
42,41
666,183
666,184
667,183
667,184
22,529
22,530
23,529
23,530
600,684
600,685
601,684
601,685
269,686
269,687
270,686
270,687
296,261
296,262
297,261
297,262
956,832
956,833
957,832
957,833
885,94
885,95
886,94
886,95
195,259
195,260
196,259
196,260
200,368
200,369
201,368
201,369
107,179
107,180
108,179
108,180
636,96
636,97
637,96
637,97
227,661
227,662
228,661
228,662
142,72
142,73
143,72
143,73
26,318
26,319
27,318
27,319
373,216
373,217
374,216
374,217
115,939
115,940
116,939
116,940
641,830
641,831
642,830
642,831
936,532
936,533
937,532
937,533
142,758
142,759
143,758
143,759
924,628
924,629
925,628
925,629
611,976
611,977
612,976
612,977
656,929
656,930
657,929
657,930
189,768
189,769
190,768
190,769
98,205
98,206
99,205
99,206
712,70
712,71
713,70
713,71
684,676
684,677
685,676
685,677
465,1001
465,1002
466,1001
466,1002
376,204
376,205
377,204
377,205
852,88
852,89
853,88
853,89
940,284
940,285
941,284
941,285
365,544
365,545
366,544
366,545
11,395
11,396
12,395
12,396
320,238
320,239
321,238
321,239
673,146
673,147
674,146
674,147
813,382
813,383
814,382
814,383
260,1005
260,1006
261,1005
261,1006
782,943
782,944
783,943
783,944
747,755
747,756
748,755
748,756
774,984
774,985
775,984
775,985
379,182
379,183
380,182
380,183
467,373
467,374
468,373
468,374
919,727
919,728
920,727
920,728
358,519
358,520
359,519
359,520
1020,301
1020,302
1021,301
1021,302
346,957
346,958
347,957
347,958
411,35
411,36
412,35
412,36
59,316
59,317
60,316
60,317
575,513
575,514
576,513
576,514
257,635
257,636
258,635
258,636
10,694
10,695
11,694
11,695
214,62
214,63
215,62
215,63
583,851
583,852
584,851
584,852
231,341
231,342
232,341
232,342
996,118
996,119
997,118
997,119
589,640
589,641
590,640
590,641
655,614
655,615
656,614
656,615
336,20
336,21
337,20
337,21
41,121
41,122
42,121
42,122
262,707
262,708
263,707
263,708
525,90
525,91
526,90
526,91
801,225
801,226
802,225
802,226
208,305
208,306
209,305
209,306
342,632
342,633
343,632
343,633
475,779
475,780
476,779
476,780
935,924
935,925
936,924
936,925
475,326
475,327
476,326
476,327
218,764
218,765
219,764
219,765
567,678
567,679
568,678
568,679
48,581
48,582
49,581
49,582
644,212
644,213
645,212
645,213
254,363
254,364
255,363
255,364
764,450
764,451
765,450
765,451
211,914
211,915
212,914
212,915
300,160
300,161
301,160
301,161
766,396
766,397
767,396
767,397
906,922
906,923
907,922
907,923
377,152
377,153
378,152
378,153
626,277
626,278
627,277
627,278
317,431
317,432
318,431
318,432
254,44
254,45
255,44
255,45
508,834
508,835
509,834
509,835
844,1005
844,1006
845,1005
845,1006
526,406
526,407
527,406
527,407
537,383
537,384
538,383
538,384
228,367
228,368
229,367
229,368
677,252
677,253
678,252
678,253
534,252
534,253
535,252
535,253
392,575
392,576
393,575
393,576
1001,997
1001,998
1002,997
1002,998
483,705
483,706
484,705
484,706
448,103
448,104
449,103
449,104
170,762
170,763
171,762
171,763
927,156
927,157
928,156
928,157
187,420
187,421
188,420
188,421
693,792
693,793
694,792
694,793
240,868
240,869
241,868
241,869
755,609
755,610
756,609
756,610
822,785
822,786
823,785
823,786
315,855
315,856
316,855
316,856
474,1004
474,1005
475,1004
475,1005
1023,578
1023,579
1024,578
1024,579
277,990
277,991
278,990
278,991
31,913
31,914
32,913
32,914
382,515
382,516
383,515
383,516
333,152
333,153
334,152
334,153
721,501
721,502
722,501
722,502
820,691
820,692
821,691
821,692
157,690
157,691
158,690
158,691
520,291
520,292
521,291
521,292
116,758
116,759
117,758
117,759
419,498
419,499
420,498
420,499
832,102
832,103
833,102
833,103
262,359
262,360
263,359
263,360
411,192
411,193
412,192
412,193
595,232
595,233
596,232
596,233
954,844
954,845
955,844
955,845
130,609
130,610
131,609
131,610
808,953
808,954
809,953
809,954
230,270
230,271
231,270
231,271
411,457
411,458
412,457
412,458
169,32
169,33
170,32
170,33
1010,989
1010,990
1011,989
1011,990
225,598
225,599
226,598
226,599
269,237
269,238
270,237
270,238
889,632
889,633
890,632
890,633
921,130
921,131
922,130
922,131
369,611
369,612
370,611
370,612
373,234
373,235
374,234
374,235
928,925
928,926
929,925
929,926
383,193
383,194
384,193
384,194
167,975
167,976
168,975
168,976
506,809
506,810
507,809
507,810
624,772
624,773
625,772
625,773
982,70
982,71
983,70
983,71
714,66
714,67
715,66
715,67
256,872
256,873
257,872
257,873
584,1006
584,1007
585,1006
585,1007
420,573
420,574
421,573
421,574
701,245
701,246
702,245
702,246
168,337
168,338
169,337
169,338
8,967
8,968
9,967
9,968
514,590
514,591
515,590
515,591
777,302
777,303
778,302
778,303
580,719
580,720
581,719
581,720
574,201
574,202
575,201
575,202
68,338
68,339
69,338
69,339
282,19
282,20
283,19
283,20
1000,948
1000,949
1001,948
1001,949
255,258
255,259
256,258
256,259
582,62
582,63
583,62
583,63
11,398
11,399
12,398
12,399
838,349
838,350
839,349
839,350
1003,731
1003,732
1004,731
1004,732
382,37
382,38
383,37
383,38
547,354
547,355
548,354
548,355
270,62
270,63
271,62
271,63
750,78
750,79
751,78
751,79
318,45
318,46
319,45
319,46
835,805
835,806
836,805
836,806
443,290
443,291
444,290
444,291
472,426
472,427
473,426
473,427
983,578
983,579
984,578
984,579
463,283
463,284
464,283
464,284
1012,389
1012,390
1013,389
1013,390
946,519
946,520
947,519
947,520
362,241
362,242
363,241
363,242
674,745
674,746
675,745
675,746
221,851
221,852
222,851
222,852
169,102
169,103
170,102
170,103
905,689
905,690
906,689
906,690
299,937
299,938
300,937
300,938
927,180
927,181
928,180
928,181
316,25
316,26
317,25
317,26
538,651
538,652
539,651
539,652
643,767
643,768
644,767
644,768
286,976
286,977
287,976
287,977
408,797
408,798
409,797
409,798
743,758
743,759
744,758
744,759
411,171
411,172
412,171
412,172
104,84
104,85
105,84
105,85
186,286
186,287
187,286
187,287
854,74
854,75
855,74
855,75
747,141
747,142
748,141
748,142
781,818
781,819
782,818
782,819
670,1017
670,1018
671,1017
671,1018
917,977
917,978
918,977
918,978
30,470
30,471
31,470
31,471
134,780
134,781
135,780
135,781
165,1004
165,1005
166,1004
166,1005
819,582
819,583
820,582
820,583
954,739
954,740
955,739
955,740
273,647
273,648
274,647
274,648
643,721
643,722
644,721
644,722
253,268
253,269
254,268
254,269
921,347
921,348
922,347
922,348
710,29
710,30
711,29
711,30
259,57
259,58
260,57
260,58
733,640
733,641
734,640
734,641
1022,305
1022,306
1023,305
1023,306
996,78
996,79
997,78
997,79
769,432
769,433
770,432
770,433
810,246
810,247
811,246
811,247
883,937
883,938
884,937
884,938
261,822
261,823
262,822
262,823
807,494
807,495
808,494
808,495
566,618
566,619
567,618
567,619
687,232
687,233
688,232
688,233
597,305
597,306
598,305
598,306
175,24
175,25
176,24
176,25
430,33
430,34
431,33
431,34
1006,437
1006,438
1007,437
1007,438
781,804
781,805
782,804
782,805
731,90
731,91
732,90
732,91
604,1020
604,1021
605,1020
605,1021
237,252
237,253
238,252
238,253
800,543
800,544
801,543
801,544
282,360
282,361
283,360
283,361
494,570
494,571
495,570
495,571
628,379
628,380
629,379
629,380
667,785
667,786
668,785
668,786
995,48
995,49
996,48
996,49
728,561
728,562
729,561
729,562
166,1009
166,1010
167,1009
167,1010
896,700
896,701
897,700
897,701
626,21
626,22
627,21
627,22
264,403
264,404
265,403
265,404
701,769
701,770
702,769
702,770
594,518
594,519
595,518
595,519
156,947
156,948
157,947
157,948
868,220
868,221
869,220
869,221
587,313
587,314
588,313
588,314
466,506
466,507
467,506
467,507
687,811
687,812
688,811
688,812
660,989
660,990
661,989
661,990
737,540
737,541
738,540
738,541
277,384
277,385
278,384
278,385
817,590
817,591
818,590
818,591
886,694
886,695
887,694
887,695
929,974
929,975
930,974
930,975
156,578
156,579
157,578
157,579
36,31
36,32
37,31
37,32
642,734
642,735
643,734
643,735
386,75
386,76
387,75
387,76
310,601
310,602
311,601
311,602
371,955
371,956
372,955
372,956
160,862
160,863
161,862
161,863
631,736
631,737
632,736
632,737
646,541
646,542
647,541
647,542
883,993
883,994
884,993
884,994
878,354
878,355
879,354
879,355
570,160
570,161
571,160
571,161
122,548
122,549
123,548
123,549