754,444
526,906
371,883
286,299
959,124
463,524
170,899
185,848
735,946
852,321
531,611
492,22
504,742
823,434
988,894
554,984
10,895
459,88
961,966
3,661
358,230
117,793
222,332
716,2
325,50
1007,409
15,842
918,294
326,234
514,601
402,489
374,425
532,62
566,82
808,317
344,750
615,989
460,54
242,919
52,342
130,321
514,456
825,494
672,536
290,707
950,281
933,232
25,533
490,623
608,742
270,535
627,903
1008,787
885,715
45,532
243,854
33,539
624,438
239,493
269,415
296,447
551,114
572,883
984,367
852,170
680,257
252,44
545,483
767,339
724,888
260,810
154,603
461,41
749,957
279,446
895,898
547,20
838,104
526,43
837,689
504,651
174,1002
292,842
936,900
538,708
285,127
986,1018
346,40
784,114
524,575
301,1000
8,234
989,32
944,119
451,589
462,384
625,128
981,140
917,514
144,672
287,519
239,913
728,656
762,859
358,1023
420,423
411,547
279,337
641,100
357,991
222,608
345,1013
390,616
860,769
859,968
702,90
460,484
617,710
31,13
647,538
178,202
554,410
871,897
710,623
596,78
190,713
885,11
48,561
979,145
409,518
802,451
202,736
125,1007
336,975
413,104
836,766
788,471
347,919
169,340
587,620
549,41
333,1021
261,333
158,1007
160,947
516,391
803,563
809,379
339,902
206,43
868,740
1007,598
709,806
525,564
91,3
1003,284
377,1021
210,43
656,64
238,924
458,596
595,152
786,635
897,82
540,33
429,809
838,653
986,107
893,969
177,301
809,623
924,623
271,150
416,633
695,930
248,774
498,634
728,742
476,414
879,956
497,760
950,85
237,332
983,511
873,53
235,459
61,354
541,592
886,518
929,747
111,1006
624,550
55,155
499,82
738,116
553,1024
398,477
905,878
2,864
694,701
540,765
33,375
74,54
793,821
475,351
59,157
916,196
753,85
950,525
351,551
345,803
250,903
455,496
889,568
226,256
355,152
968,886
153,254
573,41
93,211
860,8
83,960
890,717
550,386
514,662
272,39
729,932
768,191
915,889
200,966
205,425
1009,739
850,1003
789,114
111,928
800,161
136,809
128,343
849,503
326,80
641,223
262,882
357,999
811,838
829,485
988,989
138,616
654,144
369,826
528,542
295,672
662,108
214,639
724,631
1021,663
436,705
55,378
938,981
232,322
825,424
256,302
108,751
764,764
469,517
802,683
617,75
821,143
568,378
827,517
863,63
863,90
602,471
908,588
737,719
395,76
221,644
522,82
128,893
105,562
327,935
317,8
132,141
948,270
859,564
820,924
551,566
368,603
954,546
522,304
973,87
999,810
390,134
804,272
567,419
971,57
41,875
251,46
339,467
125,613
1022,804
161,867
583,312
189,916
842,204
556,57
169,385
307,985
656,111
368,5
231,584
772,739
235,283
891,98
178,370
67,188
211,891
193,154
980,242
39,6
841,819
572,920
184,80
541,39
876,86
254,142
34,1013
831,252
542,674
227,235
894,306
254,606
932,114
888,98
913,515
1016,599
1020,428
638,186
752,649
923,665
178,908
970,951
422,206
577,136
929,525
455,569
944,881
869,930
957,606
589,447
824,833
62,238
115,71
579,253
10,873
750,646
385,943
105,331
785,417
582,539
98,978
85,45
962,260
30,83
273,980
235,513
512,613
571,433
95,154
129,392
299,194
54,902
787,455
384,797
695,256
383,270
437,354
19,214
4,915
693,396
331,550
236,922
264,730
477,310
683,718
778,72
283,342
906,181
126,824
731,398
745,495
230,3
918,955
621,41