738,365
739,365
740,365
741,365
742,365
743,365
744,365
745,365
746,365
747,365
748,365
749,365
750,365
751,365
752,365
753,365
754,365
755,365
756,365
757,365
758,365
759,365
760,365
761,365
762,365
763,365
764,365
765,365
766,365
767,365
768,365
769,365
770,365
771,365
772,365
773,365
774,365
775,365
776,365
777,365
778,365
779,365
780,365
781,365
782,365
783,365
784,365
785,365
786,365
787,365
788,365
789,365
790,365
791,365
792,365
793,365
794,365
795,365
796,365
797,365
798,365
799,365
800,365
801,365
802,365
803,365
804,365
805,365
806,365
807,365
808,365
809,365
810,365
811,365
812,365
813,365
814,365
815,365
816,365
817,365
818,365
819,365
820,365
821,365
822,365
823,365
824,365
825,365
826,365
827,365
828,365
829,365
830,365
831,365
832,365
833,365
834,365
835,365
836,365
837,365
838,365
839,365
840,365
841,365
842,365
843,365
844,365
845,365
846,365
847,365
848,365
849,365
850,365
851,365
852,365
853,365
854,365
855,365
856,365
857,365
858,365
859,365
860,365
861,365
862,365
863,365
864,365
865,365
14,285
15,285
16,285
17,285
18,285
19,285
20,285
21,285
22,285
23,285
24,285
25,285
26,285
27,285
28,285
29,285
30,285
31,285
32,285
33,285
34,285
35,285
36,285
37,285
38,285
39,285
40,285
41,285
42,285
43,285
44,285
45,285
46,285
47,285
48,285
49,285
50,285
51,285
52,285
53,285
54,285
55,285
56,285
57,285
58,285
59,285
60,285
61,285
62,285
63,285
64,285
65,285
66,285
67,285
68,285
69,285
70,285
71,285
72,285
73,285
74,285
75,285
76,285
77,285
78,285
79,285
80,285
81,285
82,285
83,285
84,285
85,285
86,285
87,285
88,285
89,285
90,285
91,285
92,285
93,285
94,285
95,285
96,285
97,285
98,285
99,285
100,285
101,285
102,285
103,285
104,285
105,285
106,285
107,285
108,285
109,285
110,285
111,285
112,285
113,285
114,285
115,285
116,285
117,285
118,285
119,285
120,285
121,285
122,285
123,285
124,285
125,285
126,285
127,285
128,285
129,285
130,285
131,285
132,285
133,285
134,285
135,285
136,285
137,285
138,285
139,285
140,285
141,285
558,221
559,221
560,221
561,221
562,221
563,221
564,221
565,221
566,221
567,221
568,221
569,221
570,221
571,221
572,221
573,221
574,221
575,221
576,221
577,221
578,221
579,221
580,221
581,221
582,221
583,221
584,221
585,221
586,221
587,221
588,221
589,221
590,221
591,221
592,221
593,221
594,221
595,221
596,221
597,221
598,221
599,221
600,221
601,221
602,221
603,221
604,221
605,221
606,221
607,221
608,221
609,221
610,221
611,221
612,221
613,221
614,221
615,221
616,221
617,221
618,221
619,221
620,221
621,221
622,221
623,221
624,221
625,221
626,221
627,221
628,221
629,221
630,221
631,221
632,221
633,221
634,221
635,221
636,221
637,221
638,221
639,221
640,221
641,221
642,221
643,221
644,221
645,221
646,221
647,221
648,221
649,221
650,221
651,221
652,221
653,221
654,221
655,221
656,221
657,221
658,221
659,221
660,221
661,221
662,221
663,221
664,221
665,221
666,221
667,221
668,221
669,221
670,221
671,221
672,221
673,221
674,221
675,221
676,221
677,221
678,221
679,221
680,221
681,221
682,221
683,221
684,221
685,221
134,319
135,319
136,319
137,319
138,319
139,319
140,319
141,319
142,319
143,319
144,319
145,319
146,319
147,319
148,319
149,319
150,319
151,319
152,319
153,319
154,319
155,319
156,319
157,319
158,319
159,319
160,319
161,319
162,319
163,319
164,319
165,319
166,319
167,319
168,319
169,319
170,319
171,319
172,319
173,319
174,319
175,319
176,319
177,319
178,319
179,319
180,319
181,319
182,319
183,319
184,319
185,319
186,319
187,319
188,319
189,319
190,319
191,319
192,319
193,319
194,319
195,319
196,319
197,319
198,319
199,319
200,319
201,319
202,319
203,319
204,319
205,319
206,319
207,319
208,319
209,319
210,319
211,319
212,319
213,319
214,319
215,319
216,319
217,319
218,319
219,319
220,319
221,319
222,319
223,319
224,319
225,319
226,319
227,319
228,319
229,319
230,319
231,319
232,319
233,319
234,319
235,319
236,319
237,319
238,319
239,319
240,319
241,319
242,319
243,319
244,319
245,319
246,319
247,319
248,319
249,319
250,319
251,319
252,319
253,319
254,319
255,319
256,319
257,319
258,319
259,319
260,319
261,319
482,49
483,49
484,49
485,49
486,49
487,49
488,49
489,49
490,49
491,49
492,49
493,49
494,49
495,49
496,49
497,49
498,49
499,49
500,49
501,49
502,49
503,49
504,49
505,49
506,49
507,49
508,49
509,49
510,49
511,49
512,49
513,49
514,49
515,49
516,49
517,49
518,49
519,49
520,49
521,49
522,49
523,49
524,49
525,49
526,49
527,49
528,49
529,49
530,49
531,49
532,49
533,49
534,49
535,49
536,49
537,49
538,49
539,49
540,49
541,49
542,49
543,49
544,49
545,49
546,49
547,49
548,49
549,49
550,49
551,49
552,49
553,49
554,49
555,49
556,49
557,49
558,49
559,49
560,49
561,49
562,49
563,49
564,49
565,49
566,49
567,49
568,49
569,49
570,49
571,49
572,49
573,49
574,49
575,49
576,49
577,49
578,49
579,49
580,49
581,49
582,49
583,49
584,49
585,49
586,49
587,49
588,49
589,49
590,49
591,49
592,49
593,49
594,49
595,49
596,49
597,49
598,49
599,49
600,49
601,49
602,49
603,49
604,49
605,49
606,49
607,49
608,49
609,49
840,870
841,870
842,870
843,870
844,870
845,870
846,870
847,870
848,870
849,870
850,870
851,870
852,870
853,870
854,870
855,870
856,870
857,870
858,870
859,870
860,870
861,870
862,870
863,870
864,870
865,870
866,870
867,870
868,870
869,870
870,870
871,870
872,870
873,870
874,870
875,870
876,870
877,870
878,870
879,870
880,870
881,870
882,870
883,870
884,870
885,870
886,870
887,870
888,870
889,870
890,870
891,870
892,870
893,870
894,870
895,870
896,870
897,870
898,870
899,870
900,870
901,870
902,870
903,870
904,870
905,870
906,870
907,870
908,870
909,870
910,870
911,870
912,870
913,870
914,870
915,870
916,870
917,870
918,870
919,870
920,870
921,870
922,870
923,870
924,870
925,870
926,870
927,870
928,870
929,870
930,870
931,870
932,870
933,870
934,870
935,870
936,870
937,870
938,870
939,870
940,870
941,870
942,870
943,870
944,870
945,870
946,870
947,870
948,870
949,870
950,870
951,870
952,870
953,870
954,870
955,870
956,870
957,870
958,870
959,870
960,870
961,870
962,870
963,870
964,870
965,870
966,870
967,870
761,974
762,974
763,974
764,974
765,974
766,974
767,974
768,974
769,974
770,974
771,974
772,974
773,974
774,974
775,974
776,974
777,974
778,974
779,974
780,974
781,974
782,974
783,974
784,974
785,974
786,974
787,974
788,974
789,974
790,974
791,974
792,974
793,974
794,974
795,974
796,974
797,974
798,974
799,974
800,974
801,974
802,974
803,974
804,974
805,974
806,974
807,974
808,974
809,974
810,974
811,974
812,974
813,974
814,974
815,974
816,974
817,974
818,974
819,974
820,974
821,974
822,974
823,974
824,974
825,974
826,974
827,974
828,974
829,974
830,974
831,974
832,974
833,974
834,974
835,974
836,974
837,974
838,974
839,974
840,974
841,974
842,974
843,974
844,974
845,974
846,974
847,974
848,974
849,974
850,974
851,974
852,974
853,974
854,974
855,974
856,974
857,974
858,974
859,974
860,974
861,974
862,974
863,974
864,974
865,974
866,974
867,974
868,974
869,974
870,974
871,974
872,974
873,974
874,974
875,974
876,974
877,974
878,974
879,974
880,974
881,974
882,974
883,974
884,974
885,974
886,974
887,974
888,974
456,337
457,337
458,337
459,337
460,337
461,337
462,337
463,337
464,337
465,337
466,337
467,337
468,337
469,337
470,337
471,337
472,337
473,337
474,337
475,337
476,337
477,337
478,337
479,337
480,337
481,337
482,337
483,337
484,337
485,337
486,337
487,337
488,337
489,337
490,337
491,337
492,337
493,337
494,337
495,337
496,337
497,337
498,337
499,337
500,337
501,337
502,337
503,337
504,337
505,337
506,337
507,337
508,337
509,337
510,337
511,337
512,337
513,337
514,337
515,337
516,337
517,337
518,337
519,337
520,337
521,337
522,337
523,337
524,337
525,337
526,337
527,337
528,337
529,337
530,337
531,337
532,337
533,337
534,337
535,337
536,337
537,337
538,337
539,337
540,337
541,337
542,337
543,337
544,337
545,337
546,337
547,337
548,337
549,337
550,337
551,337
552,337
553,337
554,337
555,337
556,337
557,337
558,337
559,337
560,337
561,337
562,337
563,337
564,337
565,337
566,337
567,337
568,337
569,337
570,337
571,337
572,337
573,337
574,337
575,337
576,337
577,337
578,337
579,337
580,337
581,337
582,337
583,337
638,960
639,960
640,960
641,960
642,960
643,960
644,960
645,960
646,960
647,960
648,960
649,960
650,960
651,960
652,960
653,960
654,960
655,960
656,960
657,960
658,960
659,960
660,960
661,960
662,960
663,960
664,960
665,960
666,960
667,960
668,960
669,960
670,960
671,960
672,960
673,960
674,960
675,960
676,960
677,960
678,960
679,960
680,960
681,960
682,960
683,960
684,960
685,960
686,960
687,960
688,960
689,960
690,960
691,960
692,960
693,960
694,960
695,960
696,960
697,960
698,960
699,960
700,960
701,960
702,960
703,960
704,960
705,960
706,960
707,960
708,960
709,960
710,960
711,960
712,960
713,960
714,960
715,960
716,960
717,960
718,960
719,960
720,960
721,960
722,960
723,960
724,960
725,960
726,960
727,960
728,960
729,960
730,960
731,960
732,960
733,960
734,960
735,960
736,960
737,960
738,960
739,960
740,960
741,960
742,960
743,960
744,960
745,960
746,960
747,960
748,960
749,960
750,960
751,960
752,960
753,960
754,960
755,960
756,960
757,960
758,960
759,960
760,960
761,960
762,960
763,960
764,960
765,960
857,731
858,731
859,731
860,731
861,731
862,731
863,731
864,731
865,731
866,731
867,731
868,731
869,731
870,731
871,731
872,731
873,731
874,731
875,731
876,731
877,731
878,731
879,731
880,731
881,731
882,731
883,731
884,731
885,731
886,731
887,731
888,731
889,731
890,731
891,731
892,731
893,731
894,731
895,731
896,731
897,731
898,731
899,731
900,731
901,731
902,731
903,731
904,731
905,731
906,731
907,731
908,731
909,731
910,731
911,731
912,731
913,731
914,731
915,731
916,731
917,731
918,731
919,731
920,731
921,731
922,731
923,731
924,731
925,731
926,731
927,731
928,731
929,731
930,731
931,731
932,731
933,731
934,731
935,731
936,731
937,731
938,731
939,731
940,731
941,731
942,731
943,731
944,731
945,731
946,731
947,731
948,731
949,731
950,731
951,731
952,731
953,731
954,731
955,731
956,731
957,731
958,731
959,731
960,731
961,731
962,731
963,731
964,731
965,731
966,731
967,731
968,731
969,731
970,731
971,731
972,731
973,731
974,731
975,731
976,731
977,731
978,731
979,731
980,731
981,731
982,731
983,731
984,731
465,37
466,37
467,37
468,37
469,37
470,37
471,37
472,37
473,37
474,37
475,37
476,37
477,37
478,37
479,37
480,37
481,37
482,37
483,37
484,37
485,37
486,37
487,37
488,37
489,37
490,37
491,37
492,37
493,37
494,37
495,37
496,37
497,37
498,37
499,37
500,37
501,37
502,37
503,37
504,37
505,37
506,37
507,37
508,37
509,37
510,37
511,37
512,37
513,37
514,37
515,37
516,37
517,37
518,37
519,37
520,37
521,37
522,37
523,37
524,37
525,37
526,37
527,37
528,37
529,37
530,37
531,37
532,37
533,37
534,37
535,37
536,37
537,37
538,37
539,37
540,37
541,37
542,37
543,37
544,37
545,37
546,37
547,37
548,37
549,37
550,37
551,37
552,37
553,37
554,37
555,37
556,37
557,37
558,37
559,37
560,37
561,37
562,37
563,37
564,37
565,37
566,37
567,37
568,37
569,37
570,37
571,37
572,37
573,37
574,37
575,37
576,37
577,37
578,37
579,37
580,37
581,37
582,37
583,37
584,37
585,37
586,37
587,37
588,37
589,37
590,37
591,37
592,37
603,444
604,444
605,444
606,444
607,444
608,444
609,444
610,444
611,444
612,444
613,444
614,444
615,444
616,444
617,444
618,444
619,444
620,444
621,444
622,444
623,444
624,444
625,444
626,444
627,444
628,444
629,444
630,444
631,444
632,444
633,444
634,444
635,444
636,444
637,444
638,444
639,444
640,444
641,444
642,444
643,444
644,444
645,444
646,444
647,444
648,444
649,444
650,444
651,444
652,444
653,444
654,444
655,444
656,444
657,444
658,444
659,444
660,444
661,444
662,444
663,444
664,444
665,444
666,444
667,444
668,444
669,444
670,444
671,444
672,444
673,444
674,444
675,444
676,444
677,444
678,444
679,444
680,444
681,444
682,444
683,444
684,444
685,444
686,444
687,444
688,444
689,444
690,444
691,444
692,444
693,444
694,444
695,444
696,444
697,444
698,444
699,444
700,444
701,444
702,444
703,444
704,444
705,444
706,444
707,444
708,444
709,444
710,444
711,444
712,444
713,444
714,444
715,444
716,444
717,444
718,444
719,444
720,444
721,444
722,444
723,444
724,444
725,444
726,444
727,444
728,444
729,444
730,444
809,705
810,705
811,705
812,705
813,705
814,705
815,705
816,705
817,705
818,705
819,705
820,705
821,705
822,705
823,705
824,705
825,705
826,705
827,705
828,705
829,705
830,705
831,705
832,705
833,705
834,705
835,705
836,705
837,705
838,705
839,705
840,705
841,705
842,705
843,705
844,705
845,705
846,705
847,705
848,705
849,705
850,705
851,705
852,705
853,705
854,705
855,705
856,705
857,705
858,705
859,705
860,705
861,705
862,705
863,705
864,705
865,705
866,705
867,705
868,705
869,705
870,705
871,705
872,705
873,705
874,705
875,705
876,705
877,705
878,705
879,705
880,705
881,705
882,705
883,705
884,705
885,705
886,705
887,705
888,705
889,705
890,705
891,705
892,705
893,705
894,705
895,705
896,705
897,705
898,705
899,705
900,705
901,705
902,705
903,705
904,705
905,705
906,705
907,705
908,705
909,705
910,705
911,705
912,705
913,705
914,705
915,705
916,705
917,705
918,705
919,705
920,705
921,705
922,705
923,705
924,705
925,705
926,705
927,705
928,705
929,705
930,705
931,705
932,705
933,705
934,705
935,705
936,705
561,462
562,462
563,462
564,462
565,462
566,462
567,462
568,462
569,462
570,462
571,462
572,462
573,462
574,462
575,462
576,462
577,462
578,462
579,462
580,462
581,462
582,462
583,462
584,462
585,462
586,462
587,462
588,462
589,462
590,462
591,462
592,462
593,462
594,462
595,462
596,462
597,462
598,462
599,462
600,462
601,462
602,462
603,462
604,462
605,462
606,462
607,462
608,462
609,462
610,462
611,462
612,462
613,462
614,462
615,462
616,462
617,462
618,462
619,462
620,462
621,462
622,462
623,462
624,462
625,462
626,462
627,462
628,462
629,462
630,462
631,462
632,462
633,462
634,462
635,462
636,462
637,462
638,462
639,462
640,462
641,462
642,462
643,462
644,462
645,462
646,462
647,462
648,462
649,462
650,462
651,462
652,462
653,462
654,462
655,462
656,462
657,462
658,462
659,462
660,462
661,462
662,462
663,462
664,462
665,462
666,462
667,462
668,462
669,462
670,462
671,462
672,462
673,462
674,462
675,462
676,462
677,462
678,462
679,462
680,462
681,462
682,462
683,462
684,462
685,462
686,462
687,462
688,462
682,422
683,422
684,422
685,422
686,422
687,422
688,422
689,422
690,422
691,422
692,422
693,422
694,422
695,422
696,422
697,422
698,422
699,422
700,422
701,422
702,422
703,422
704,422
705,422
706,422
707,422
708,422
709,422
710,422
711,422
712,422
713,422
714,422
715,422
716,422
717,422
718,422
719,422
720,422
721,422
722,422
723,422
724,422
725,422
726,422
727,422
728,422
729,422
730,422
731,422
732,422
733,422
734,422
735,422
736,422
737,422
738,422
739,422
740,422
741,422
742,422
743,422
744,422
745,422
746,422
747,422
748,422
749,422
750,422
751,422
752,422
753,422
754,422
755,422
756,422
757,422
758,422
759,422
760,422
761,422
762,422
763,422
764,422
765,422
766,422
767,422
768,422
769,422
770,422
771,422
772,422
773,422
774,422
775,422
776,422
777,422
778,422
779,422
780,422
781,422
782,422
783,422
784,422
785,422
786,422
787,422
788,422
789,422
790,422
791,422
792,422
793,422
794,422
795,422
796,422
797,422
798,422
799,422
800,422
801,422
802,422
803,422
804,422
805,422
806,422
807,422
808,422
809,422
164,423
165,423
166,423
167,423
168,423
169,423
170,423
171,423
172,423
173,423
174,423
175,423
176,423
177,423
178,423
179,423
180,423
181,423
182,423
183,423
184,423
185,423
186,423
187,423
188,423
189,423
190,423
191,423
192,423
193,423
194,423
195,423
196,423
197,423
198,423
199,423
200,423
201,423
202,423
203,423
204,423
205,423
206,423
207,423
208,423
209,423
210,423
211,423
212,423
213,423
214,423
215,423
216,423
217,423
218,423
219,423
220,423
221,423
222,423
223,423
224,423
225,423
226,423
227,423
228,423
229,423
230,423
231,423
232,423
233,423
234,423
235,423
236,423
237,423
238,423
239,423
240,423
241,423
242,423
243,423
244,423
245,423
246,423
247,423
248,423
249,423
250,423
251,423
252,423
253,423
254,423
255,423
256,423
257,423
258,423
259,423
260,423
261,423
262,423
263,423
264,423
265,423
266,423
267,423
268,423
269,423
270,423
271,423
272,423
273,423
274,423
275,423
276,423
277,423
278,423
279,423
280,423
281,423
282,423
283,423
284,423
285,423
286,423
287,423
288,423
289,423
290,423
291,423
634,455
635,455
636,455
637,455
638,455
639,455
640,455
641,455
642,455
643,455
644,455
645,455
646,455
647,455
648,455
649,455
650,455
651,455
652,455
653,455
654,455
655,455
656,455
657,455
658,455
659,455
660,455
661,455
662,455
663,455
664,455
665,455
666,455
667,455
668,455
669,455
670,455
671,455
672,455
673,455
674,455
675,455
676,455
677,455
678,455
679,455
680,455
681,455
682,455
683,455
684,455
685,455
686,455
687,455
688,455
689,455
690,455
691,455
692,455
693,455
694,455
695,455
696,455
697,455
698,455
699,455
700,455
701,455
702,455
703,455
704,455
705,455
706,455
707,455
708,455
709,455
710,455
711,455
712,455
713,455
714,455
715,455
716,455
717,455
718,455
719,455
720,455
721,455
722,455
723,455
724,455
725,455
726,455
727,455
728,455
729,455
730,455
731,455
732,455
733,455
734,455
735,455
736,455
737,455
738,455
739,455
740,455
741,455
742,455
743,455
744,455
745,455
746,455
747,455
748,455
749,455
750,455
751,455
752,455
753,455
754,455
755,455
756,455
757,455
758,455
759,455
760,455
761,455
488,362
489,362
490,362
491,362
492,362
493,362
494,362
495,362
496,362
497,362
498,362
499,362
500,362
501,362
502,362
503,362
504,362
505,362
506,362
507,362
508,362
509,362
510,362
511,362
512,362
513,362
514,362
515,362
516,362
517,362
518,362
519,362
520,362
521,362
522,362
523,362
524,362
525,362
526,362
527,362
528,362
529,362
530,362
531,362
532,362
533,362
534,362
535,362
536,362
537,362
538,362
539,362
540,362
541,362
542,362
543,362
544,362
545,362
546,362
547,362
548,362
549,362
550,362
551,362
552,362
553,362
554,362
555,362
556,362
557,362
558,362
559,362
560,362
561,362
562,362
563,362
564,362
565,362
566,362
567,362
568,362
569,362
570,362
571,362
572,362
573,362
574,362
575,362
576,362
577,362
578,362
579,362
580,362
581,362
582,362
583,362
584,362
585,362
586,362
587,362
588,362
589,362
590,362
591,362
592,362
593,362
594,362
595,362
596,362
597,362
598,362
599,362
600,362
601,362
602,362
603,362
604,362
605,362
606,362
607,362
608,362
609,362
610,362
611,362
612,362
613,362
614,362
615,362
672,1020
673,1020
674,1020
675,1020
676,1020
677,1020
678,1020
679,1020
680,1020
681,1020
682,1020
683,1020
684,1020
685,1020
686,1020
687,1020
688,1020
689,1020
690,1020
691,1020
692,1020
693,1020
694,1020
695,1020
696,1020
697,1020
698,1020
699,1020
700,1020
701,1020
702,1020
703,1020
704,1020
705,1020
706,1020
707,1020
708,1020
709,1020
710,1020
711,1020
712,1020
713,1020
714,1020
715,1020
716,1020
717,1020
718,1020
719,1020
720,1020
721,1020
722,1020
723,1020
724,1020
725,1020
726,1020
727,1020
728,1020
729,1020
730,1020
731,1020
732,1020
733,1020
734,1020
735,1020
736,1020
737,1020
738,1020
739,1020
740,1020
741,1020
742,1020
743,1020
744,1020
745,1020
746,1020
747,1020
748,1020
749,1020
750,1020
751,1020
752,1020
753,1020
754,1020
755,1020
756,1020
757,1020
758,1020
759,1020
760,1020
761,1020
762,1020
763,1020
764,1020
765,1020
766,1020
767,1020
768,1020
769,1020
770,1020
771,1020
772,1020
773,1020
774,1020
775,1020
776,1020
777,1020
778,1020
779,1020
780,1020
781,1020
782,1020
783,1020
784,1020
785,1020
786,1020
787,1020
788,1020
789,1020
790,1020
791,1020
792,1020
793,1020
794,1020
795,1020
796,1020
797,1020
798,1020
799,1020
807,946
808,946
809,946
810,946
811,946
812,946
813,946
814,946
815,946
816,946
817,946
818,946
819,946
820,946
821,946
822,946
823,946
824,946
825,946
826,946
827,946
828,946
829,946
830,946
831,946
832,946
833,946
834,946
835,946
836,946
837,946
838,946
839,946
840,946
841,946
842,946
843,946
844,946
845,946
846,946
847,946
848,946
849,946
850,946
851,946
852,946
853,946
854,946
855,946
856,946
857,946
858,946
859,946
860,946
861,946
862,946
863,946
864,946
865,946
866,946
867,946
868,946
869,946
870,946
871,946
872,946
873,946
874,946
875,946
876,946
877,946
878,946
879,946
880,946
881,946
882,946
883,946
884,946
885,946
886,946
887,946
888,946
889,946
890,946
891,946
892,946
893,946
894,946
895,946
896,946
897,946
898,946
899,946
900,946
901,946
902,946
903,946
904,946
905,946
906,946
907,946
908,946
909,946
910,946
911,946
912,946
913,946
914,946
915,946
916,946
917,946
918,946
919,946
920,946
921,946
922,946
923,946
924,946
925,946
926,946
927,946
928,946
929,946
930,946
931,946
932,946
933,946
934,946
268,267
269,267
270,267
271,267
272,267
273,267
274,267
275,267
276,267
277,267
278,267
279,267
280,267
281,267
282,267
283,267
284,267
285,267
286,267
287,267
288,267
289,267
290,267
291,267
292,267
293,267
294,267
295,267
296,267
297,267
298,267
299,267
300,267
301,267
302,267
303,267
304,267
305,267
306,267
307,267
308,267
309,267
310,267
311,267
312,267
313,267
314,267
315,267
316,267
317,267
318,267
319,267
320,267
321,267
322,267
323,267
324,267
325,267
326,267
327,267
328,267
329,267
330,267
331,267
332,267
333,267
334,267
335,267
336,267
337,267
338,267
339,267
340,267
341,267
342,267
343,267
344,267
345,267
346,267
347,267
348,267
349,267
350,267
351,267
352,267
353,267
354,267
355,267
356,267
357,267
358,267
359,267
360,267
361,267
362,267
363,267
364,267
365,267
366,267
367,267
368,267
369,267
370,267
371,267
372,267
373,267
374,267
375,267
376,267
377,267
378,267
379,267
380,267
381,267
382,267
383,267
384,267
385,267
386,267
387,267
388,267
389,267
390,267
391,267
392,267
393,267
394,267
395,267
118,993
119,993
120,993
121,993
122,993
123,993
124,993
125,993
126,993
127,993
128,993
129,993
130,993
131,993
132,993
133,993
134,993
135,993
136,993
137,993
138,993
139,993
140,993
141,993
142,993
143,993
144,993
145,993
146,993
147,993
148,993
149,993
150,993
151,993
152,993
153,993
154,993
155,993
156,993
157,993
158,993
159,993
160,993
161,993
162,993
163,993
164,993
165,993
166,993
167,993
168,993
169,993
170,993
171,993
172,993
173,993
174,993
175,993
176,993
177,993
178,993
179,993
180,993
181,993
182,993
183,993
184,993
185,993
186,993
187,993
188,993
189,993
190,993
191,993
192,993
193,993
194,993
195,993
196,993
197,993
198,993
199,993
200,993
201,993
202,993
203,993
204,993
205,993
206,993
207,993
208,993
209,993
210,993
211,993
212,993
213,993
214,993
215,993
216,993
217,993
218,993
219,993
220,993
221,993
222,993
223,993
224,993
225,993
226,993
227,993
228,993
229,993
230,993
231,993
232,993
233,993
234,993
235,993
236,993
237,993
238,993
239,993
240,993
241,993
242,993
243,993
244,993
245,993
156,1023
157,1023
158,1023
159,1023
160,1023
161,1023
162,1023
163,1023
164,1023
165,1023
166,1023
167,1023
168,1023
169,1023
170,1023
171,1023
172,1023
173,1023
174,1023
175,1023
176,1023
177,1023
178,1023
179,1023
180,1023
181,1023
182,1023
183,1023
184,1023
185,1023
186,1023
187,1023
188,1023
189,1023
190,1023
191,1023
192,1023
193,1023
194,1023
195,1023
196,1023
197,1023
198,1023
199,1023
200,1023
201,1023
202,1023
203,1023
204,1023
205,1023
206,1023
207,1023
208,1023
209,1023
210,1023
211,1023
212,1023
213,1023
214,1023
215,1023
216,1023
217,1023
218,1023
219,1023
220,1023
221,1023
222,1023
223,1023
224,1023
225,1023
226,1023
227,1023
228,1023
229,1023
230,1023
231,1023
232,1023
233,1023
234,1023
235,1023
236,1023
237,1023
238,1023
239,1023
240,1023
241,1023
242,1023
243,1023
244,1023
245,1023
246,1023
247,1023
248,1023
249,1023
250,1023
251,1023
252,1023
253,1023
254,1023
255,1023
256,1023
257,1023
258,1023
259,1023
260,1023
261,1023
262,1023
263,1023
264,1023
265,1023
266,1023
267,1023
268,1023
269,1023
270,1023
271,1023
272,1023
273,1023
274,1023
275,1023
276,1023
277,1023
278,1023
279,1023
280,1023
281,1023
282,1023
283,1023
274,471
275,471
276,471
277,471
278,471
279,471
280,471
281,471
282,471
283,471
284,471
285,471
286,471
287,471
288,471
289,471
290,471
291,471
292,471
293,471
294,471
295,471
296,471
297,471
298,471
299,471
300,471
301,471
302,471
303,471
304,471
305,471
306,471
307,471
308,471
309,471
310,471
311,471
312,471
313,471
314,471
315,471
316,471
317,471
318,471
319,471
320,471
321,471
322,471
323,471
324,471
325,471
326,471
327,471
328,471
329,471
330,471
331,471
332,471
333,471
334,471
335,471
336,471
337,471
338,471
339,471
340,471
341,471
342,471
343,471
344,471
345,471
346,471
347,471
348,471
349,471
350,471
351,471
352,471
353,471
354,471
355,471
356,471
357,471
358,471
359,471
360,471
361,471
362,471
363,471
364,471
365,471
366,471
367,471
368,471
369,471
370,471
371,471
372,471
373,471
374,471
375,471
376,471
377,471
378,471
379,471
380,471
381,471
382,471
383,471
384,471
385,471
386,471
387,471
388,471
389,471
390,471
391,471
392,471
393,471
394,471
395,471
396,471
397,471
398,471
399,471
400,471
401,471
735,716
736,716
737,716
738,716
739,716
740,716
741,716
742,716
743,716
744,716
745,716
746,716
747,716
748,716
749,716
750,716
751,716
752,716
753,716
754,716
755,716
756,716
757,716
758,716
759,716
760,716
761,716
762,716
763,716
764,716
765,716
766,716
767,716
768,716
769,716
770,716
771,716
772,716
773,716
774,716
775,716
776,716
777,716
778,716
779,716
780,716
781,716
782,716
783,716
784,716
785,716
786,716
787,716
788,716
789,716
790,716
791,716
792,716
793,716
794,716
795,716
796,716
797,716
798,716
799,716
800,716
801,716
802,716
803,716
804,716
805,716
806,716
807,716
808,716
809,716
810,716
811,716
812,716
813,716
814,716
815,716
816,716
817,716
818,716
819,716
820,716
821,716
822,716
823,716
824,716
825,716
826,716
827,716
828,716
829,716
830,716
831,716
832,716
833,716
834,716
835,716
836,716
837,716
838,716
839,716
840,716
841,716
842,716
843,716
844,716
845,716
846,716
847,716
848,716
849,716
850,716
851,716
852,716
853,716
854,716
855,716
856,716
857,716
858,716
859,716
860,716
861,716
862,716
277,729
278,729
279,729
280,729
281,729
282,729
283,729
284,729
285,729
286,729
287,729
288,729
289,729
290,729
291,729
292,729
293,729
294,729
295,729
296,729
297,729
298,729
299,729
300,729
301,729
302,729
303,729
304,729
305,729
306,729
307,729
308,729
309,729
310,729
311,729
312,729
313,729
314,729
315,729
316,729
317,729
318,729
319,729
320,729
321,729
322,729
323,729
324,729
325,729
326,729
327,729
328,729
329,729
330,729
331,729
332,729
333,729
334,729
335,729
336,729
337,729
338,729
339,729
340,729
341,729
342,729
343,729
344,729
345,729
346,729
347,729
348,729
349,729
350,729
351,729
352,729
353,729
354,729
355,729
356,729
357,729
358,729
359,729
360,729
361,729
362,729
363,729
364,729
365,729
366,729
367,729
368,729
369,729
370,729
371,729
372,729
373,729
374,729
375,729
376,729
377,729
378,729
379,729
380,729
381,729
382,729
383,729
384,729
385,729
386,729
387,729
388,729
389,729
390,729
391,729
392,729
393,729
394,729
395,729
396,729
397,729
398,729
399,729
400,729
401,729
402,729
403,729
404,729
135,13
136,13
137,13
138,13
139,13
140,13
141,13
142,13
143,13
144,13
145,13
146,13
147,13
148,13
149,13
150,13
151,13
152,13
153,13
154,13
155,13
156,13
157,13
158,13
159,13
160,13
161,13
162,13
163,13
164,13
165,13
166,13
167,13
168,13
169,13
170,13
171,13
172,13
173,13
174,13
175,13
176,13
177,13
178,13
179,13
180,13
181,13
182,13
183,13
184,13
185,13
186,13
187,13
188,13
189,13
190,13
191,13
192,13
193,13
194,13
195,13
196,13
197,13
198,13
199,13
200,13
201,13
202,13
203,13
204,13
205,13
206,13
207,13
208,13
209,13
210,13
211,13
212,13
213,13
214,13
215,13
216,13
217,13
218,13
219,13
220,13
221,13
222,13
223,13
224,13
225,13
226,13
227,13
228,13
229,13
230,13
231,13
232,13
233,13
234,13
235,13
236,13
237,13
238,13
239,13
240,13
241,13
242,13
243,13
244,13
245,13
246,13
247,13
248,13
249,13
250,13
251,13
252,13
253,13
254,13
255,13
256,13
257,13
258,13
259,13
260,13
261,13
262,13
237,473
238,473
239,473
240,473
241,473
242,473
243,473
244,473
245,473
246,473
247,473
248,473
249,473
250,473
251,473
252,473
253,473
254,473
255,473
256,473
257,473
258,473
259,473
260,473
261,473
262,473
263,473
264,473
265,473
266,473
267,473
268,473
269,473
270,473
271,473
272,473
273,473
274,473
275,473
276,473
277,473
278,473
279,473
280,473
281,473
282,473
283,473
284,473
285,473
286,473
287,473
288,473
289,473
290,473
291,473
292,473
293,473
294,473
295,473
296,473
297,473
298,473
299,473
300,473
301,473
302,473
303,473
304,473
305,473
306,473
307,473
308,473
309,473
310,473
311,473
312,473
313,473
314,473
315,473
316,473
317,473
318,473
319,473
320,473
321,473
322,473
323,473
324,473
325,473
326,473
327,473
328,473
329,473
330,473
331,473
332,473
333,473
334,473
335,473
336,473
337,473
338,473
339,473
340,473
341,473
342,473
343,473
344,473
345,473
346,473
347,473
348,473
349,473
350,473
351,473
352,473
353,473
354,473
355,473
356,473
357,473
358,473
359,473
360,473
361,473
362,473
363,473
364,473
745,18
746,18
747,18
748,18
749,18
750,18
751,18
752,18
753,18
754,18
755,18
756,18
757,18
758,18
759,18
760,18
761,18
762,18
763,18
764,18
765,18
766,18
767,18
768,18
769,18
770,18
771,18
772,18
773,18
774,18
775,18
776,18
777,18
778,18
779,18
780,18
781,18
782,18
783,18
784,18
785,18
786,18
787,18
788,18
789,18
790,18
791,18
792,18
793,18
794,18
795,18
796,18
797,18
798,18
799,18
800,18
801,18
802,18
803,18
804,18
805,18
806,18
807,18
808,18
809,18
810,18
811,18
812,18
813,18
814,18
815,18
816,18
817,18
818,18
819,18
820,18
821,18
822,18
823,18
824,18
825,18
826,18
827,18
828,18
829,18
830,18
831,18
832,18
833,18
834,18
835,18
836,18
837,18
838,18
839,18
840,18
841,18
842,18
843,18
844,18
845,18
846,18
847,18
848,18
849,18
850,18
851,18
852,18
853,18
854,18
855,18
856,18
857,18
858,18
859,18
860,18
861,18
862,18
863,18
864,18
865,18
866,18
867,18
868,18
869,18
870,18
871,18
872,18
521,464
522,464
523,464
524,464
525,464
526,464
527,464
528,464
529,464
530,464
531,464
532,464
533,464
534,464
535,464
536,464
537,464
538,464
539,464
540,464
541,464
542,464
543,464
544,464
545,464
546,464
547,464
548,464
549,464
550,464
551,464
552,464
553,464
554,464
555,464
556,464
557,464
558,464
559,464
560,464
561,464
562,464
563,464
564,464
565,464
566,464
567,464
568,464
569,464
570,464
571,464
572,464
573,464
574,464
575,464
576,464
577,464
578,464
579,464
580,464
581,464
582,464
583,464
584,464
585,464
586,464
587,464
588,464
589,464
590,464
591,464
592,464
593,464
594,464
595,464
596,464
597,464
598,464
599,464
600,464
601,464
602,464
603,464
604,464
605,464
606,464
607,464
608,464
609,464
610,464
611,464
612,464
613,464
614,464
615,464
616,464
617,464
618,464
619,464
620,464
621,464
622,464
623,464
624,464
625,464
626,464
627,464
628,464
629,464
630,464
631,464
632,464
633,464
634,464
635,464
636,464
637,464
638,464
639,464
640,464
641,464
642,464
643,464
644,464
645,464
646,464
647,464
648,464
885,337
886,337
887,337
888,337
889,337
890,337
891,337
892,337
893,337
894,337
895,337
896,337
897,337
898,337
899,337
900,337
901,337
902,337
903,337
904,337
905,337
906,337
907,337
908,337
909,337
910,337
911,337
912,337
913,337
914,337
915,337
916,337
917,337
918,337
919,337
920,337
921,337
922,337
923,337
924,337
925,337
926,337
927,337
928,337
929,337
930,337
931,337
932,337
933,337
934,337
935,337
936,337
937,337
938,337
939,337
940,337
941,337
942,337
943,337
944,337
945,337
946,337
947,337
948,337
949,337
950,337
951,337
952,337
953,337
954,337
955,337
956,337
957,337
958,337
959,337
960,337
961,337
962,337
963,337
964,337
965,337
966,337
967,337
968,337
969,337
970,337
971,337
972,337
973,337
974,337
975,337
976,337
977,337
978,337
979,337
980,337
981,337
982,337
983,337
984,337
985,337
986,337
987,337
988,337
989,337
990,337
991,337
992,337
993,337
994,337
995,337
996,337
997,337
998,337
999,337
1000,337
1001,337
1002,337
1003,337
1004,337
1005,337
1006,337
1007,337
1008,337
1009,337
1010,337
1011,337
1012,337
866,819
867,819
868,819
869,819
870,819
871,819
872,819
873,819
874,819
875,819
876,819
877,819
878,819
879,819
880,819
881,819
882,819
883,819
884,819
885,819
886,819
887,819
888,819
889,819
890,819
891,819
892,819
893,819
894,819
895,819
896,819
897,819
898,819
899,819
900,819
901,819
902,819
903,819
904,819
905,819
906,819
907,819
908,819
909,819
910,819
911,819
912,819
913,819
914,819
915,819
916,819
917,819
918,819
919,819
920,819
921,819
922,819
923,819
924,819
925,819
926,819
927,819
928,819
929,819
930,819
931,819
932,819
933,819
934,819
935,819
936,819
937,819
938,819
939,819
940,819
941,819
942,819
943,819
944,819
945,819
946,819
947,819
948,819
949,819
950,819
951,819
952,819
953,819
954,819
955,819
956,819
957,819
958,819
959,819
960,819
961,819
962,819
963,819
964,819
965,819
966,819
967,819
968,819
969,819
970,819
971,819
972,819
973,819
974,819
975,819
976,819
977,819
978,819
979,819
980,819
981,819
982,819
983,819
984,819
985,819
986,819
987,819
988,819
989,819
990,819
991,819
992,819
993,819
867,801
868,801
869,801
870,801
871,801
872,801
873,801
874,801
875,801
876,801
877,801
878,801
879,801
880,801
881,801
882,801
883,801
884,801
885,801
886,801
887,801
888,801
889,801
890,801
891,801
892,801
893,801
894,801
895,801
896,801
897,801
898,801
899,801
900,801
901,801
902,801
903,801
904,801
905,801
906,801
907,801
908,801
909,801
910,801
911,801
912,801
913,801
914,801
915,801
916,801
917,801
918,801
919,801
920,801
921,801
922,801
923,801
924,801
925,801
926,801
927,801
928,801
929,801
930,801
931,801
932,801
933,801
934,801
935,801
936,801
937,801
938,801
939,801
940,801
941,801
942,801
943,801
944,801
945,801
946,801
947,801
948,801
949,801
950,801
951,801
952,801
953,801
954,801
955,801
956,801
957,801
958,801
959,801
960,801
961,801
962,801
963,801
964,801
965,801
966,801
967,801
968,801
969,801
970,801
971,801
972,801
973,801
974,801
975,801
976,801
977,801
978,801
979,801
980,801
981,801
982,801
983,801
984,801
985,801
986,801
987,801
988,801
989,801
990,801
991,801
992,801
993,801
994,801
118,173
119,173
120,173
121,173
122,173
123,173
124,173
125,173
126,173
127,173
128,173
129,173
130,173
131,173
132,173
133,173
134,173
135,173
136,173
137,173
138,173
139,173
140,173
141,173
142,173
143,173
144,173
145,173
146,173
147,173
148,173
149,173
150,173
151,173
152,173
153,173
154,173
155,173
156,173
157,173
158,173
159,173
160,173
161,173
162,173
163,173
164,173
165,173
166,173
167,173
168,173
169,173
170,173
171,173
172,173
173,173
174,173
175,173
176,173
177,173
178,173
179,173
180,173
181,173
182,173
183,173
184,173
185,173
186,173
187,173
188,173
189,173
190,173
191,173
192,173
193,173
194,173
195,173
196,173
197,173
198,173
199,173
200,173
201,173
202,173
203,173
204,173
205,173
206,173
207,173
208,173
209,173
210,173
211,173
212,173
213,173
214,173
215,173
216,173
217,173
218,173
219,173
220,173
221,173
222,173
223,173
224,173
225,173
226,173
227,173
228,173
229,173
230,173
231,173
232,173
233,173
234,173
235,173
236,173
237,173
238,173
239,173
240,173
241,173
242,173
243,173
244,173
245,173
295,52
296,52
297,52
298,52
299,52
300,52
301,52
302,52
303,52
304,52
305,52
306,52
307,52
308,52
309,52
310,52
311,52
312,52
313,52
314,52
315,52
316,52
317,52
318,52
319,52
320,52
321,52
322,52
323,52
324,52
325,52
326,52
327,52
328,52
329,52
330,52
331,52
332,52
333,52
334,52
335,52
336,52
337,52
338,52
339,52
340,52
341,52
342,52
343,52
344,52
345,52
346,52
347,52
348,52
349,52
350,52
351,52
352,52
353,52
354,52
355,52
356,52
357,52
358,52
359,52
360,52
361,52
362,52
363,52
364,52
365,52
366,52
367,52
368,52
369,52
370,52
371,52
372,52
373,52
374,52
375,52
376,52
377,52
378,52
379,52
380,52
381,52
382,52
383,52
384,52
385,52
386,52
387,52
388,52
389,52
390,52
391,52
392,52
393,52
394,52
395,52
396,52
397,52
398,52
399,52
400,52
401,52
402,52
403,52
404,52
405,52
406,52
407,52
408,52
409,52
410,52
411,52
412,52
413,52
414,52
415,52
416,52
417,52
418,52
419,52
420,52
421,52
422,52
135,205
136,205
137,205
138,205
139,205
140,205
141,205
142,205
143,205
144,205
145,205
146,205
147,205
148,205
149,205
150,205
151,205
152,205
153,205
154,205
155,205
156,205
157,205
158,205
159,205
160,205
161,205
162,205
163,205
164,205
165,205
166,205
167,205
168,205
169,205
170,205
171,205
172,205
173,205
174,205
175,205
176,205
177,205
178,205
179,205
180,205
181,205
182,205
183,205
184,205
185,205
186,205
187,205
188,205
189,205
190,205
191,205
192,205
193,205
194,205
195,205
196,205
197,205
198,205
199,205
200,205
201,205
202,205
203,205
204,205
205,205
206,205
207,205
208,205
209,205
210,205
211,205
212,205
213,205
214,205
215,205
216,205
217,205
218,205
219,205
220,205
221,205
222,205
223,205
224,205
225,205
226,205
227,205
228,205
229,205
230,205
231,205
232,205
233,205
234,205
235,205
236,205
237,205
238,205
239,205
240,205
241,205
242,205
243,205
244,205
245,205
246,205
247,205
248,205
249,205
250,205
251,205
252,205
253,205
254,205
255,205
256,205
257,205
258,205
259,205
260,205
261,205
262,205
826,1021
827,1021
828,1021
829,1021
830,1021
831,1021
832,1021
833,1021
834,1021
835,1021
836,1021
837,1021
838,1021
839,1021
840,1021
841,1021
842,1021
843,1021
844,1021
845,1021
846,1021
847,1021
848,1021
849,1021
850,1021
851,1021
852,1021
853,1021
854,1021
855,1021
856,1021
857,1021
858,1021
859,1021
860,1021
861,1021
862,1021
863,1021
864,1021
865,1021
866,1021
867,1021
868,1021
869,1021
870,1021
871,1021
872,1021
873,1021
874,1021
875,1021
876,1021
877,1021
878,1021
879,1021
880,1021
881,1021
882,1021
883,1021
884,1021
885,1021
886,1021
887,1021
888,1021
889,1021
890,1021
891,1021
892,1021
893,1021
894,1021
895,1021
896,1021
897,1021
898,1021
899,1021
900,1021
901,1021
902,1021
903,1021
904,1021
905,1021
906,1021
907,1021
908,1021
909,1021
910,1021
911,1021
912,1021
913,1021
914,1021
915,1021
916,1021
917,1021
918,1021
919,1021
920,1021
921,1021
922,1021
923,1021
924,1021
925,1021
926,1021
927,1021
928,1021
929,1021
930,1021
931,1021
932,1021
933,1021
934,1021
935,1021
936,1021
937,1021
938,1021
939,1021
940,1021
941,1021
942,1021
943,1021
944,1021
945,1021
946,1021
947,1021
948,1021
949,1021
950,1021
951,1021
952,1021
953,1021
874,823
875,823
876,823
877,823
878,823
879,823
880,823
881,823
882,823
883,823
884,823
885,823
886,823
887,823
888,823
889,823
890,823
891,823
892,823
893,823
894,823
895,823
896,823
897,823
898,823
899,823
900,823
901,823
902,823
903,823
904,823
905,823
906,823
907,823
908,823
909,823
910,823
911,823
912,823
913,823
914,823
915,823
916,823
917,823
918,823
919,823
920,823
921,823
922,823
923,823
924,823
925,823
926,823
927,823
928,823
929,823
930,823
931,823
932,823
933,823
934,823
935,823
936,823
937,823
938,823
939,823
940,823
941,823
942,823
943,823
944,823
945,823
946,823
947,823
948,823
949,823
950,823
951,823
952,823
953,823
954,823
955,823
956,823
957,823
958,823
959,823
960,823
961,823
962,823
963,823
964,823
965,823
966,823
967,823
968,823
969,823
970,823
971,823
972,823
973,823
974,823
975,823
976,823
977,823
978,823
979,823
980,823
981,823
982,823
983,823
984,823
985,823
986,823
987,823
988,823
989,823
990,823
991,823
992,823
993,823
994,823
995,823
996,823
997,823
998,823
999,823
1000,823
1001,823
192,500
193,500
194,500
195,500
196,500
197,500
198,500
199,500
200,500
201,500
202,500
203,500
204,500
205,500
206,500
207,500
208,500
209,500
210,500
211,500
212,500
213,500
214,500
215,500
216,500
217,500
218,500
219,500
220,500
221,500
222,500
223,500
224,500
225,500
226,500
227,500
228,500
229,500
230,500
231,500
232,500
233,500
234,500
235,500
236,500
237,500
238,500
239,500
240,500
241,500
242,500
243,500
244,500
245,500
246,500
247,500
248,500
249,500
250,500
251,500
252,500
253,500
254,500
255,500
256,500
257,500
258,500
259,500
260,500
261,500
262,500
263,500
264,500
265,500
266,500
267,500
268,500
269,500
270,500
271,500
272,500
273,500
274,500
275,500
276,500
277,500
278,500
279,500
280,500
281,500
282,500
283,500
284,500
285,500
286,500
287,500
288,500
289,500
290,500
291,500
292,500
293,500
294,500
295,500
296,500
297,500
298,500
299,500
300,500
301,500
302,500
303,500
304,500
305,500
306,500
307,500
308,500
309,500
310,500
311,500
312,500
313,500
314,500
315,500
316,500
317,500
318,500
319,500
84,108
85,108
86,108
87,108
88,108
89,108
90,108
91,108
92,108
93,108
94,108
95,108
96,108
97,108
98,108
99,108
100,108
101,108
102,108
103,108
104,108
105,108
106,108
107,108
108,108
109,108
110,108
111,108
112,108
113,108
114,108
115,108
116,108
117,108
118,108
119,108
120,108
121,108
122,108
123,108
124,108
125,108
126,108
127,108
128,108
129,108
130,108
131,108
132,108
133,108
134,108
135,108
136,108
137,108
138,108
139,108
140,108
141,108
142,108
143,108
144,108
145,108
146,108
147,108
148,108
149,108
150,108
151,108
152,108
153,108
154,108
155,108
156,108
157,108
158,108
159,108
160,108
161,108
162,108
163,108
164,108
165,108
166,108
167,108
168,108
169,108
170,108
171,108
172,108
173,108
174,108
175,108
176,108
177,108
178,108
179,108
180,108
181,108
182,108
183,108
184,108
185,108
186,108
187,108
188,108
189,108
190,108
191,108
192,108
193,108
194,108
195,108
196,108
197,108
198,108
199,108
200,108
201,108
202,108
203,108
204,108
205,108
206,108
207,108
208,108
209,108
210,108
211,108
765,849
766,849
767,849
768,849
769,849
770,849
771,849
772,849
773,849
774,849
775,849
776,849
777,849
778,849
779,849
780,849
781,849
782,849
783,849
784,849
785,849
786,849
787,849
788,849
789,849
790,849
791,849
792,849
793,849
794,849
795,849
796,849
797,849
798,849
799,849
800,849
801,849
802,849
803,849
804,849
805,849
806,849
807,849
808,849
809,849
810,849
811,849
812,849
813,849
814,849
815,849
816,849
817,849
818,849
819,849
820,849
821,849
822,849
823,849
824,849
825,849
826,849
827,849
828,849
829,849
830,849
831,849
832,849
833,849
834,849
835,849
836,849
837,849
838,849
839,849
840,849
841,849
842,849
843,849
844,849
845,849
846,849
847,849
848,849
849,849
850,849
851,849
852,849
853,849
854,849
855,849
856,849
857,849
858,849
859,849
860,849
861,849
862,849
863,849
864,849
865,849
866,849
867,849
868,849
869,849
870,849
871,849
872,849
873,849
874,849
875,849
876,849
877,849
878,849
879,849
880,849
881,849
882,849
883,849
884,849
885,849
886,849
887,849
888,849
889,849
890,849
891,849
892,849
89,167
90,167
91,167
92,167
93,167
94,167
95,167
96,167
97,167
98,167
99,167
100,167
101,167
102,167
103,167
104,167
105,167
106,167
107,167
108,167
109,167
110,167
111,167
112,167
113,167
114,167
115,167
116,167
117,167
118,167
119,167
120,167
121,167
122,167
123,167
124,167
125,167
126,167
127,167
128,167
129,167
130,167
131,167
132,167
133,167
134,167
135,167
136,167
137,167
138,167
139,167
140,167
141,167
142,167
143,167
144,167
145,167
146,167
147,167
148,167
149,167
150,167
151,167
152,167
153,167
154,167
155,167
156,167
157,167
158,167
159,167
160,167
161,167
162,167
163,167
164,167
165,167
166,167
167,167
168,167
169,167
170,167
171,167
172,167
173,167
174,167
175,167
176,167
177,167
178,167
179,167
180,167
181,167
182,167
183,167
184,167
185,167
186,167
187,167
188,167
189,167
190,167
191,167
192,167
193,167
194,167
195,167
196,167
197,167
198,167
199,167
200,167
201,167
202,167
203,167
204,167
205,167
206,167
207,167
208,167
209,167
210,167
211,167
212,167
213,167
214,167
215,167
216,167
653,47
654,47
655,47
656,47
657,47
658,47
659,47
660,47
661,47
662,47
663,47
664,47
665,47
666,47
667,47
668,47
669,47
670,47
671,47
672,47
673,47
674,47
675,47
676,47
677,47
678,47
679,47
680,47
681,47
682,47
683,47
684,47
685,47
686,47
687,47
688,47
689,47
690,47
691,47
692,47
693,47
694,47
695,47
696,47
697,47
698,47
699,47
700,47
701,47
702,47
703,47
704,47
705,47
706,47
707,47
708,47
709,47
710,47
711,47
712,47
713,47
714,47
715,47
716,47
717,47
718,47
719,47
720,47
721,47
722,47
723,47
724,47
725,47
726,47
727,47
728,47
729,47
730,47
731,47
732,47
733,47
734,47
735,47
736,47
737,47
738,47
739,47
740,47
741,47
742,47
743,47
744,47
745,47
746,47
747,47
748,47
749,47
750,47
751,47
752,47
753,47
754,47
755,47
756,47
757,47
758,47
759,47
760,47
761,47
762,47
763,47
764,47
765,47
766,47
767,47
768,47
769,47
770,47
771,47
772,47
773,47
774,47
775,47
776,47
777,47
778,47
779,47
780,47
257,494
258,494
259,494
260,494
261,494
262,494
263,494
264,494
265,494
266,494
267,494
268,494
269,494
270,494
271,494
272,494
273,494
274,494
275,494
276,494
277,494
278,494
279,494
280,494
281,494
282,494
283,494
284,494
285,494
286,494
287,494
288,494
289,494
290,494
291,494
292,494
293,494
294,494
295,494
296,494
297,494
298,494
299,494
300,494
301,494
302,494
303,494
304,494
305,494
306,494
307,494
308,494
309,494
310,494
311,494
312,494
313,494
314,494
315,494
316,494
317,494
318,494
319,494
320,494
321,494
322,494
323,494
324,494
325,494
326,494
327,494
328,494
329,494
330,494
331,494
332,494
333,494
334,494
335,494
336,494
337,494
338,494
339,494
340,494
341,494
342,494
343,494
344,494
345,494
346,494
347,494
348,494
349,494
350,494
351,494
352,494
353,494
354,494
355,494
356,494
357,494
358,494
359,494
360,494
361,494
362,494
363,494
364,494
365,494
366,494
367,494
368,494
369,494
370,494
371,494
372,494
373,494
374,494
375,494
376,494
377,494
378,494
379,494
380,494
381,494
382,494
383,494
384,494
18,277
19,277
20,277
21,277
22,277
23,277
24,277
25,277
26,277
27,277
28,277
29,277
30,277
31,277
32,277
33,277
34,277
35,277
36,277
37,277
38,277
39,277
40,277
41,277
42,277
43,277
44,277
45,277
46,277
47,277
48,277
49,277
50,277
51,277
52,277
53,277
54,277
55,277
56,277
57,277
58,277
59,277
60,277
61,277
62,277
63,277
64,277
65,277
66,277
67,277
68,277
69,277
70,277
71,277
72,277
73,277
74,277
75,277
76,277
77,277
78,277
79,277
80,277
81,277
82,277
83,277
84,277
85,277
86,277
87,277
88,277
89,277
90,277
91,277
92,277
93,277
94,277
95,277
96,277
97,277
98,277
99,277
100,277
101,277
102,277
103,277
104,277
105,277
106,277
107,277
108,277
109,277
110,277
111,277
112,277
113,277
114,277
115,277
116,277
117,277
118,277
119,277
120,277
121,277
122,277
123,277
124,277
125,277
126,277
127,277
128,277
129,277
130,277
131,277
132,277
133,277
134,277
135,277
136,277
137,277
138,277
139,277
140,277
141,277
142,277
143,277
144,277
145,277
670,15
671,15
672,15
673,15
674,15
675,15
676,15
677,15
678,15
679,15
680,15
681,15
682,15
683,15
684,15
685,15
686,15
687,15
688,15
689,15
690,15
691,15
692,15
693,15
694,15
695,15
696,15
697,15
698,15
699,15
700,15
701,15
702,15
703,15
704,15
705,15
706,15
707,15
708,15
709,15
710,15
711,15
712,15
713,15
714,15
715,15
716,15
717,15
718,15
719,15
720,15
721,15
722,15
723,15
724,15
725,15
726,15
727,15
728,15
729,15
730,15
731,15
732,15
733,15
734,15
735,15
736,15
737,15
738,15
739,15
740,15
741,15
742,15
743,15
744,15
745,15
746,15
747,15
748,15
749,15
750,15
751,15
752,15
753,15
754,15
755,15
756,15
757,15
758,15
759,15
760,15
761,15
762,15
763,15
764,15
765,15
766,15
767,15
768,15
769,15
770,15
771,15
772,15
773,15
774,15
775,15
776,15
777,15
778,15
779,15
780,15
781,15
782,15
783,15
784,15
785,15
786,15
787,15
788,15
789,15
790,15
791,15
792,15
793,15
794,15
795,15
796,15
797,15
105,390
106,390
107,390
108,390
109,390
110,390
111,390
112,390
113,390
114,390
115,390
116,390
117,390
118,390
119,390
120,390
121,390
122,390
123,390
124,390
125,390
126,390
127,390
128,390
129,390
130,390
131,390
132,390
133,390
134,390
135,390
136,390
137,390
138,390
139,390
140,390
141,390
142,390
143,390
144,390
145,390
146,390
147,390
148,390
149,390
150,390
151,390
152,390
153,390
154,390
155,390
156,390
157,390
158,390
159,390
160,390
161,390
162,390
163,390
164,390
165,390
166,390
167,390
168,390
169,390
170,390
171,390
172,390
173,390
174,390
175,390
176,390
177,390
178,390
179,390
180,390
181,390
182,390
183,390
184,390
185,390
186,390
187,390
188,390
189,390
190,390
191,390
192,390
193,390
194,390
195,390
196,390
197,390
198,390
199,390
200,390
201,390
202,390
203,390
204,390
205,390
206,390
207,390
208,390
209,390
210,390
211,390
212,390
213,390
214,390
215,390
216,390
217,390
218,390
219,390
220,390
221,390
222,390
223,390
224,390
225,390
226,390
227,390
228,390
229,390
230,390
231,390
232,390
765,70
766,70
767,70
768,70
769,70
770,70
771,70
772,70
773,70
774,70
775,70
776,70
777,70
778,70
779,70
780,70
781,70
782,70
783,70
784,70
785,70
786,70
787,70
788,70
789,70
790,70
791,70
792,70
793,70
794,70
795,70
796,70
797,70
798,70
799,70
800,70
801,70
802,70
803,70
804,70
805,70
806,70
807,70
808,70
809,70
810,70
811,70
812,70
813,70
814,70
815,70
816,70
817,70
818,70
819,70
820,70
821,70
822,70
823,70
824,70
825,70
826,70
827,70
828,70
829,70
830,70
831,70
832,70
833,70
834,70
835,70
836,70
837,70
838,70
839,70
840,70
841,70
842,70
843,70
844,70
845,70
846,70
847,70
848,70
849,70
850,70
851,70
852,70
853,70
854,70
855,70
856,70
857,70
858,70
859,70
860,70
861,70
862,70
863,70
864,70
865,70
866,70
867,70
868,70
869,70
870,70
871,70
872,70
873,70
874,70
875,70
876,70
877,70
878,70
879,70
880,70
881,70
882,70
883,70
884,70
885,70
886,70
887,70
888,70
889,70
890,70
891,70
892,70
267,476
268,476
269,476
270,476
271,476
272,476
273,476
274,476
275,476
276,476
277,476
278,476
279,476
280,476
281,476
282,476
283,476
284,476
285,476
286,476
287,476
288,476
289,476
290,476
291,476
292,476
293,476
294,476
295,476
296,476
297,476
298,476
299,476
300,476
301,476
302,476
303,476
304,476
305,476
306,476
307,476
308,476
309,476
310,476
311,476
312,476
313,476
314,476
315,476
316,476
317,476
318,476
319,476
320,476
321,476
322,476
323,476
324,476
325,476
326,476
327,476
328,476
329,476
330,476
331,476
332,476
333,476
334,476
335,476
336,476
337,476
338,476
339,476
340,476
341,476
342,476
343,476
344,476
345,476
346,476
347,476
348,476
349,476
350,476
351,476
352,476
353,476
354,476
355,476
356,476
357,476
358,476
359,476
360,476
361,476
362,476
363,476
364,476
365,476
366,476
367,476
368,476
369,476
370,476
371,476
372,476
373,476
374,476
375,476
376,476
377,476
378,476
379,476
380,476
381,476
382,476
383,476
384,476
385,476
386,476
387,476
388,476
389,476
390,476
391,476
392,476
393,476
394,476
715,13
716,13
717,13
718,13
719,13
720,13
721,13
722,13
723,13
724,13
725,13
726,13
727,13
728,13
729,13
730,13
731,13
732,13
733,13
734,13
735,13
736,13
737,13
738,13
739,13
740,13
741,13
742,13
743,13
744,13
745,13
746,13
747,13
748,13
749,13
750,13
751,13
752,13
753,13
754,13
755,13
756,13
757,13
758,13
759,13
760,13
761,13
762,13
763,13
764,13
765,13
766,13
767,13
768,13
769,13
770,13
771,13
772,13
773,13
774,13
775,13
776,13
777,13
778,13
779,13
780,13
781,13
782,13
783,13
784,13
785,13
786,13
787,13
788,13
789,13
790,13
791,13
792,13
793,13
794,13
795,13
796,13
797,13
798,13
799,13
800,13
801,13
802,13
803,13
804,13
805,13
806,13
807,13
808,13
809,13
810,13
811,13
812,13
813,13
814,13
815,13
816,13
817,13
818,13
819,13
820,13
821,13
822,13
823,13
824,13
825,13
826,13
827,13
828,13
829,13
830,13
831,13
832,13
833,13
834,13
835,13
836,13
837,13
838,13
839,13
840,13
841,13
842,13
15,972
16,972
17,972
18,972
19,972
20,972
21,972
22,972
23,972
24,972
25,972
26,972
27,972
28,972
29,972
30,972
31,972
32,972
33,972
34,972
35,972
36,972
37,972
38,972
39,972
40,972
41,972
42,972
43,972
44,972
45,972
46,972
47,972
48,972
49,972
50,972
51,972
52,972
53,972
54,972
55,972
56,972
57,972
58,972
59,972
60,972
61,972
62,972
63,972
64,972
65,972
66,972
67,972
68,972
69,972
70,972
71,972
72,972
73,972
74,972
75,972
76,972
77,972
78,972
79,972
80,972
81,972
82,972
83,972
84,972
85,972
86,972
87,972
88,972
89,972
90,972
91,972
92,972
93,972
94,972
95,972
96,972
97,972
98,972
99,972
100,972
101,972
102,972
103,972
104,972
105,972
106,972
107,972
108,972
109,972
110,972
111,972
112,972
113,972
114,972
115,972
116,972
117,972
118,972
119,972
120,972
121,972
122,972
123,972
124,972
125,972
126,972
127,972
128,972
129,972
130,972
131,972
132,972
133,972
134,972
135,972
136,972
137,972
138,972
139,972
140,972
141,972
142,972
186,436
187,436
188,436
189,436
190,436
191,436
192,436
193,436
194,436
195,436
196,436
197,436
198,436
199,436
200,436
201,436
202,436
203,436
204,436
205,436
206,436
207,436
208,436
209,436
210,436
211,436
212,436
213,436
214,436
215,436
216,436
217,436
218,436
219,436
220,436
221,436
222,436
223,436
224,436
225,436
226,436
227,436
228,436
229,436
230,436
231,436
232,436
233,436
234,436
235,436
236,436
237,436
238,436
239,436
240,436
241,436
242,436
243,436
244,436
245,436
246,436
247,436
248,436
249,436
250,436
251,436
252,436
253,436
254,436
255,436
256,436
257,436
258,436
259,436
260,436
261,436
262,436
263,436
264,436
265,436
266,436
267,436
268,436
269,436
270,436
271,436
272,436
273,436
274,436
275,436
276,436
277,436
278,436
279,436
280,436
281,436
282,436
283,436
284,436
285,436
286,436
287,436
288,436
289,436
290,436
291,436
292,436
293,436
294,436
295,436
296,436
297,436
298,436
299,436
300,436
301,436
302,436
303,436
304,436
305,436
306,436
307,436
308,436
309,436
310,436
311,436
312,436
313,436
64,921
65,921
66,921
67,921
68,921
69,921
70,921
71,921
72,921
73,921
74,921
75,921
76,921
77,921
78,921
79,921
80,921
81,921
82,921
83,921
84,921
85,921
86,921
87,921
88,921
89,921
90,921
91,921
92,921
93,921
94,921
95,921
96,921
97,921
98,921
99,921
100,921
101,921
102,921
103,921
104,921
105,921
106,921
107,921
108,921
109,921
110,921
111,921
112,921
113,921
114,921
115,921
116,921
117,921
118,921
119,921
120,921
121,921
122,921
123,921
124,921
125,921
126,921
127,921
128,921
129,921
130,921
131,921
132,921
133,921
134,921
135,921
136,921
137,921
138,921
139,921
140,921
141,921
142,921
143,921
144,921
145,921
146,921
147,921
148,921
149,921
150,921
151,921
152,921
153,921
154,921
155,921
156,921
157,921
158,921
159,921
160,921
161,921
162,921
163,921
164,921
165,921
166,921
167,921
168,921
169,921
170,921
171,921
172,921
173,921
174,921
175,921
176,921
177,921
178,921
179,921
180,921
181,921
182,921
183,921
184,921
185,921
186,921
187,921
188,921
189,921
190,921
191,921
877,1012
878,1012
879,1012
880,1012
881,1012
882,1012
883,1012
884,1012
885,1012
886,1012
887,1012
888,1012
889,1012
890,1012
891,1012
892,1012
893,1012
894,1012
895,1012
896,1012
897,1012
898,1012
899,1012
900,1012
901,1012
902,1012
903,1012
904,1012
905,1012
906,1012
907,1012
908,1012
909,1012
910,1012
911,1012
912,1012
913,1012
914,1012
915,1012
916,1012
917,1012
918,1012
919,1012
920,1012
921,1012
922,1012
923,1012
924,1012
925,1012
926,1012
927,1012
928,1012
929,1012
930,1012
931,1012
932,1012
933,1012
934,1012
935,1012
936,1012
937,1012
938,1012
939,1012
940,1012
941,1012
942,1012
943,1012
944,1012
945,1012
946,1012
947,1012
948,1012
949,1012
950,1012
951,1012
952,1012
953,1012
954,1012
955,1012
956,1012
957,1012
958,1012
959,1012
960,1012
961,1012
962,1012
963,1012
964,1012
965,1012
966,1012
967,1012
968,1012
969,1012
970,1012
971,1012
972,1012
973,1012
974,1012
975,1012
976,1012
977,1012
978,1012
979,1012
980,1012
981,1012
982,1012
983,1012
984,1012
985,1012
986,1012
987,1012
988,1012
989,1012
990,1012
991,1012
992,1012
993,1012
994,1012
995,1012
996,1012
997,1012
998,1012
999,1012
1000,1012
1001,1012
1002,1012
1003,1012
1004,1012
810,637
811,637
812,637
813,637
814,637
815,637
816,637
817,637
818,637
819,637
820,637
821,637
822,637
823,637
824,637
825,637
826,637
827,637
828,637
829,637
830,637
831,637
832,637
833,637
834,637
835,637
836,637
837,637
838,637
839,637
840,637
841,637
842,637
843,637
844,637
845,637
846,637
847,637
848,637
849,637
850,637
851,637
852,637
853,637
854,637
855,637
856,637
857,637
858,637
859,637
860,637
861,637
862,637
863,637
864,637
865,637
866,637
867,637
868,637
869,637
870,637
871,637
872,637
873,637
874,637
875,637
876,637
877,637
878,637
879,637
880,637
881,637
882,637
883,637
884,637
885,637
886,637
887,637
888,637
889,637
890,637
891,637
892,637
893,637
894,637
895,637
896,637
897,637
898,637
899,637
900,637
901,637
902,637
903,637
904,637
905,637
906,637
907,637
908,637
909,637
910,637
911,637
912,637
913,637
914,637
915,637
916,637
917,637
918,637
919,637
920,637
921,637
922,637
923,637
924,637
925,637
926,637
927,637
928,637
929,637
930,637
931,637
932,637
933,637
934,637
935,637
936,637
937,637
94,46
95,46
96,46
97,46
98,46
99,46
100,46
101,46
102,46
103,46
104,46
105,46
106,46
107,46
108,46
109,46
110,46
111,46
112,46
113,46
114,46
115,46
116,46
117,46
118,46
119,46
120,46
121,46
122,46
123,46
124,46
125,46
126,46
127,46
128,46
129,46
130,46
131,46
132,46
133,46
134,46
135,46
136,46
137,46
138,46
139,46
140,46
141,46
142,46
143,46
144,46
145,46
146,46
147,46
148,46
149,46
150,46
151,46
152,46
153,46
154,46
155,46
156,46
157,46
158,46
159,46
160,46
161,46
162,46
163,46
164,46
165,46
166,46
167,46
168,46
169,46
170,46
171,46
172,46
173,46
174,46
175,46
176,46
177,46
178,46
179,46
180,46
181,46
182,46
183,46
184,46
185,46
186,46
187,46
188,46
189,46
190,46
191,46
192,46
193,46
194,46
195,46
196,46
197,46
198,46
199,46
200,46
201,46
202,46
203,46
204,46
205,46
206,46
207,46
208,46
209,46
210,46
211,46
212,46
213,46
214,46
215,46
216,46
217,46
218,46
219,46
220,46
221,46
35,9
36,9
37,9
38,9
39,9
40,9
41,9
42,9
43,9
44,9
45,9
46,9
47,9
48,9
49,9
50,9
51,9
52,9
53,9
54,9
55,9
56,9
57,9
58,9
59,9
60,9
61,9
62,9
63,9
64,9
65,9
66,9
67,9
68,9
69,9
70,9
71,9
72,9
73,9
74,9
75,9
76,9
77,9
78,9
79,9
80,9
81,9
82,9
83,9
84,9
85,9
86,9
87,9
88,9
89,9
90,9
91,9
92,9
93,9
94,9
95,9
96,9
97,9
98,9
99,9
100,9
101,9
102,9
103,9
104,9
105,9
106,9
107,9
108,9
109,9
110,9
111,9
112,9
113,9
114,9
115,9
116,9
117,9
118,9
119,9
120,9
121,9
122,9
123,9
124,9
125,9
126,9
127,9
128,9
129,9
130,9
131,9
132,9
133,9
134,9
135,9
136,9
137,9
138,9
139,9
140,9
141,9
142,9
143,9
144,9
145,9
146,9
147,9
148,9
149,9
150,9
151,9
152,9
153,9
154,9
155,9
156,9
157,9
158,9
159,9
160,9
161,9
162,9
77,316
78,316
79,316
80,316
81,316
82,316
83,316
84,316
85,316
86,316
87,316
88,316
89,316
90,316
91,316
92,316
93,316
94,316
95,316
96,316
97,316
98,316
99,316
100,316
101,316
102,316
103,316
104,316
105,316
106,316
107,316
108,316
109,316
110,316
111,316
112,316
113,316
114,316
115,316
116,316
117,316
118,316
119,316
120,316
121,316
122,316
123,316
124,316
125,316
126,316
127,316
128,316
129,316
130,316
131,316
132,316
133,316
134,316
135,316
136,316
137,316
138,316
139,316
140,316
141,316
142,316
143,316
144,316
145,316
146,316
147,316
148,316
149,316
150,316
151,316
152,316
153,316
154,316
155,316
156,316
157,316
158,316
159,316
160,316
161,316
162,316
163,316
164,316
165,316
166,316
167,316
168,316
169,316
170,316
171,316
172,316
173,316
174,316
175,316
176,316
177,316
178,316
179,316
180,316
181,316
182,316
183,316
184,316
185,316
186,316
187,316
188,316
189,316
190,316
191,316
192,316
193,316
194,316
195,316
196,316
197,316
198,316
199,316
200,316
201,316
202,316
203,316
204,316
105,290
106,290
107,290
108,290
109,290
110,290
111,290
112,290
113,290
114,290
115,290
116,290
117,290
118,290
119,290
120,290
121,290
122,290
123,290
124,290
125,290
126,290
127,290
128,290
129,290
130,290
131,290
132,290
133,290
134,290
135,290
136,290
137,290
138,290
139,290
140,290
141,290
142,290
143,290
144,290
145,290
146,290
147,290
148,290
149,290
150,290
151,290
152,290
153,290
154,290
155,290
156,290
157,290
158,290
159,290
160,290
161,290
162,290
163,290
164,290
165,290
166,290
167,290
168,290
169,290
170,290
171,290
172,290
173,290
174,290
175,290
176,290
177,290
178,290
179,290
180,290
181,290
182,290
183,290
184,290
185,290
186,290
187,290
188,290
189,290
190,290
191,290
192,290
193,290
194,290
195,290
196,290
197,290
198,290
199,290
200,290
201,290
202,290
203,290
204,290
205,290
206,290
207,290
208,290
209,290
210,290
211,290
212,290
213,290
214,290
215,290
216,290
217,290
218,290
219,290
220,290
221,290
222,290
223,290
224,290
225,290
226,290
227,290
228,290
229,290
230,290
231,290
232,290
581,199
582,199
583,199
584,199
585,199
586,199
587,199
588,199
589,199
590,199
591,199
592,199
593,199
594,199
595,199
596,199
597,199
598,199
599,199
600,199
601,199
602,199
603,199
604,199
605,199
606,199
607,199
608,199
609,199
610,199
611,199
612,199
613,199
614,199
615,199
616,199
617,199
618,199
619,199
620,199
621,199
622,199
623,199
624,199
625,199
626,199
627,199
628,199
629,199
630,199
631,199
632,199
633,199
634,199
635,199
636,199
637,199
638,199
639,199
640,199
641,199
642,199
643,199
644,199
645,199
646,199
647,199
648,199
649,199
650,199
651,199
652,199
653,199
654,199
655,199
656,199
657,199
658,199
659,199
660,199
661,199
662,199
663,199
664,199
665,199
666,199
667,199
668,199
669,199
670,199
671,199
672,199
673,199
674,199
675,199
676,199
677,199
678,199
679,199
680,199
681,199
682,199
683,199
684,199
685,199
686,199
687,199
688,199
689,199
690,199
691,199
692,199
693,199
694,199
695,199
696,199
697,199
698,199
699,199
700,199
701,199
702,199
703,199
704,199
705,199
706,199
707,199
708,199
824,894
825,894
826,894
827,894
828,894
829,894
830,894
831,894
832,894
833,894
834,894
835,894
836,894
837,894
838,894
839,894
840,894
841,894
842,894
843,894
844,894
845,894
846,894
847,894
848,894
849,894
850,894
851,894
852,894
853,894
854,894
855,894
856,894
857,894
858,894
859,894
860,894
861,894
862,894
863,894
864,894
865,894
866,894
867,894
868,894
869,894
870,894
871,894
872,894
873,894
874,894
875,894
876,894
877,894
878,894
879,894
880,894
881,894
882,894
883,894
884,894
885,894
886,894
887,894
888,894
889,894
890,894
891,894
892,894
893,894
894,894
895,894
896,894
897,894
898,894
899,894
900,894
901,894
902,894
903,894
904,894
905,894
906,894
907,894
908,894
909,894
910,894
911,894
912,894
913,894
914,894
915,894
916,894
917,894
918,894
919,894
920,894
921,894
922,894
923,894
924,894
925,894
926,894
927,894
928,894
929,894
930,894
931,894
932,894
933,894
934,894
935,894
936,894
937,894
938,894
939,894
940,894
941,894
942,894
943,894
944,894
945,894
946,894
947,894
948,894
949,894
950,894
951,894
297,452
298,452
299,452
300,452
301,452
302,452
303,452
304,452
305,452
306,452
307,452
308,452
309,452
310,452
311,452
312,452
313,452
314,452
315,452
316,452
317,452
318,452
319,452
320,452
321,452
322,452
323,452
324,452
325,452
326,452
327,452
328,452
329,452
330,452
331,452
332,452
333,452
334,452
335,452
336,452
337,452
338,452
339,452
340,452
341,452
342,452
343,452
344,452
345,452
346,452
347,452
348,452
349,452
350,452
351,452
352,452
353,452
354,452
355,452
356,452
357,452
358,452
359,452
360,452
361,452
362,452
363,452
364,452
365,452
366,452
367,452
368,452
369,452
370,452
371,452
372,452
373,452
374,452
375,452
376,452
377,452
378,452
379,452
380,452
381,452
382,452
383,452
384,452
385,452
386,452
387,452
388,452
389,452
390,452
391,452
392,452
393,452
394,452
395,452
396,452
397,452
398,452
399,452
400,452
401,452
402,452
403,452
404,452
405,452
406,452
407,452
408,452
409,452
410,452
411,452
412,452
413,452
414,452
415,452
416,452
417,452
418,452
419,452
420,452
421,452
422,452
423,452
424,452
93,117
94,117
95,117
96,117
97,117
98,117
99,117
100,117
101,117
102,117
103,117
104,117
105,117
106,117
107,117
108,117
109,117
110,117
111,117
112,117
113,117
114,117
115,117
116,117
117,117
118,117
119,117
120,117
121,117
122,117
123,117
124,117
125,117
126,117
127,117
128,117
129,117
130,117
131,117
132,117
133,117
134,117
135,117
136,117
137,117
138,117
139,117
140,117
141,117
142,117
143,117
144,117
145,117
146,117
147,117
148,117
149,117
150,117
151,117
152,117
153,117
154,117
155,117
156,117
157,117
158,117
159,117
160,117
161,117
162,117
163,117
164,117
165,117
166,117
167,117
168,117
169,117
170,117
171,117
172,117
173,117
174,117
175,117
176,117
177,117
178,117
179,117
180,117
181,117
182,117
183,117
184,117
185,117
186,117
187,117
188,117
189,117
190,117
191,117
192,117
193,117
194,117
195,117
196,117
197,117
198,117
199,117
200,117
201,117
202,117
203,117
204,117
205,117
206,117
207,117
208,117
209,117
210,117
211,117
212,117
213,117
214,117
215,117
216,117
217,117
218,117
219,117
220,117
130,222
131,222
132,222
133,222
134,222
135,222
136,222
137,222
138,222
139,222
140,222
141,222
142,222
143,222
144,222
145,222
146,222
147,222
148,222
149,222
150,222
151,222
152,222
153,222
154,222
155,222
156,222
157,222
158,222
159,222
160,222
161,222
162,222
163,222
164,222
165,222
166,222
167,222
168,222
169,222
170,222
171,222
172,222
173,222
174,222
175,222
176,222
177,222
178,222
179,222
180,222
181,222
182,222
183,222
184,222
185,222
186,222
187,222
188,222
189,222
190,222
191,222
192,222
193,222
194,222
195,222
196,222
197,222
198,222
199,222
200,222
201,222
202,222
203,222
204,222
205,222
206,222
207,222
208,222
209,222
210,222
211,222
212,222
213,222
214,222
215,222
216,222
217,222
218,222
219,222
220,222
221,222
222,222
223,222
224,222
225,222
226,222
227,222
228,222
229,222
230,222
231,222
232,222
233,222
234,222
235,222
236,222
237,222
238,222
239,222
240,222
241,222
242,222
243,222
244,222
245,222
246,222
247,222
248,222
249,222
250,222
251,222
252,222
253,222
254,222
255,222
256,222
257,222
784,679
785,679
786,679
787,679
788,679
789,679
790,679
791,679
792,679
793,679
794,679
795,679
796,679
797,679
798,679
799,679
800,679
801,679
802,679
803,679
804,679
805,679
806,679
807,679
808,679
809,679
810,679
811,679
812,679
813,679
814,679
815,679
816,679
817,679
818,679
819,679
820,679
821,679
822,679
823,679
824,679
825,679
826,679
827,679
828,679
829,679
830,679
831,679
832,679
833,679
834,679
835,679
836,679
837,679
838,679
839,679
840,679
841,679
842,679
843,679
844,679
845,679
846,679
847,679
848,679
849,679
850,679
851,679
852,679
853,679
854,679
855,679
856,679
857,679
858,679
859,679
860,679
861,679
862,679
863,679
864,679
865,679
866,679
867,679
868,679
869,679
870,679
871,679
872,679
873,679
874,679
875,679
876,679
877,679
878,679
879,679
880,679
881,679
882,679
883,679
884,679
885,679
886,679
887,679
888,679
889,679
890,679
891,679
892,679
893,679
894,679
895,679
896,679
897,679
898,679
899,679
900,679
901,679
902,679
903,679
904,679
905,679
906,679
907,679
908,679
909,679
910,679
911,679
851,790
852,790
853,790
854,790
855,790
856,790
857,790
858,790
859,790
860,790
861,790
862,790
863,790
864,790
865,790
866,790
867,790
868,790
869,790
870,790
871,790
872,790
873,790
874,790
875,790
876,790
877,790
878,790
879,790
880,790
881,790
882,790
883,790
884,790
885,790
886,790
887,790
888,790
889,790
890,790
891,790
892,790
893,790
894,790
895,790
896,790
897,790
898,790
899,790
900,790
901,790
902,790
903,790
904,790
905,790
906,790
907,790
908,790
909,790
910,790
911,790
912,790
913,790
914,790
915,790
916,790
917,790
918,790
919,790
920,790
921,790
922,790
923,790
924,790
925,790
926,790
927,790
928,790
929,790
930,790
931,790
932,790
933,790
934,790
935,790
936,790
937,790
938,790
939,790
940,790
941,790
942,790
943,790
944,790
945,790
946,790
947,790
948,790
949,790
950,790
951,790
952,790
953,790
954,790
955,790
956,790
957,790
958,790
959,790
960,790
961,790
962,790
963,790
964,790
965,790
966,790
967,790
968,790
969,790
970,790
971,790
972,790
973,790
974,790
975,790
976,790
977,790
978,790
159,357
160,357
161,357
162,357
163,357
164,357
165,357
166,357
167,357
168,357
169,357
170,357
171,357
172,357
173,357
174,357
175,357
176,357
177,357
178,357
179,357
180,357
181,357
182,357
183,357
184,357
185,357
186,357
187,357
188,357
189,357
190,357
191,357
192,357
193,357
194,357
195,357
196,357
197,357
198,357
199,357
200,357
201,357
202,357
203,357
204,357
205,357
206,357
207,357
208,357
209,357
210,357
211,357
212,357
213,357
214,357
215,357
216,357
217,357
218,357
219,357
220,357
221,357
222,357
223,357
224,357
225,357
226,357
227,357
228,357
229,357
230,357
231,357
232,357
233,357
234,357
235,357
236,357
237,357
238,357
239,357
240,357
241,357
242,357
243,357
244,357
245,357
246,357
247,357
248,357
249,357
250,357
251,357
252,357
253,357
254,357
255,357
256,357
257,357
258,357
259,357
260,357
261,357
262,357
263,357
264,357
265,357
266,357
267,357
268,357
269,357
270,357
271,357
272,357
273,357
274,357
275,357
276,357
277,357
278,357
279,357
280,357
281,357
282,357
283,357
284,357
285,357
286,357
776,722
777,722
778,722
779,722
780,722
781,722
782,722
783,722
784,722
785,722
786,722
787,722
788,722
789,722
790,722
791,722
792,722
793,722
794,722
795,722
796,722
797,722
798,722
799,722
800,722
801,722
802,722
803,722
804,722
805,722
806,722
807,722
808,722
809,722
810,722
811,722
812,722
813,722
814,722
815,722
816,722
817,722
818,722
819,722
820,722
821,722
822,722
823,722
824,722
825,722
826,722
827,722
828,722
829,722
830,722
831,722
832,722
833,722
834,722
835,722
836,722
837,722
838,722
839,722
840,722
841,722
842,722
843,722
844,722
845,722
846,722
847,722
848,722
849,722
850,722
851,722
852,722
853,722
854,722
855,722
856,722
857,722
858,722
859,722
860,722
861,722
862,722
863,722
864,722
865,722
866,722
867,722
868,722
869,722
870,722
871,722
872,722
873,722
874,722
875,722
876,722
877,722
878,722
879,722
880,722
881,722
882,722
883,722
884,722
885,722
886,722
887,722
888,722
889,722
890,722
891,722
892,722
893,722
894,722
895,722
896,722
897,722
898,722
899,722
900,722
901,722
902,722
903,722