205,852
205,853
205,854
205,855
205,856
205,857
205,858
205,859
205,860
205,861
205,862
205,863
205,864
205,865
205,866
205,867
205,868
205,869
205,870
205,871
205,872
205,873
205,874
205,875
205,876
205,877
205,878
205,879
205,880
205,881
205,882
205,883
205,884
205,885
205,886
205,887
205,888
205,889
205,890
205,891
205,892
205,893
205,894
205,895
205,896
205,897
205,898
205,899
205,900
205,901
205,902
205,903
205,904
205,905
205,906
205,907
205,908
205,909
205,910
205,911
205,912
205,913
205,914
205,915
205,916
205,917
205,918
205,919
205,920
205,921
205,922
205,923
205,924
205,925
205,926
205,927
205,928
205,929
205,930
205,931
205,932
205,933
205,934
205,935
205,936
205,937
205,938
205,939
205,940
205,941
205,942
205,943
205,944
205,945
205,946
205,947
205,948
205,949
205,950
205,951
205,952
205,953
205,954
205,955
205,956
205,957
205,958
205,959
205,960
205,961
205,962
205,963
205,964
205,965
205,966
205,967
205,968
205,969
205,970
205,971
205,972
205,973
205,974
205,975
205,976
205,977
205,978
205,979
501,470
501,471
501,472
501,473
501,474
501,475
501,476
501,477
501,478
501,479
501,480
501,481
501,482
501,483
501,484
501,485
501,486
501,487
501,488
501,489
501,490
501,491
501,492
501,493
501,494
501,495
501,496
501,497
501,498
501,499
501,500
501,501
501,502
501,503
501,504
501,505
501,506
501,507
501,508
501,509
501,510
501,511
501,512
501,513
501,514
501,515
501,516
501,517
501,518
501,519
501,520
501,521
501,522
501,523
501,524
501,525
501,526
501,527
501,528
501,529
501,530
501,531
501,532
501,533
501,534
501,535
501,536
501,537
501,538
501,539
501,540
501,541
501,542
501,543
501,544
501,545
501,546
501,547
501,548
501,549
501,550
501,551
501,552
501,553
501,554
501,555
501,556
501,557
501,558
501,559
501,560
501,561
501,562
501,563
501,564
501,565
501,566
501,567
501,568
501,569
501,570
501,571
501,572
501,573
501,574
501,575
501,576
501,577
501,578
501,579
501,580
501,581
501,582
501,583
501,584
501,585
501,586
501,587
501,588
501,589
501,590
501,591
501,592
501,593
501,594
501,595
501,596
501,597
449,504
449,505
449,506
449,507
449,508
449,509
449,510
449,511
449,512
449,513
449,514
449,515
449,516
449,517
449,518
449,519
449,520
449,521
449,522
449,523
449,524
449,525
449,526
449,527
449,528
449,529
449,530
449,531
449,532
449,533
449,534
449,535
449,536
449,537
449,538
449,539
449,540
449,541
449,542
449,543
449,544
449,545
449,546
449,547
449,548
449,549
449,550
449,551
449,552
449,553
449,554
449,555
449,556
449,557
449,558
449,559
449,560
449,561
449,562
449,563
449,564
449,565
449,566
449,567
449,568
449,569
449,570
449,571
449,572
449,573
449,574
449,575
449,576
449,577
449,578
449,579
449,580
449,581
449,582
449,583
449,584
449,585
449,586
449,587
449,588
449,589
449,590
449,591
449,592
449,593
449,594
449,595
449,596
449,597
449,598
449,599
449,600
449,601
449,602
449,603
449,604
449,605
449,606
449,607
449,608
449,609
449,610
449,611
449,612
449,613
449,614
449,615
449,616
449,617
449,618
449,619
449,620
449,621
449,622
449,623
449,624
449,625
449,626
449,627
449,628
449,629
449,630
449,631
450,653
450,654
450,655
450,656
450,657
450,658
450,659
450,660
450,661
450,662
450,663
450,664
450,665
450,666
450,667
450,668
450,669
450,670
450,671
450,672
450,673
450,674
450,675
450,676
450,677
450,678
450,679
450,680
450,681
450,682
450,683
450,684
450,685
450,686
450,687
450,688
450,689
450,690
450,691
450,692
450,693
450,694
450,695
450,696
450,697
450,698
450,699
450,700
450,701
450,702
450,703
450,704
450,705
450,706
450,707
450,708
450,709
450,710
450,711
450,712
450,713
450,714
450,715
450,716
450,717
450,718
450,719
450,720
450,721
450,722
450,723
450,724
450,725
450,726
450,727
450,728
450,729
450,730
450,731
450,732
450,733
450,734
450,735
450,736
450,737
450,738
450,739
450,740
450,741
450,742
450,743
450,744
450,745
450,746
450,747
450,748
450,749
450,750
450,751
450,752
450,753
450,754
450,755
450,756
450,757
450,758
450,759
450,760
450,761
450,762
450,763
450,764
450,765
450,766
450,767
450,768
450,769
450,770
450,771
450,772
450,773
450,774
450,775
450,776
450,777
450,778
450,779
450,780
923,168
923,169
923,170
923,171
923,172
923,173
923,174
923,175
923,176
923,177
923,178
923,179
923,180
923,181
923,182
923,183
923,184
923,185
923,186
923,187
923,188
923,189
923,190
923,191
923,192
923,193
923,194
923,195
923,196
923,197
923,198
923,199
923,200
923,201
923,202
923,203
923,204
923,205
923,206
923,207
923,208
923,209
923,210
923,211
923,212
923,213
923,214
923,215
923,216
923,217
923,218
923,219
923,220
923,221
923,222
923,223
923,224
923,225
923,226
923,227
923,228
923,229
923,230
923,231
923,232
923,233
923,234
923,235
923,236
923,237
923,238
923,239
923,240
923,241
923,242
923,243
923,244
923,245
923,246
923,247
923,248
923,249
923,250
923,251
923,252
923,253
923,254
923,255
923,256
923,257
923,258
923,259
923,260
923,261
923,262
923,263
923,264
923,265
923,266
923,267
923,268
923,269
923,270
923,271
923,272
923,273
923,274
923,275
923,276
923,277
923,278
923,279
923,280
923,281
923,282
923,283
923,284
923,285
923,286
923,287
923,288
923,289
923,290
923,291
923,292
923,293
923,294
923,295
319,99
319,100
319,101
319,102
319,103
319,104
319,105
319,106
319,107
319,108
319,109
319,110
319,111
319,112
319,113
319,114
319,115
319,116
319,117
319,118
319,119
319,120
319,121
319,122
319,123
319,124
319,125
319,126
319,127
319,128
319,129
319,130
319,131
319,132
319,133
319,134
319,135
319,136
319,137
319,138
319,139
319,140
319,141
319,142
319,143
319,144
319,145
319,146
319,147
319,148
319,149
319,150
319,151
319,152
319,153
319,154
319,155
319,156
319,157
319,158
319,159
319,160
319,161
319,162
319,163
319,164
319,165
319,166
319,167
319,168
319,169
319,170
319,171
319,172
319,173
319,174
319,175
319,176
319,177
319,178
319,179
319,180
319,181
319,182
319,183
319,184
319,185
319,186
319,187
319,188
319,189
319,190
319,191
319,192
319,193
319,194
319,195
319,196
319,197
319,198
319,199
319,200
319,201
319,202
319,203
319,204
319,205
319,206
319,207
319,208
319,209
319,210
319,211
319,212
319,213
319,214
319,215
319,216
319,217
319,218
319,219
319,220
319,221
319,222
319,223
319,224
319,225
319,226
361,532
361,533
361,534
361,535
361,536
361,537
361,538
361,539
361,540
361,541
361,542
361,543
361,544
361,545
361,546
361,547
361,548
361,549
361,550
361,551
361,552
361,553
361,554
361,555
361,556
361,557
361,558
361,559
361,560
361,561
361,562
361,563
361,564
361,565
361,566
361,567
361,568
361,569
361,570
361,571
361,572
361,573
361,574
361,575
361,576
361,577
361,578
361,579
361,580
361,581
361,582
361,583
361,584
361,585
361,586
361,587
361,588
361,589
361,590
361,591
361,592
361,593
361,594
361,595
361,596
361,597
361,598
361,599
361,600
361,601
361,602
361,603
361,604
361,605
361,606
361,607
361,608
361,609
361,610
361,611
361,612
361,613
361,614
361,615
361,616
361,617
361,618
361,619
361,620
361,621
361,622
361,623
361,624
361,625
361,626
361,627
361,628
361,629
361,630
361,631
361,632
361,633
361,634
361,635
361,636
361,637
361,638
361,639
361,640
361,641
361,642
361,643
361,644
361,645
361,646
361,647
361,648
361,649
361,650
361,651
361,652
361,653
361,654
361,655
361,656
361,657
361,658
361,659
418,150
418,151
418,152
418,153
418,154
418,155
418,156
418,157
418,158
418,159
418,160
418,161
418,162
418,163
418,164
418,165
418,166
418,167
418,168
418,169
418,170
418,171
418,172
418,173
418,174
418,175
418,176
418,177
418,178
418,179
418,180
418,181
418,182
418,183
418,184
418,185
418,186
418,187
418,188
418,189
418,190
418,191
418,192
418,193
418,194
418,195
418,196
418,197
418,198
418,199
418,200
418,201
418,202
418,203
418,204
418,205
418,206
418,207
418,208
418,209
418,210
418,211
418,212
418,213
418,214
418,215
418,216
418,217
418,218
418,219
418,220
418,221
418,222
418,223
418,224
418,225
418,226
418,227
418,228
418,229
418,230
418,231
418,232
418,233
418,234
418,235
418,236
418,237
418,238
418,239
418,240
418,241
418,242
418,243
418,244
418,245
418,246
418,247
418,248
418,249
418,250
418,251
418,252
418,253
418,254
418,255
418,256
418,257
418,258
418,259
418,260
418,261
418,262
418,263
418,264
418,265
418,266
418,267
418,268
418,269
418,270
418,271
418,272
418,273
418,274
418,275
418,276
418,277
988,158
988,159
988,160
988,161
988,162
988,163
988,164
988,165
988,166
988,167
988,168
988,169
988,170
988,171
988,172
988,173
988,174
988,175
988,176
988,177
988,178
988,179
988,180
988,181
988,182
988,183
988,184
988,185
988,186
988,187
988,188
988,189
988,190
988,191
988,192
988,193
988,194
988,195
988,196
988,197
988,198
988,199
988,200
988,201
988,202
988,203
988,204
988,205
988,206
988,207
988,208
988,209
988,210
988,211
988,212
988,213
988,214
988,215
988,216
988,217
988,218
988,219
988,220
988,221
988,222
988,223
988,224
988,225
988,226
988,227
988,228
988,229
988,230
988,231
988,232
988,233
988,234
988,235
988,236
988,237
988,238
988,239
988,240
988,241
988,242
988,243
988,244
988,245
988,246
988,247
988,248
988,249
988,250
988,251
988,252
988,253
988,254
988,255
988,256
988,257
988,258
988,259
988,260
988,261
988,262
988,263
988,264
988,265
988,266
988,267
988,268
988,269
988,270
988,271
988,272
988,273
988,274
988,275
988,276
988,277
988,278
988,279
988,280
988,281
988,282
988,283
988,284
988,285
883,220
883,221
883,222
883,223
883,224
883,225
883,226
883,227
883,228
883,229
883,230
883,231
883,232
883,233
883,234
883,235
883,236
883,237
883,238
883,239
883,240
883,241
883,242
883,243
883,244
883,245
883,246
883,247
883,248
883,249
883,250
883,251
883,252
883,253
883,254
883,255
883,256
883,257
883,258
883,259
883,260
883,261
883,262
883,263
883,264
883,265
883,266
883,267
883,268
883,269
883,270
883,271
883,272
883,273
883,274
883,275
883,276
883,277
883,278
883,279
883,280
883,281
883,282
883,283
883,284
883,285
883,286
883,287
883,288
883,289
883,290
883,291
883,292
883,293
883,294
883,295
883,296
883,297
883,298
883,299
883,300
883,301
883,302
883,303
883,304
883,305
883,306
883,307
883,308
883,309
883,310
883,311
883,312
883,313
883,314
883,315
883,316
883,317
883,318
883,319
883,320
883,321
883,322
883,323
883,324
883,325
883,326
883,327
883,328
883,329
883,330
883,331
883,332
883,333
883,334
883,335
883,336
883,337
883,338
883,339
883,340
883,341
883,342
883,343
883,344
883,345
883,346
883,347
630,880
630,881
630,882
630,883
630,884
630,885
630,886
630,887
630,888
630,889
630,890
630,891
630,892
630,893
630,894
630,895
630,896
630,897
630,898
630,899
630,900
630,901
630,902
630,903
630,904
630,905
630,906
630,907
630,908
630,909
630,910
630,911
630,912
630,913
630,914
630,915
630,916
630,917
630,918
630,919
630,920
630,921
630,922
630,923
630,924
630,925
630,926
630,927
630,928
630,929
630,930
630,931
630,932
630,933
630,934
630,935
630,936
630,937
630,938
630,939
630,940
630,941
630,942
630,943
630,944
630,945
630,946
630,947
630,948
630,949
630,950
630,951
630,952
630,953
630,954
630,955
630,956
630,957
630,958
630,959
630,960
630,961
630,962
630,963
630,964
630,965
630,966
630,967
630,968
630,969
630,970
630,971
630,972
630,973
630,974
630,975
630,976
630,977
630,978
630,979
630,980
630,981
630,982
630,983
630,984
630,985
630,986
630,987
630,988
630,989
630,990
630,991
630,992
630,993
630,994
630,995
630,996
630,997
630,998
630,999
630,1000
630,1001
630,1002
630,1003
630,1004
630,1005
630,1006
630,1007
983,836
983,837
983,838
983,839
983,840
983,841
983,842
983,843
983,844
983,845
983,846
983,847
983,848
983,849
983,850
983,851
983,852
983,853
983,854
983,855
983,856
983,857
983,858
983,859
983,860
983,861
983,862
983,863
983,864
983,865
983,866
983,867
983,868
983,869
983,870
983,871
983,872
983,873
983,874
983,875
983,876
983,877
983,878
983,879
983,880
983,881
983,882
983,883
983,884
983,885
983,886
983,887
983,888
983,889
983,890
983,891
983,892
983,893
983,894
983,895
983,896
983,897
983,898
983,899
983,900
983,901
983,902
983,903
983,904
983,905
983,906
983,907
983,908
983,909
983,910
983,911
983,912
983,913
983,914
983,915
983,916
983,917
983,918
983,919
983,920
983,921
983,922
983,923
983,924
983,925
983,926
983,927
983,928
983,929
983,930
983,931
983,932
983,933
983,934
983,935
983,936
983,937
983,938
983,939
983,940
983,941
983,942
983,943
983,944
983,945
983,946
983,947
983,948
983,949
983,950
983,951
983,952
983,953
983,954
983,955
983,956
983,957
983,958
983,959
983,960
983,961
983,962
983,963
477,445
477,446
477,447
477,448
477,449
477,450
477,451
477,452
477,453
477,454
477,455
477,456
477,457
477,458
477,459
477,460
477,461
477,462
477,463
477,464
477,465
477,466
477,467
477,468
477,469
477,470
477,471
477,472
477,473
477,474
477,475
477,476
477,477
477,478
477,479
477,480
477,481
477,482
477,483
477,484
477,485
477,486
477,487
477,488
477,489
477,490
477,491
477,492
477,493
477,494
477,495
477,496
477,497
477,498
477,499
477,500
477,501
477,502
477,503
477,504
477,505
477,506
477,507
477,508
477,509
477,510
477,511
477,512
477,513
477,514
477,515
477,516
477,517
477,518
477,519
477,520
477,521
477,522
477,523
477,524
477,525
477,526
477,527
477,528
477,529
477,530
477,531
477,532
477,533
477,534
477,535
477,536
477,537
477,538
477,539
477,540
477,541
477,542
477,543
477,544
477,545
477,546
477,547
477,548
477,549
477,550
477,551
477,552
477,553
477,554
477,555
477,556
477,557
477,558
477,559
477,560
477,561
477,562
477,563
477,564
477,565
477,566
477,567
477,568
477,569
477,570
477,571
477,572
305,503
305,504
305,505
305,506
305,507
305,508
305,509
305,510
305,511
305,512
305,513
305,514
305,515
305,516
305,517
305,518
305,519
305,520
305,521
305,522
305,523
305,524
305,525
305,526
305,527
305,528
305,529
305,530
305,531
305,532
305,533
305,534
305,535
305,536
305,537
305,538
305,539
305,540
305,541
305,542
305,543
305,544
305,545
305,546
305,547
305,548
305,549
305,550
305,551
305,552
305,553
305,554
305,555
305,556
305,557
305,558
305,559
305,560
305,561
305,562
305,563
305,564
305,565
305,566
305,567
305,568
305,569
305,570
305,571
305,572
305,573
305,574
305,575
305,576
305,577
305,578
305,579
305,580
305,581
305,582
305,583
305,584
305,585
305,586
305,587
305,588
305,589
305,590
305,591
305,592
305,593
305,594
305,595
305,596
305,597
305,598
305,599
305,600
305,601
305,602
305,603
305,604
305,605
305,606
305,607
305,608
305,609
305,610
305,611
305,612
305,613
305,614
305,615
305,616
305,617
305,618
305,619
305,620
305,621
305,622
305,623
305,624
305,625
305,626
305,627
305,628
305,629
305,630
1,87
1,88
1,89
1,90
1,91
1,92
1,93
1,94
1,95
1,96
1,97
1,98
1,99
1,100
1,101
1,102
1,103
1,104
1,105
1,106
1,107
1,108
1,109
1,110
1,111
1,112
1,113
1,114
1,115
1,116
1,117
1,118
1,119
1,120
1,121
1,122
1,123
1,124
1,125
1,126
1,127
1,128
1,129
1,130
1,131
1,132
1,133
1,134
1,135
1,136
1,137
1,138
1,139
1,140
1,141
1,142
1,143
1,144
1,145
1,146
1,147
1,148
1,149
1,150
1,151
1,152
1,153
1,154
1,155
1,156
1,157
1,158
1,159
1,160
1,161
1,162
1,163
1,164
1,165
1,166
1,167
1,168
1,169
1,170
1,171
1,172
1,173
1,174
1,175
1,176
1,177
1,178
1,179
1,180
1,181
1,182
1,183
1,184
1,185
1,186
1,187
1,188
1,189
1,190
1,191
1,192
1,193
1,194
1,195
1,196
1,197
1,198
1,199
1,200
1,201
1,202
1,203
1,204
1,205
1,206
1,207
1,208
1,209
1,210
1,211
1,212
1,213
1,214
826,183
826,184
826,185
826,186
826,187
826,188
826,189
826,190
826,191
826,192
826,193
826,194
826,195
826,196
826,197
826,198
826,199
826,200
826,201
826,202
826,203
826,204
826,205
826,206
826,207
826,208
826,209
826,210
826,211
826,212
826,213
826,214
826,215
826,216
826,217
826,218
826,219
826,220
826,221
826,222
826,223
826,224
826,225
826,226
826,227
826,228
826,229
826,230
826,231
826,232
826,233
826,234
826,235
826,236
826,237
826,238
826,239
826,240
826,241
826,242
826,243
826,244
826,245
826,246
826,247
826,248
826,249
826,250
826,251
826,252
826,253
826,254
826,255
826,256
826,257
826,258
826,259
826,260
826,261
826,262
826,263
826,264
826,265
826,266
826,267
826,268
826,269
826,270
826,271
826,272
826,273
826,274
826,275
826,276
826,277
826,278
826,279
826,280
826,281
826,282
826,283
826,284
826,285
826,286
826,287
826,288
826,289
826,290
826,291
826,292
826,293
826,294
826,295
826,296
826,297
826,298
826,299
826,300
826,301
826,302
826,303
826,304
826,305
826,306
826,307
826,308
826,309
826,310
445,560
445,561
445,562
445,563
445,564
445,565
445,566
445,567
445,568
445,569
445,570
445,571
445,572
445,573
445,574
445,575
445,576
445,577
445,578
445,579
445,580
445,581
445,582
445,583
445,584
445,585
445,586
445,587
445,588
445,589
445,590
445,591
445,592
445,593
445,594
445,595
445,596
445,597
445,598
445,599
445,600
445,601
445,602
445,603
445,604
445,605
445,606
445,607
445,608
445,609
445,610
445,611
445,612
445,613
445,614
445,615
445,616
445,617
445,618
445,619
445,620
445,621
445,622
445,623
445,624
445,625
445,626
445,627
445,628
445,629
445,630
445,631
445,632
445,633
445,634
445,635
445,636
445,637
445,638
445,639
445,640
445,641
445,642
445,643
445,644
445,645
445,646
445,647
445,648
445,649
445,650
445,651
445,652
445,653
445,654
445,655
445,656
445,657
445,658
445,659
445,660
445,661
445,662
445,663
445,664
445,665
445,666
445,667
445,668
445,669
445,670
445,671
445,672
445,673
445,674
445,675
445,676
445,677
445,678
445,679
445,680
445,681
445,682
445,683
445,684
445,685
445,686
445,687
543,686
543,687
543,688
543,689
543,690
543,691
543,692
543,693
543,694
543,695
543,696
543,697
543,698
543,699
543,700
543,701
543,702
543,703
543,704
543,705
543,706
543,707
543,708
543,709
543,710
543,711
543,712
543,713
543,714
543,715
543,716
543,717
543,718
543,719
543,720
543,721
543,722
543,723
543,724
543,725
543,726
543,727
543,728
543,729
543,730
543,731
543,732
543,733
543,734
543,735
543,736
543,737
543,738
543,739
543,740
543,741
543,742
543,743
543,744
543,745
543,746
543,747
543,748
543,749
543,750
543,751
543,752
543,753
543,754
543,755
543,756
543,757
543,758
543,759
543,760
543,761
543,762
543,763
543,764
543,765
543,766
543,767
543,768
543,769
543,770
543,771
543,772
543,773
543,774
543,775
543,776
543,777
543,778
543,779
543,780
543,781
543,782
543,783
543,784
543,785
543,786
543,787
543,788
543,789
543,790
543,791
543,792
543,793
543,794
543,795
543,796
543,797
543,798
543,799
543,800
543,801
543,802
543,803
543,804
543,805
543,806
543,807
543,808
543,809
543,810
543,811
543,812
543,813
432,532
432,533
432,534
432,535
432,536
432,537
432,538
432,539
432,540
432,541
432,542
432,543
432,544
432,545
432,546
432,547
432,548
432,549
432,550
432,551
432,552
432,553
432,554
432,555
432,556
432,557
432,558
432,559
432,560
432,561
432,562
432,563
432,564
432,565
432,566
432,567
432,568
432,569
432,570
432,571
432,572
432,573
432,574
432,575
432,576
432,577
432,578
432,579
432,580
432,581
432,582
432,583
432,584
432,585
432,586
432,587
432,588
432,589
432,590
432,591
432,592
432,593
432,594
432,595
432,596
432,597
432,598
432,599
432,600
432,601
432,602
432,603
432,604
432,605
432,606
432,607
432,608
432,609
432,610
432,611
432,612
432,613
432,614
432,615
432,616
432,617
432,618
432,619
432,620
432,621
432,622
432,623
432,624
432,625
432,626
432,627
432,628
432,629
432,630
432,631
432,632
432,633
432,634
432,635
432,636
432,637
432,638
432,639
432,640
432,641
432,642
432,643
432,644
432,645
432,646
432,647
432,648
432,649
432,650
432,651
432,652
432,653
432,654
432,655
432,656
432,657
432,658
432,659
841,73
841,74
841,75
841,76
841,77
841,78
841,79
841,80
841,81
841,82
841,83
841,84
841,85
841,86
841,87
841,88
841,89
841,90
841,91
841,92
841,93
841,94
841,95
841,96
841,97
841,98
841,99
841,100
841,101
841,102
841,103
841,104
841,105
841,106
841,107
841,108
841,109
841,110
841,111
841,112
841,113
841,114
841,115
841,116
841,117
841,118
841,119
841,120
841,121
841,122
841,123
841,124
841,125
841,126
841,127
841,128
841,129
841,130
841,131
841,132
841,133
841,134
841,135
841,136
841,137
841,138
841,139
841,140
841,141
841,142
841,143
841,144
841,145
841,146
841,147
841,148
841,149
841,150
841,151
841,152
841,153
841,154
841,155
841,156
841,157
841,158
841,159
841,160
841,161
841,162
841,163
841,164
841,165
841,166
841,167
841,168
841,169
841,170
841,171
841,172
841,173
841,174
841,175
841,176
841,177
841,178
841,179
841,180
841,181
841,182
841,183
841,184
841,185
841,186
841,187
841,188
841,189
841,190
841,191
841,192
841,193
841,194
841,195
841,196
841,197
841,198
841,199
841,200
548,759
548,760
548,761
548,762
548,763
548,764
548,765
548,766
548,767
548,768
548,769
548,770
548,771
548,772
548,773
548,774
548,775
548,776
548,777
548,778
548,779
548,780
548,781
548,782
548,783
548,784
548,785
548,786
548,787
548,788
548,789
548,790
548,791
548,792
548,793
548,794
548,795
548,796
548,797
548,798
548,799
548,800
548,801
548,802
548,803
548,804
548,805
548,806
548,807
548,808
548,809
548,810
548,811
548,812
548,813
548,814
548,815
548,816
548,817
548,818
548,819
548,820
548,821
548,822
548,823
548,824
548,825
548,826
548,827
548,828
548,829
548,830
548,831
548,832
548,833
548,834
548,835
548,836
548,837
548,838
548,839
548,840
548,841
548,842
548,843
548,844
548,845
548,846
548,847
548,848
548,849
548,850
548,851
548,852
548,853
548,854
548,855
548,856
548,857
548,858
548,859
548,860
548,861
548,862
548,863
548,864
548,865
548,866
548,867
548,868
548,869
548,870
548,871
548,872
548,873
548,874
548,875
548,876
548,877
548,878
548,879
548,880
548,881
548,882
548,883
548,884
548,885
548,886
307,114
307,115
307,116
307,117
307,118
307,119
307,120
307,121
307,122
307,123
307,124
307,125
307,126
307,127
307,128
307,129
307,130
307,131
307,132
307,133
307,134
307,135
307,136
307,137
307,138
307,139
307,140
307,141
307,142
307,143
307,144
307,145
307,146
307,147
307,148
307,149
307,150
307,151
307,152
307,153
307,154
307,155
307,156
307,157
307,158
307,159
307,160
307,161
307,162
307,163
307,164
307,165
307,166
307,167
307,168
307,169
307,170
307,171
307,172
307,173
307,174
307,175
307,176
307,177
307,178
307,179
307,180
307,181
307,182
307,183
307,184
307,185
307,186
307,187
307,188
307,189
307,190
307,191
307,192
307,193
307,194
307,195
307,196
307,197
307,198
307,199
307,200
307,201
307,202
307,203
307,204
307,205
307,206
307,207
307,208
307,209
307,210
307,211
307,212
307,213
307,214
307,215
307,216
307,217
307,218
307,219
307,220
307,221
307,222
307,223
307,224
307,225
307,226
307,227
307,228
307,229
307,230
307,231
307,232
307,233
307,234
307,235
307,236
307,237
307,238
307,239
307,240
307,241
549,593
549,594
549,595
549,596
549,597
549,598
549,599
549,600
549,601
549,602
549,603
549,604
549,605
549,606
549,607
549,608
549,609
549,610
549,611
549,612
549,613
549,614
549,615
549,616
549,617
549,618
549,619
549,620
549,621
549,622
549,623
549,624
549,625
549,626
549,627
549,628
549,629
549,630
549,631
549,632
549,633
549,634
549,635
549,636
549,637
549,638
549,639
549,640
549,641
549,642
549,643
549,644
549,645
549,646
549,647
549,648
549,649
549,650
549,651
549,652
549,653
549,654
549,655
549,656
549,657
549,658
549,659
549,660
549,661
549,662
549,663
549,664
549,665
549,666
549,667
549,668
549,669
549,670
549,671
549,672
549,673
549,674
549,675
549,676
549,677
549,678
549,679
549,680
549,681
549,682
549,683
549,684
549,685
549,686
549,687
549,688
549,689
549,690
549,691
549,692
549,693
549,694
549,695
549,696
549,697
549,698
549,699
549,700
549,701
549,702
549,703
549,704
549,705
549,706
549,707
549,708
549,709
549,710
549,711
549,712
549,713
549,714
549,715
549,716
549,717
549,718
549,719
549,720
367,751
367,752
367,753
367,754
367,755
367,756
367,757
367,758
367,759
367,760
367,761
367,762
367,763
367,764
367,765
367,766
367,767
367,768
367,769
367,770
367,771
367,772
367,773
367,774
367,775
367,776
367,777
367,778
367,779
367,780
367,781
367,782
367,783
367,784
367,785
367,786
367,787
367,788
367,789
367,790
367,791
367,792
367,793
367,794
367,795
367,796
367,797
367,798
367,799
367,800
367,801
367,802
367,803
367,804
367,805
367,806
367,807
367,808
367,809
367,810
367,811
367,812
367,813
367,814
367,815
367,816
367,817
367,818
367,819
367,820
367,821
367,822
367,823
367,824
367,825
367,826
367,827
367,828
367,829
367,830
367,831
367,832
367,833
367,834
367,835
367,836
367,837
367,838
367,839
367,840
367,841
367,842
367,843
367,844
367,845
367,846
367,847
367,848
367,849
367,850
367,851
367,852
367,853
367,854
367,855
367,856
367,857
367,858
367,859
367,860
367,861
367,862
367,863
367,864
367,865
367,866
367,867
367,868
367,869
367,870
367,871
367,872
367,873
367,874
367,875
367,876
367,877
367,878
627,29
627,30
627,31
627,32
627,33
627,34
627,35
627,36
627,37
627,38
627,39
627,40
627,41
627,42
627,43
627,44
627,45
627,46
627,47
627,48
627,49
627,50
627,51
627,52
627,53
627,54
627,55
627,56
627,57
627,58
627,59
627,60
627,61
627,62
627,63
627,64
627,65
627,66
627,67
627,68
627,69
627,70
627,71
627,72
627,73
627,74
627,75
627,76
627,77
627,78
627,79
627,80
627,81
627,82
627,83
627,84
627,85
627,86
627,87
627,88
627,89
627,90
627,91
627,92
627,93
627,94
627,95
627,96
627,97
627,98
627,99
627,100
627,101
627,102
627,103
627,104
627,105
627,106
627,107
627,108
627,109
627,110
627,111
627,112
627,113
627,114
627,115
627,116
627,117
627,118
627,119
627,120
627,121
627,122
627,123
627,124
627,125
627,126
627,127
627,128
627,129
627,130
627,131
627,132
627,133
627,134
627,135
627,136
627,137
627,138
627,139
627,140
627,141
627,142
627,143
627,144
627,145
627,146
627,147
627,148
627,149
627,150
627,151
627,152
627,153
627,154
627,155
627,156
731,616
731,617
731,618
731,619
731,620
731,621
731,622
731,623
731,624
731,625
731,626
731,627
731,628
731,629
731,630
731,631
731,632
731,633
731,634
731,635
731,636
731,637
731,638
731,639
731,640
731,641
731,642
731,643
731,644
731,645
731,646
731,647
731,648
731,649
731,650
731,651
731,652
731,653
731,654
731,655
731,656
731,657
731,658
731,659
731,660
731,661
731,662
731,663
731,664
731,665
731,666
731,667
731,668
731,669
731,670
731,671
731,672
731,673
731,674
731,675
731,676
731,677
731,678
731,679
731,680
731,681
731,682
731,683
731,684
731,685
731,686
731,687
731,688
731,689
731,690
731,691
731,692
731,693
731,694
731,695
731,696
731,697
731,698
731,699
731,700
731,701
731,702
731,703
731,704
731,705
731,706
731,707
731,708
731,709
731,710
731,711
731,712
731,713
731,714
731,715
731,716
731,717
731,718
731,719
731,720
731,721
731,722
731,723
731,724
731,725
731,726
731,727
731,728
731,729
731,730
731,731
731,732
731,733
731,734
731,735
731,736
731,737
731,738
731,739
731,740
731,741
731,742
731,743
207,804
207,805
207,806
207,807
207,808
207,809
207,810
207,811
207,812
207,813
207,814
207,815
207,816
207,817
207,818
207,819
207,820
207,821
207,822
207,823
207,824
207,825
207,826
207,827
207,828
207,829
207,830
207,831
207,832
207,833
207,834
207,835
207,836
207,837
207,838
207,839
207,840
207,841
207,842
207,843
207,844
207,845
207,846
207,847
207,848
207,849
207,850
207,851
207,852
207,853
207,854
207,855
207,856
207,857
207,858
207,859
207,860
207,861
207,862
207,863
207,864
207,865
207,866
207,867
207,868
207,869
207,870
207,871
207,872
207,873
207,874
207,875
207,876
207,877
207,878
207,879
207,880
207,881
207,882
207,883
207,884
207,885
207,886
207,887
207,888
207,889
207,890
207,891
207,892
207,893
207,894
207,895
207,896
207,897
207,898
207,899
207,900
207,901
207,902
207,903
207,904
207,905
207,906
207,907
207,908
207,909
207,910
207,911
207,912
207,913
207,914
207,915
207,916
207,917
207,918
207,919
207,920
207,921
207,922
207,923
207,924
207,925
207,926
207,927
207,928
207,929
207,930
207,931
149,568
149,569
149,570
149,571
149,572
149,573
149,574
149,575
149,576
149,577
149,578
149,579
149,580
149,581
149,582
149,583
149,584
149,585
149,586
149,587
149,588
149,589
149,590
149,591
149,592
149,593
149,594
149,595
149,596
149,597
149,598
149,599
149,600
149,601
149,602
149,603
149,604
149,605
149,606
149,607
149,608
149,609
149,610
149,611
149,612
149,613
149,614
149,615
149,616
149,617
149,618
149,619
149,620
149,621
149,622
149,623
149,624
149,625
149,626
149,627
149,628
149,629
149,630
149,631
149,632
149,633
149,634
149,635
149,636
149,637
149,638
149,639
149,640
149,641
149,642
149,643
149,644
149,645
149,646
149,647
149,648
149,649
149,650
149,651
149,652
149,653
149,654
149,655
149,656
149,657
149,658
149,659
149,660
149,661
149,662
149,663
149,664
149,665
149,666
149,667
149,668
149,669
149,670
149,671
149,672
149,673
149,674
149,675
149,676
149,677
149,678
149,679
149,680
149,681
149,682
149,683
149,684
149,685
149,686
149,687
149,688
149,689
149,690
149,691
149,692
149,693
149,694
149,695
619,652
619,653
619,654
619,655
619,656
619,657
619,658
619,659
619,660
619,661
619,662
619,663
619,664
619,665
619,666
619,667
619,668
619,669
619,670
619,671
619,672
619,673
619,674
619,675
619,676
619,677
619,678
619,679
619,680
619,681
619,682
619,683
619,684
619,685
619,686
619,687
619,688
619,689
619,690
619,691
619,692
619,693
619,694
619,695
619,696
619,697
619,698
619,699
619,700
619,701
619,702
619,703
619,704
619,705
619,706
619,707
619,708
619,709
619,710
619,711
619,712
619,713
619,714
619,715
619,716
619,717
619,718
619,719
619,720
619,721
619,722
619,723
619,724
619,725
619,726
619,727
619,728
619,729
619,730
619,731
619,732
619,733
619,734
619,735
619,736
619,737
619,738
619,739
619,740
619,741
619,742
619,743
619,744
619,745
619,746
619,747
619,748
619,749
619,750
619,751
619,752
619,753
619,754
619,755
619,756
619,757
619,758
619,759
619,760
619,761
619,762
619,763
619,764
619,765
619,766
619,767
619,768
619,769
619,770
619,771
619,772
619,773
619,774
619,775
619,776
619,777
619,778
619,779
776,496
776,497
776,498
776,499
776,500
776,501
776,502
776,503
776,504
776,505
776,506
776,507
776,508
776,509
776,510
776,511
776,512
776,513
776,514
776,515
776,516
776,517
776,518
776,519
776,520
776,521
776,522
776,523
776,524
776,525
776,526
776,527
776,528
776,529
776,530
776,531
776,532
776,533
776,534
776,535
776,536
776,537
776,538
776,539
776,540
776,541
776,542
776,543
776,544
776,545
776,546
776,547
776,548
776,549
776,550
776,551
776,552
776,553
776,554
776,555
776,556
776,557
776,558
776,559
776,560
776,561
776,562
776,563
776,564
776,565
776,566
776,567
776,568
776,569
776,570
776,571
776,572
776,573
776,574
776,575
776,576
776,577
776,578
776,579
776,580
776,581
776,582
776,583
776,584
776,585
776,586
776,587
776,588
776,589
776,590
776,591
776,592
776,593
776,594
776,595
776,596
776,597
776,598
776,599
776,600
776,601
776,602
776,603
776,604
776,605
776,606
776,607
776,608
776,609
776,610
776,611
776,612
776,613
776,614
776,615
776,616
776,617
776,618
776,619
776,620
776,621
776,622
776,623
717,520
717,521
717,522
717,523
717,524
717,525
717,526
717,527
717,528
717,529
717,530
717,531
717,532
717,533
717,534
717,535
717,536
717,537
717,538
717,539
717,540
717,541
717,542
717,543
717,544
717,545
717,546
717,547
717,548
717,549
717,550
717,551
717,552
717,553
717,554
717,555
717,556
717,557
717,558
717,559
717,560
717,561
717,562
717,563
717,564
717,565
717,566
717,567
717,568
717,569
717,570
717,571
717,572
717,573
717,574
717,575
717,576
717,577
717,578
717,579
717,580
717,581
717,582
717,583
717,584
717,585
717,586
717,587
717,588
717,589
717,590
717,591
717,592
717,593
717,594
717,595
717,596
717,597
717,598
717,599
717,600
717,601
717,602
717,603
717,604
717,605
717,606
717,607
717,608
717,609
717,610
717,611
717,612
717,613
717,614
717,615
717,616
717,617
717,618
717,619
717,620
717,621
717,622
717,623
717,624
717,625
717,626
717,627
717,628
717,629
717,630
717,631
717,632
717,633
717,634
717,635
717,636
717,637
717,638
717,639
717,640
717,641
717,642
717,643
717,644
717,645
717,646
717,647
331,116
331,117
331,118
331,119
331,120
331,121
331,122
331,123
331,124
331,125
331,126
331,127
331,128
331,129
331,130
331,131
331,132
331,133
331,134
331,135
331,136
331,137
331,138
331,139
331,140
331,141
331,142
331,143
331,144
331,145
331,146
331,147
331,148
331,149
331,150
331,151
331,152
331,153
331,154
331,155
331,156
331,157
331,158
331,159
331,160
331,161
331,162
331,163
331,164
331,165
331,166
331,167
331,168
331,169
331,170
331,171
331,172
331,173
331,174
331,175
331,176
331,177
331,178
331,179
331,180
331,181
331,182
331,183
331,184
331,185
331,186
331,187
331,188
331,189
331,190
331,191
331,192
331,193
331,194
331,195
331,196
331,197
331,198
331,199
331,200
331,201
331,202
331,203
331,204
331,205
331,206
331,207
331,208
331,209
331,210
331,211
331,212
331,213
331,214
331,215
331,216
331,217
331,218
331,219
331,220
331,221
331,222
331,223
331,224
331,225
331,226
331,227
331,228
331,229
331,230
331,231
331,232
331,233
331,234
331,235
331,236
331,237
331,238
331,239
331,240
331,241
331,242
331,243
819,163
819,164
819,165
819,166
819,167
819,168
819,169
819,170
819,171
819,172
819,173
819,174
819,175
819,176
819,177
819,178
819,179
819,180
819,181
819,182
819,183
819,184
819,185
819,186
819,187
819,188
819,189
819,190
819,191
819,192
819,193
819,194
819,195
819,196
819,197
819,198
819,199
819,200
819,201
819,202
819,203
819,204
819,205
819,206
819,207
819,208
819,209
819,210
819,211
819,212
819,213
819,214
819,215
819,216
819,217
819,218
819,219
819,220
819,221
819,222
819,223
819,224
819,225
819,226
819,227
819,228
819,229
819,230
819,231
819,232
819,233
819,234
819,235
819,236
819,237
819,238
819,239
819,240
819,241
819,242
819,243
819,244
819,245
819,246
819,247
819,248
819,249
819,250
819,251
819,252
819,253
819,254
819,255
819,256
819,257
819,258
819,259
819,260
819,261
819,262
819,263
819,264
819,265
819,266
819,267
819,268
819,269
819,270
819,271
819,272
819,273
819,274
819,275
819,276
819,277
819,278
819,279
819,280
819,281
819,282
819,283
819,284
819,285
819,286
819,287
819,288
819,289
819,290
954,190
954,191
954,192
954,193
954,194
954,195
954,196
954,197
954,198
954,199
954,200
954,201
954,202
954,203
954,204
954,205
954,206
954,207
954,208
954,209
954,210
954,211
954,212
954,213
954,214
954,215
954,216
954,217
954,218
954,219
954,220
954,221
954,222
954,223
954,224
954,225
954,226
954,227
954,228
954,229
954,230
954,231
954,232
954,233
954,234
954,235
954,236
954,237
954,238
954,239
954,240
954,241
954,242
954,243
954,244
954,245
954,246
954,247
954,248
954,249
954,250
954,251
954,252
954,253
954,254
954,255
954,256
954,257
954,258
954,259
954,260
954,261
954,262
954,263
954,264
954,265
954,266
954,267
954,268
954,269
954,270
954,271
954,272
954,273
954,274
954,275
954,276
954,277
954,278
954,279
954,280
954,281
954,282
954,283
954,284
954,285
954,286
954,287
954,288
954,289
954,290
954,291
954,292
954,293
954,294
954,295
954,296
954,297
954,298
954,299
954,300
954,301
954,302
954,303
954,304
954,305
954,306
954,307
954,308
954,309
954,310
954,311
954,312
954,313
954,314
954,315
954,316
954,317
250,574
250,575
250,576
250,577
250,578
250,579
250,580
250,581
250,582
250,583
250,584
250,585
250,586
250,587
250,588
250,589
250,590
250,591
250,592
250,593
250,594
250,595
250,596
250,597
250,598
250,599
250,600
250,601
250,602
250,603
250,604
250,605
250,606
250,607
250,608
250,609
250,610
250,611
250,612
250,613
250,614
250,615
250,616
250,617
250,618
250,619
250,620
250,621
250,622
250,623
250,624
250,625
250,626
250,627
250,628
250,629
250,630
250,631
250,632
250,633
250,634
250,635
250,636
250,637
250,638
250,639
250,640
250,641
250,642
250,643
250,644
250,645
250,646
250,647
250,648
250,649
250,650
250,651
250,652
250,653
250,654
250,655
250,656
250,657
250,658
250,659
250,660
250,661
250,662
250,663
250,664
250,665
250,666
250,667
250,668
250,669
250,670
250,671
250,672
250,673
250,674
250,675
250,676
250,677
250,678
250,679
250,680
250,681
250,682
250,683
250,684
250,685
250,686
250,687
250,688
250,689
250,690
250,691
250,692
250,693
250,694
250,695
250,696
250,697
250,698
250,699
250,700
250,701
59,797
59,798
59,799
59,800
59,801
59,802
59,803
59,804
59,805
59,806
59,807
59,808
59,809
59,810
59,811
59,812
59,813
59,814
59,815
59,816
59,817
59,818
59,819
59,820
59,821
59,822
59,823
59,824
59,825
59,826
59,827
59,828
59,829
59,830
59,831
59,832
59,833
59,834
59,835
59,836
59,837
59,838
59,839
59,840
59,841
59,842
59,843
59,844
59,845
59,846
59,847
59,848
59,849
59,850
59,851
59,852
59,853
59,854
59,855
59,856
59,857
59,858
59,859
59,860
59,861
59,862
59,863
59,864
59,865
59,866
59,867
59,868
59,869
59,870
59,871
59,872
59,873
59,874
59,875
59,876
59,877
59,878
59,879
59,880
59,881
59,882
59,883
59,884
59,885
59,886
59,887
59,888
59,889
59,890
59,891
59,892
59,893
59,894
59,895
59,896
59,897
59,898
59,899
59,900
59,901
59,902
59,903
59,904
59,905
59,906
59,907
59,908
59,909
59,910
59,911
59,912
59,913
59,914
59,915
59,916
59,917
59,918
59,919
59,920
59,921
59,922
59,923
59,924
500,640
500,641
500,642
500,643
500,644
500,645
500,646
500,647
500,648
500,649
500,650
500,651
500,652
500,653
500,654
500,655
500,656
500,657
500,658
500,659
500,660
500,661
500,662
500,663
500,664
500,665
500,666
500,667
500,668
500,669
500,670
500,671
500,672
500,673
500,674
500,675
500,676
500,677
500,678
500,679
500,680
500,681
500,682
500,683
500,684
500,685
500,686
500,687
500,688
500,689
500,690
500,691
500,692
500,693
500,694
500,695
500,696
500,697
500,698
500,699
500,700
500,701
500,702
500,703
500,704
500,705
500,706
500,707
500,708
500,709
500,710
500,711
500,712
500,713
500,714
500,715
500,716
500,717
500,718
500,719
500,720
500,721
500,722
500,723
500,724
500,725
500,726
500,727
500,728
500,729
500,730
500,731
500,732
500,733
500,734
500,735
500,736
500,737
500,738
500,739
500,740
500,741
500,742
500,743
500,744
500,745
500,746
500,747
500,748
500,749
500,750
500,751
500,752
500,753
500,754
500,755
500,756
500,757
500,758
500,759
500,760
500,761
500,762
500,763
500,764
500,765
500,766
500,767
578,858
578,859
578,860
578,861
578,862
578,863
578,864
578,865
578,866
578,867
578,868
578,869
578,870
578,871
578,872
578,873
578,874
578,875
578,876
578,877
578,878
578,879
578,880
578,881
578,882
578,883
578,884
578,885
578,886
578,887
578,888
578,889
578,890
578,891
578,892
578,893
578,894
578,895
578,896
578,897
578,898
578,899
578,900
578,901
578,902
578,903
578,904
578,905
578,906
578,907
578,908
578,909
578,910
578,911
578,912
578,913
578,914
578,915
578,916
578,917
578,918
578,919
578,920
578,921
578,922
578,923
578,924
578,925
578,926
578,927
578,928
578,929
578,930
578,931
578,932
578,933
578,934
578,935
578,936
578,937
578,938
578,939
578,940
578,941
578,942
578,943
578,944
578,945
578,946
578,947
578,948
578,949
578,950
578,951
578,952
578,953
578,954
578,955
578,956
578,957
578,958
578,959
578,960
578,961
578,962
578,963
578,964
578,965
578,966
578,967
578,968
578,969
578,970
578,971
578,972
578,973
578,974
578,975
578,976
578,977
578,978
578,979
578,980
578,981
578,982
578,983
578,984
578,985
289,61
289,62
289,63
289,64
289,65
289,66
289,67
289,68
289,69
289,70
289,71
289,72
289,73
289,74
289,75
289,76
289,77
289,78
289,79
289,80
289,81
289,82
289,83
289,84
289,85
289,86
289,87
289,88
289,89
289,90
289,91
289,92
289,93
289,94
289,95
289,96
289,97
289,98
289,99
289,100
289,101
289,102
289,103
289,104
289,105
289,106
289,107
289,108
289,109
289,110
289,111
289,112
289,113
289,114
289,115
289,116
289,117
289,118
289,119
289,120
289,121
289,122
289,123
289,124
289,125
289,126
289,127
289,128
289,129
289,130
289,131
289,132
289,133
289,134
289,135
289,136
289,137
289,138
289,139
289,140
289,141
289,142
289,143
289,144
289,145
289,146
289,147
289,148
289,149
289,150
289,151
289,152
289,153
289,154
289,155
289,156
289,157
289,158
289,159
289,160
289,161
289,162
289,163
289,164
289,165
289,166
289,167
289,168
289,169
289,170
289,171
289,172
289,173
289,174
289,175
289,176
289,177
289,178
289,179
289,180
289,181
289,182
289,183
289,184
289,185
289,186
289,187
289,188
56,818
56,819
56,820
56,821
56,822
56,823
56,824
56,825
56,826
56,827
56,828
56,829
56,830
56,831
56,832
56,833
56,834
56,835
56,836
56,837
56,838
56,839
56,840
56,841
56,842
56,843
56,844
56,845
56,846
56,847
56,848
56,849
56,850
56,851
56,852
56,853
56,854
56,855
56,856
56,857
56,858
56,859
56,860
56,861
56,862
56,863
56,864
56,865
56,866
56,867
56,868
56,869
56,870
56,871
56,872
56,873
56,874
56,875
56,876
56,877
56,878
56,879
56,880
56,881
56,882
56,883
56,884
56,885
56,886
56,887
56,888
56,889
56,890
56,891
56,892
56,893
56,894
56,895
56,896
56,897
56,898
56,899
56,900
56,901
56,902
56,903
56,904
56,905
56,906
56,907
56,908
56,909
56,910
56,911
56,912
56,913
56,914
56,915
56,916
56,917
56,918
56,919
56,920
56,921
56,922
56,923
56,924
56,925
56,926
56,927
56,928
56,929
56,930
56,931
56,932
56,933
56,934
56,935
56,936
56,937
56,938
56,939
56,940
56,941
56,942
56,943
56,944
56,945
631,514
631,515
631,516
631,517
631,518
631,519
631,520
631,521
631,522
631,523
631,524
631,525
631,526
631,527
631,528
631,529
631,530
631,531
631,532
631,533
631,534
631,535
631,536
631,537
631,538
631,539
631,540
631,541
631,542
631,543
631,544
631,545
631,546
631,547
631,548
631,549
631,550
631,551
631,552
631,553
631,554
631,555
631,556
631,557
631,558
631,559
631,560
631,561
631,562
631,563
631,564
631,565
631,566
631,567
631,568
631,569
631,570
631,571
631,572
631,573
631,574
631,575
631,576
631,577
631,578
631,579
631,580
631,581
631,582
631,583
631,584
631,585
631,586
631,587
631,588
631,589
631,590
631,591
631,592
631,593
631,594
631,595
631,596
631,597
631,598
631,599
631,600
631,601
631,602
631,603
631,604
631,605
631,606
631,607
631,608
631,609
631,610
631,611
631,612
631,613
631,614
631,615
631,616
631,617
631,618
631,619
631,620
631,621
631,622
631,623
631,624
631,625
631,626
631,627
631,628
631,629
631,630
631,631
631,632
631,633
631,634
631,635
631,636
631,637
631,638
631,639
631,640
631,641
195,533
195,534
195,535
195,536
195,537
195,538
195,539
195,540
195,541
195,542
195,543
195,544
195,545
195,546
195,547
195,548
195,549
195,550
195,551
195,552
195,553
195,554
195,555
195,556
195,557
195,558
195,559
195,560
195,561
195,562
195,563
195,564
195,565
195,566
195,567
195,568
195,569
195,570
195,571
195,572
195,573
195,574
195,575
195,576
195,577
195,578
195,579
195,580
195,581
195,582
195,583
195,584
195,585
195,586
195,587
195,588
195,589
195,590
195,591
195,592
195,593
195,594
195,595
195,596
195,597
195,598
195,599
195,600
195,601
195,602
195,603
195,604
195,605
195,606
195,607
195,608
195,609
195,610
195,611
195,612
195,613
195,614
195,615
195,616
195,617
195,618
195,619
195,620
195,621
195,622
195,623
195,624
195,625
195,626
195,627
195,628
195,629
195,630
195,631
195,632
195,633
195,634
195,635
195,636
195,637
195,638
195,639
195,640
195,641
195,642
195,643
195,644
195,645
195,646
195,647
195,648
195,649
195,650
195,651
195,652
195,653
195,654
195,655
195,656
195,657
195,658
195,659
195,660
645,773
645,774
645,775
645,776
645,777
645,778
645,779
645,780
645,781
645,782
645,783
645,784
645,785
645,786
645,787
645,788
645,789
645,790
645,791
645,792
645,793
645,794
645,795
645,796
645,797
645,798
645,799
645,800
645,801
645,802
645,803
645,804
645,805
645,806
645,807
645,808
645,809
645,810
645,811
645,812
645,813
645,814
645,815
645,816
645,817
645,818
645,819
645,820
645,821
645,822
645,823
645,824
645,825
645,826
645,827
645,828
645,829
645,830
645,831
645,832
645,833
645,834
645,835
645,836
645,837
645,838
645,839
645,840
645,841
645,842
645,843
645,844
645,845
645,846
645,847
645,848
645,849
645,850
645,851
645,852
645,853
645,854
645,855
645,856
645,857
645,858
645,859
645,860
645,861
645,862
645,863
645,864
645,865
645,866
645,867
645,868
645,869
645,870
645,871
645,872
645,873
645,874
645,875
645,876
645,877
645,878
645,879
645,880
645,881
645,882
645,883
645,884
645,885
645,886
645,887
645,888
645,889
645,890
645,891
645,892
645,893
645,894
645,895
645,896
645,897
645,898
645,899
645,900
427,111
427,112
427,113
427,114
427,115
427,116
427,117
427,118
427,119
427,120
427,121
427,122
427,123
427,124
427,125
427,126
427,127
427,128
427,129
427,130
427,131
427,132
427,133
427,134
427,135
427,136
427,137
427,138
427,139
427,140
427,141
427,142
427,143
427,144
427,145
427,146
427,147
427,148
427,149
427,150
427,151
427,152
427,153
427,154
427,155
427,156
427,157
427,158
427,159
427,160
427,161
427,162
427,163
427,164
427,165
427,166
427,167
427,168
427,169
427,170
427,171
427,172
427,173
427,174
427,175
427,176
427,177
427,178
427,179
427,180
427,181
427,182
427,183
427,184
427,185
427,186
427,187
427,188
427,189
427,190
427,191
427,192
427,193
427,194
427,195
427,196
427,197
427,198
427,199
427,200
427,201
427,202
427,203
427,204
427,205
427,206
427,207
427,208
427,209
427,210
427,211
427,212
427,213
427,214
427,215
427,216
427,217
427,218
427,219
427,220
427,221
427,222
427,223
427,224
427,225
427,226
427,227
427,228
427,229
427,230
427,231
427,232
427,233
427,234
427,235
427,236
427,237
427,238
224,861
224,862
224,863
224,864
224,865
224,866
224,867
224,868
224,869
224,870
224,871
224,872
224,873
224,874
224,875
224,876
224,877
224,878
224,879
224,880
224,881
224,882
224,883
224,884
224,885
224,886
224,887
224,888
224,889
224,890
224,891
224,892
224,893
224,894
224,895
224,896
224,897
224,898
224,899
224,900
224,901
224,902
224,903
224,904
224,905
224,906
224,907
224,908
224,909
224,910
224,911
224,912
224,913
224,914
224,915
224,916
224,917
224,918
224,919
224,920
224,921
224,922
224,923
224,924
224,925
224,926
224,927
224,928
224,929
224,930
224,931
224,932
224,933
224,934
224,935
224,936
224,937
224,938
224,939
224,940
224,941
224,942
224,943
224,944
224,945
224,946
224,947
224,948
224,949
224,950
224,951
224,952
224,953
224,954
224,955
224,956
224,957
224,958
224,959
224,960
224,961
224,962
224,963
224,964
224,965
224,966
224,967
224,968
224,969
224,970
224,971
224,972
224,973
224,974
224,975
224,976
224,977
224,978
224,979
224,980
224,981
224,982
224,983
224,984
224,985
224,986
224,987
224,988
155,698
155,699
155,700
155,701
155,702
155,703
155,704
155,705
155,706
155,707
155,708
155,709
155,710
155,711
155,712
155,713
155,714
155,715
155,716
155,717
155,718
155,719
155,720
155,721
155,722
155,723
155,724
155,725
155,726
155,727
155,728
155,729
155,730
155,731
155,732
155,733
155,734
155,735
155,736
155,737
155,738
155,739
155,740
155,741
155,742
155,743
155,744
155,745
155,746
155,747
155,748
155,749
155,750
155,751
155,752
155,753
155,754
155,755
155,756
155,757
155,758
155,759
155,760
155,761
155,762
155,763
155,764
155,765
155,766
155,767
155,768
155,769
155,770
155,771
155,772
155,773
155,774
155,775
155,776
155,777
155,778
155,779
155,780
155,781
155,782
155,783
155,784
155,785
155,786
155,787
155,788
155,789
155,790
155,791
155,792
155,793
155,794
155,795
155,796
155,797
155,798
155,799
155,800
155,801
155,802
155,803
155,804
155,805
155,806
155,807
155,808
155,809
155,810
155,811
155,812
155,813
155,814
155,815
155,816
155,817
155,818
155,819
155,820
155,821
155,822
155,823
155,824
155,825
508,453
508,454
508,455
508,456
508,457
508,458
508,459
508,460
508,461
508,462
508,463
508,464
508,465
508,466
508,467
508,468
508,469
508,470
508,471
508,472
508,473
508,474
508,475
508,476
508,477
508,478
508,479
508,480
508,481
508,482
508,483
508,484
508,485
508,486
508,487
508,488
508,489
508,490
508,491
508,492
508,493
508,494
508,495
508,496
508,497
508,498
508,499
508,500
508,501
508,502
508,503
508,504
508,505
508,506
508,507
508,508
508,509
508,510
508,511
508,512
508,513
508,514
508,515
508,516
508,517
508,518
508,519
508,520
508,521
508,522
508,523
508,524
508,525
508,526
508,527
508,528
508,529
508,530
508,531
508,532
508,533
508,534
508,535
508,536
508,537
508,538
508,539
508,540
508,541
508,542
508,543
508,544
508,545
508,546
508,547
508,548
508,549
508,550
508,551
508,552
508,553
508,554
508,555
508,556
508,557
508,558
508,559
508,560
508,561
508,562
508,563
508,564
508,565
508,566
508,567
508,568
508,569
508,570
508,571
508,572
508,573
508,574
508,575
508,576
508,577
508,578
508,579
508,580
1023,600
1023,601
1023,602
1023,603
1023,604
1023,605
1023,606
1023,607
1023,608
1023,609
1023,610
1023,611
1023,612
1023,613
1023,614
1023,615
1023,616
1023,617
1023,618
1023,619
1023,620
1023,621
1023,622
1023,623
1023,624
1023,625
1023,626
1023,627
1023,628
1023,629
1023,630
1023,631
1023,632
1023,633
1023,634
1023,635
1023,636
1023,637
1023,638
1023,639
1023,640
1023,641
1023,642
1023,643
1023,644
1023,645
1023,646
1023,647
1023,648
1023,649
1023,650
1023,651
1023,652
1023,653
1023,654
1023,655
1023,656
1023,657
1023,658
1023,659
1023,660
1023,661
1023,662
1023,663
1023,664
1023,665
1023,666
1023,667
1023,668
1023,669
1023,670
1023,671
1023,672
1023,673
1023,674
1023,675
1023,676
1023,677
1023,678
1023,679
1023,680
1023,681
1023,682
1023,683
1023,684
1023,685
1023,686
1023,687
1023,688
1023,689
1023,690
1023,691
1023,692
1023,693
1023,694
1023,695
1023,696
1023,697
1023,698
1023,699
1023,700
1023,701
1023,702
1023,703
1023,704
1023,705
1023,706
1023,707
1023,708
1023,709
1023,710
1023,711
1023,712
1023,713
1023,714
1023,715
1023,716
1023,717
1023,718
1023,719
1023,720
1023,721
1023,722
1023,723
1023,724
1023,725
1023,726
1023,727
77,103
77,104
77,105
77,106
77,107
77,108
77,109
77,110
77,111
77,112
77,113
77,114
77,115
77,116
77,117
77,118
77,119
77,120
77,121
77,122
77,123
77,124
77,125
77,126
77,127
77,128
77,129
77,130
77,131
77,132
77,133
77,134
77,135
77,136
77,137
77,138
77,139
77,140
77,141
77,142
77,143
77,144
77,145
77,146
77,147
77,148
77,149
77,150
77,151
77,152
77,153
77,154
77,155
77,156
77,157
77,158
77,159
77,160
77,161
77,162
77,163
77,164
77,165
77,166
77,167
77,168
77,169
77,170
77,171
77,172
77,173
77,174
77,175
77,176
77,177
77,178
77,179
77,180
77,181
77,182
77,183
77,184
77,185
77,186
77,187
77,188
77,189
77,190
77,191
77,192
77,193
77,194
77,195
77,196
77,197
77,198
77,199
77,200
77,201
77,202
77,203
77,204
77,205
77,206
77,207
77,208
77,209
77,210
77,211
77,212
77,213
77,214
77,215
77,216
77,217
77,218
77,219
77,220
77,221
77,222
77,223
77,224
77,225
77,226
77,227
77,228
77,229
77,230
856,228
856,229
856,230
856,231
856,232
856,233
856,234
856,235
856,236
856,237
856,238
856,239
856,240
856,241
856,242
856,243
856,244
856,245
856,246
856,247
856,248
856,249
856,250
856,251
856,252
856,253
856,254
856,255
856,256
856,257
856,258
856,259
856,260
856,261
856,262
856,263
856,264
856,265
856,266
856,267
856,268
856,269
856,270
856,271
856,272
856,273
856,274
856,275
856,276
856,277
856,278
856,279
856,280
856,281
856,282
856,283
856,284
856,285
856,286
856,287
856,288
856,289
856,290
856,291
856,292
856,293
856,294
856,295
856,296
856,297
856,298
856,299
856,300
856,301
856,302
856,303
856,304
856,305
856,306
856,307
856,308
856,309
856,310
856,311
856,312
856,313
856,314
856,315
856,316
856,317
856,318
856,319
856,320
856,321
856,322
856,323
856,324
856,325
856,326
856,327
856,328
856,329
856,330
856,331
856,332
856,333
856,334
856,335
856,336
856,337
856,338
856,339
856,340
856,341
856,342
856,343
856,344
856,345
856,346
856,347
856,348
856,349
856,350
856,351
856,352
856,353
856,354
856,355
356,828
356,829
356,830
356,831
356,832
356,833
356,834
356,835
356,836
356,837
356,838
356,839
356,840
356,841
356,842
356,843
356,844
356,845
356,846
356,847
356,848
356,849
356,850
356,851
356,852
356,853
356,854
356,855
356,856
356,857
356,858
356,859
356,860
356,861
356,862
356,863
356,864
356,865
356,866
356,867
356,868
356,869
356,870
356,871
356,872
356,873
356,874
356,875
356,876
356,877
356,878
356,879
356,880
356,881
356,882
356,883
356,884
356,885
356,886
356,887
356,888
356,889
356,890
356,891
356,892
356,893
356,894
356,895
356,896
356,897
356,898
356,899
356,900
356,901
356,902
356,903
356,904
356,905
356,906
356,907
356,908
356,909
356,910
356,911
356,912
356,913
356,914
356,915
356,916
356,917
356,918
356,919
356,920
356,921
356,922
356,923
356,924
356,925
356,926
356,927
356,928
356,929
356,930
356,931
356,932
356,933
356,934
356,935
356,936
356,937
356,938
356,939
356,940
356,941
356,942
356,943
356,944
356,945
356,946
356,947
356,948
356,949
356,950
356,951
356,952
356,953
356,954
356,955
159,706
159,707
159,708
159,709
159,710
159,711
159,712
159,713
159,714
159,715
159,716
159,717
159,718
159,719
159,720
159,721
159,722
159,723
159,724
159,725
159,726
159,727
159,728
159,729
159,730
159,731
159,732
159,733
159,734
159,735
159,736
159,737
159,738
159,739
159,740
159,741
159,742
159,743
159,744
159,745
159,746
159,747
159,748
159,749
159,750
159,751
159,752
159,753
159,754
159,755
159,756
159,757
159,758
159,759
159,760
159,761
159,762
159,763
159,764
159,765
159,766
159,767
159,768
159,769
159,770
159,771
159,772
159,773
159,774
159,775
159,776
159,777
159,778
159,779
159,780
159,781
159,782
159,783
159,784
159,785
159,786
159,787
159,788
159,789
159,790
159,791
159,792
159,793
159,794
159,795
159,796
159,797
159,798
159,799
159,800
159,801
159,802
159,803
159,804
159,805
159,806
159,807
159,808
159,809
159,810
159,811
159,812
159,813
159,814
159,815
159,816
159,817
159,818
159,819
159,820
159,821
159,822
159,823
159,824
159,825
159,826
159,827
159,828
159,829
159,830
159,831
159,832
159,833
975,80
975,81
975,82
975,83
975,84
975,85
975,86
975,87
975,88
975,89
975,90
975,91
975,92
975,93
975,94
975,95
975,96
975,97
975,98
975,99
975,100
975,101
975,102
975,103
975,104
975,105
975,106
975,107
975,108
975,109
975,110
975,111
975,112
975,113
975,114
975,115
975,116
975,117
975,118
975,119
975,120
975,121
975,122
975,123
975,124
975,125
975,126
975,127
975,128
975,129
975,130
975,131
975,132
975,133
975,134
975,135
975,136
975,137
975,138
975,139
975,140
975,141
975,142
975,143
975,144
975,145
975,146
975,147
975,148
975,149
975,150
975,151
975,152
975,153
975,154
975,155
975,156
975,157
975,158
975,159
975,160
975,161
975,162
975,163
975,164
975,165
975,166
975,167
975,168
975,169
975,170
975,171
975,172
975,173
975,174
975,175
975,176
975,177
975,178
975,179
975,180
975,181
975,182
975,183
975,184
975,185
975,186
975,187
975,188
975,189
975,190
975,191
975,192
975,193
975,194
975,195
975,196
975,197
975,198
975,199
975,200
975,201
975,202
975,203
975,204
975,205
975,206
975,207
973,385
973,386
973,387
973,388
973,389
973,390
973,391
973,392
973,393
973,394
973,395
973,396
973,397
973,398
973,399
973,400
973,401
973,402
973,403
973,404
973,405
973,406
973,407
973,408
973,409
973,410
973,411
973,412
973,413
973,414
973,415
973,416
973,417
973,418
973,419
973,420
973,421
973,422
973,423
973,424
973,425
973,426
973,427
973,428
973,429
973,430
973,431
973,432
973,433
973,434
973,435
973,436
973,437
973,438
973,439
973,440
973,441
973,442
973,443
973,444
973,445
973,446
973,447
973,448
973,449
973,450
973,451
973,452
973,453
973,454
973,455
973,456
973,457
973,458
973,459
973,460
973,461
973,462
973,463
973,464
973,465
973,466
973,467
973,468
973,469
973,470
973,471
973,472
973,473
973,474
973,475
973,476
973,477
973,478
973,479
973,480
973,481
973,482
973,483
973,484
973,485
973,486
973,487
973,488
973,489
973,490
973,491
973,492
973,493
973,494
973,495
973,496
973,497
973,498
973,499
973,500
973,501
973,502
973,503
973,504
973,505
973,506
973,507
973,508
973,509
973,510
973,511
973,512
596,761
596,762
596,763
596,764
596,765
596,766
596,767
596,768
596,769
596,770
596,771
596,772
596,773
596,774
596,775
596,776
596,777
596,778
596,779
596,780
596,781
596,782
596,783
596,784
596,785
596,786
596,787
596,788
596,789
596,790
596,791
596,792
596,793
596,794
596,795
596,796
596,797
596,798
596,799
596,800
596,801
596,802
596,803
596,804
596,805
596,806
596,807
596,808
596,809
596,810
596,811
596,812
596,813
596,814
596,815
596,816
596,817
596,818
596,819
596,820
596,821
596,822
596,823
596,824
596,825
596,826
596,827
596,828
596,829
596,830
596,831
596,832
596,833
596,834
596,835
596,836
596,837
596,838
596,839
596,840
596,841
596,842
596,843
596,844
596,845
596,846
596,847
596,848
596,849
596,850
596,851
596,852
596,853
596,854
596,855
596,856
596,857
596,858
596,859
596,860
596,861
596,862
596,863
596,864
596,865
596,866
596,867
596,868
596,869
596,870
596,871
596,872
596,873
596,874
596,875
596,876
596,877
596,878
596,879
596,880
596,881
596,882
596,883
596,884
596,885
596,886
596,887
596,888
891,117
891,118
891,119
891,120
891,121
891,122
891,123
891,124
891,125
891,126
891,127
891,128
891,129
891,130
891,131
891,132
891,133
891,134
891,135
891,136
891,137
891,138
891,139
891,140
891,141
891,142
891,143
891,144
891,145
891,146
891,147
891,148
891,149
891,150
891,151
891,152
891,153
891,154
891,155
891,156
891,157
891,158
891,159
891,160
891,161
891,162
891,163
891,164
891,165
891,166
891,167
891,168
891,169
891,170
891,171
891,172
891,173
891,174
891,175
891,176
891,177
891,178
891,179
891,180
891,181
891,182
891,183
891,184
891,185
891,186
891,187
891,188
891,189
891,190
891,191
891,192
891,193
891,194
891,195
891,196
891,197
891,198
891,199
891,200
891,201
891,202
891,203
891,204
891,205
891,206
891,207
891,208
891,209
891,210
891,211
891,212
891,213
891,214
891,215
891,216
891,217
891,218
891,219
891,220
891,221
891,222
891,223
891,224
891,225
891,226
891,227
891,228
891,229
891,230
891,231
891,232
891,233
891,234
891,235
891,236
891,237
891,238
891,239
891,240
891,241
891,242
891,243
891,244
290,551
290,552
290,553
290,554
290,555
290,556
290,557
290,558
290,559
290,560
290,561
290,562
290,563
290,564
290,565
290,566
290,567
290,568
290,569
290,570
290,571
290,572
290,573
290,574
290,575
290,576
290,577
290,578
290,579
290,580
290,581
290,582
290,583
290,584
290,585
290,586
290,587
290,588
290,589
290,590
290,591
290,592
290,593
290,594
290,595
290,596
290,597
290,598
290,599
290,600
290,601
290,602
290,603
290,604
290,605
290,606
290,607
290,608
290,609
290,610
290,611
290,612
290,613
290,614
290,615
290,616
290,617
290,618
290,619
290,620
290,621
290,622
290,623
290,624
290,625
290,626
290,627
290,628
290,629
290,630
290,631
290,632
290,633
290,634
290,635
290,636
290,637
290,638
290,639
290,640
290,641
290,642
290,643
290,644
290,645
290,646
290,647
290,648
290,649
290,650
290,651
290,652
290,653
290,654
290,655
290,656
290,657
290,658
290,659
290,660
290,661
290,662
290,663
290,664
290,665
290,666
290,667
290,668
290,669
290,670
290,671
290,672
290,673
290,674
290,675
290,676
290,677
290,678
349,138
349,139
349,140
349,141
349,142
349,143
349,144
349,145
349,146
349,147
349,148
349,149
349,150
349,151
349,152
349,153
349,154
349,155
349,156
349,157
349,158
349,159
349,160
349,161
349,162
349,163
349,164
349,165
349,166
349,167
349,168
349,169
349,170
349,171
349,172
349,173
349,174
349,175
349,176
349,177
349,178
349,179
349,180
349,181
349,182
349,183
349,184
349,185
349,186
349,187
349,188
349,189
349,190
349,191
349,192
349,193
349,194
349,195
349,196
349,197
349,198
349,199
349,200
349,201
349,202
349,203
349,204
349,205
349,206
349,207
349,208
349,209
349,210
349,211
349,212
349,213
349,214
349,215
349,216
349,217
349,218
349,219
349,220
349,221
349,222
349,223
349,224
349,225
349,226
349,227
349,228
349,229
349,230
349,231
349,232
349,233
349,234
349,235
349,236
349,237
349,238
349,239
349,240
349,241
349,242
349,243
349,244
349,245
349,246
349,247
349,248
349,249
349,250
349,251
349,252
349,253
349,254
349,255
349,256
349,257
349,258
349,259
349,260
349,261
349,262
349,263
349,264
349,265
472,451
472,452
472,453
472,454
472,455
472,456
472,457
472,458
472,459
472,460
472,461
472,462
472,463
472,464
472,465
472,466
472,467
472,468
472,469
472,470
472,471
472,472
472,473
472,474
472,475
472,476
472,477
472,478
472,479
472,480
472,481
472,482
472,483
472,484
472,485
472,486
472,487
472,488
472,489
472,490
472,491
472,492
472,493
472,494
472,495
472,496
472,497
472,498
472,499
472,500
472,501
472,502
472,503
472,504
472,505
472,506
472,507
472,508
472,509
472,510
472,511
472,512
472,513
472,514
472,515
472,516
472,517
472,518
472,519
472,520
472,521
472,522
472,523
472,524
472,525
472,526
472,527
472,528
472,529
472,530
472,531
472,532
472,533
472,534
472,535
472,536
472,537
472,538
472,539
472,540
472,541
472,542
472,543
472,544
472,545
472,546
472,547
472,548
472,549
472,550
472,551
472,552
472,553
472,554
472,555
472,556
472,557
472,558
472,559
472,560
472,561
472,562
472,563
472,564
472,565
472,566
472,567
472,568
472,569
472,570
472,571
472,572
472,573
472,574
472,575
472,576
472,577
472,578
1006,836
1006,837
1006,838
1006,839
1006,840
1006,841
1006,842
1006,843
1006,844
1006,845
1006,846
1006,847
1006,848
1006,849
1006,850
1006,851
1006,852
1006,853
1006,854
1006,855
1006,856
1006,857
1006,858
1006,859
1006,860
1006,861
1006,862
1006,863
1006,864
1006,865
1006,866
1006,867
1006,868
1006,869
1006,870
1006,871
1006,872
1006,873
1006,874
1006,875
1006,876
1006,877
1006,878
1006,879
1006,880
1006,881
1006,882
1006,883
1006,884
1006,885
1006,886
1006,887
1006,888
1006,889
1006,890
1006,891
1006,892
1006,893
1006,894
1006,895
1006,896
1006,897
1006,898
1006,899
1006,900
1006,901
1006,902
1006,903
1006,904
1006,905
1006,906
1006,907
1006,908
1006,909
1006,910
1006,911
1006,912
1006,913
1006,914
1006,915
1006,916
1006,917
1006,918
1006,919
1006,920
1006,921
1006,922
1006,923
1006,924
1006,925
1006,926
1006,927
1006,928
1006,929
1006,930
1006,931
1006,932
1006,933
1006,934
1006,935
1006,936
1006,937
1006,938
1006,939
1006,940
1006,941
1006,942
1006,943
1006,944
1006,945
1006,946
1006,947
1006,948
1006,949
1006,950
1006,951
1006,952
1006,953
1006,954
1006,955
1006,956
1006,957
1006,958
1006,959
1006,960
1006,961
1006,962
1006,963
637,830
637,831
637,832
637,833
637,834
637,835
637,836
637,837
637,838
637,839
637,840
637,841
637,842
637,843
637,844
637,845
637,846
637,847
637,848
637,849
637,850
637,851
637,852
637,853
637,854
637,855
637,856
637,857
637,858
637,859
637,860
637,861
637,862
637,863
637,864
637,865
637,866
637,867
637,868
637,869
637,870
637,871
637,872
637,873
637,874
637,875
637,876
637,877
637,878
637,879
637,880
637,881
637,882
637,883
637,884
637,885
637,886
637,887
637,888
637,889
637,890
637,891
637,892
637,893
637,894
637,895
637,896
637,897
637,898
637,899
637,900
637,901
637,902
637,903
637,904
637,905
637,906
637,907
637,908
637,909
637,910
637,911
637,912
637,913
637,914
637,915
637,916
637,917
637,918
637,919
637,920
637,921
637,922
637,923
637,924
637,925
637,926
637,927
637,928
637,929
637,930
637,931
637,932
637,933
637,934
637,935
637,936
637,937
637,938
637,939
637,940
637,941
637,942
637,943
637,944
637,945
637,946
637,947
637,948
637,949
637,950
637,951
637,952
637,953
637,954
637,955
637,956
637,957
657,757
657,758
657,759
657,760
657,761
657,762
657,763
657,764
657,765
657,766
657,767
657,768
657,769
657,770
657,771
657,772
657,773
657,774
657,775
657,776
657,777
657,778
657,779
657,780
657,781
657,782
657,783
657,784
657,785
657,786
657,787
657,788
657,789
657,790
657,791
657,792
657,793
657,794
657,795
657,796
657,797
657,798
657,799
657,800
657,801
657,802
657,803
657,804
657,805
657,806
657,807
657,808
657,809
657,810
657,811
657,812
657,813
657,814
657,815
657,816
657,817
657,818
657,819
657,820
657,821
657,822
657,823
657,824
657,825
657,826
657,827
657,828
657,829
657,830
657,831
657,832
657,833
657,834
657,835
657,836
657,837
657,838
657,839
657,840
657,841
657,842
657,843
657,844
657,845
657,846
657,847
657,848
657,849
657,850
657,851
657,852
657,853
657,854
657,855
657,856
657,857
657,858
657,859
657,860
657,861
657,862
657,863
657,864
657,865
657,866
657,867
657,868
657,869
657,870
657,871
657,872
657,873
657,874
657,875
657,876
657,877
657,878
657,879
657,880
657,881
657,882
657,883
657,884
952,204
952,205
952,206
952,207
952,208
952,209
952,210
952,211
952,212
952,213
952,214
952,215
952,216
952,217
952,218
952,219
952,220
952,221
952,222
952,223
952,224
952,225
952,226
952,227
952,228
952,229
952,230
952,231
952,232
952,233
952,234
952,235
952,236
952,237
952,238
952,239
952,240
952,241
952,242
952,243
952,244
952,245
952,246
952,247
952,248
952,249
952,250
952,251
952,252
952,253
952,254
952,255
952,256
952,257
952,258
952,259
952,260
952,261
952,262
952,263
952,264
952,265
952,266
952,267
952,268
952,269
952,270
952,271
952,272
952,273
952,274
952,275
952,276
952,277
952,278
952,279
952,280
952,281
952,282
952,283
952,284
952,285
952,286
952,287
952,288
952,289
952,290
952,291
952,292
952,293
952,294
952,295
952,296
952,297
952,298
952,299
952,300
952,301
952,302
952,303
952,304
952,305
952,306
952,307
952,308
952,309
952,310
952,311
952,312
952,313
952,314
952,315
952,316
952,317
952,318
952,319
952,320
952,321
952,322
952,323
952,324
952,325
952,326
952,327
952,328
952,329
952,330
952,331
45,798
45,799
45,800
45,801
45,802
45,803
45,804
45,805
45,806
45,807
45,808
45,809
45,810
45,811
45,812
45,813
45,814
45,815
45,816
45,817
45,818
45,819
45,820
45,821
45,822
45,823
45,824
45,825
45,826
45,827
45,828
45,829
45,830
45,831
45,832
45,833
45,834
45,835
45,836
45,837
45,838
45,839
45,840
45,841
45,842
45,843
45,844
45,845
45,846
45,847
45,848
45,849
45,850
45,851
45,852
45,853
45,854
45,855
45,856
45,857
45,858
45,859
45,860
45,861
45,862
45,863
45,864
45,865
45,866
45,867
45,868
45,869
45,870
45,871
45,872
45,873
45,874
45,875
45,876
45,877
45,878
45,879
45,880
45,881
45,882
45,883
45,884
45,885
45,886
45,887
45,888
45,889
45,890
45,891
45,892
45,893
45,894
45,895
45,896
45,897
45,898
45,899
45,900
45,901
45,902
45,903
45,904
45,905
45,906
45,907
45,908
45,909
45,910
45,911
45,912
45,913
45,914
45,915
45,916
45,917
45,918
45,919
45,920
45,921
45,922
45,923
45,924
45,925
915,198
915,199
915,200
915,201
915,202
915,203
915,204
915,205
915,206
915,207
915,208
915,209
915,210
915,211
915,212
915,213
915,214
915,215
915,216
915,217
915,218
915,219
915,220
915,221
915,222
915,223
915,224
915,225
915,226
915,227
915,228
915,229
915,230
915,231
915,232
915,233
915,234
915,235
915,236
915,237
915,238
915,239
915,240
915,241
915,242
915,243
915,244
915,245
915,246
915,247
915,248
915,249
915,250
915,251
915,252
915,253
915,254
915,255
915,256
915,257
915,258
915,259
915,260
915,261
915,262
915,263
915,264
915,265
915,266
915,267
915,268
915,269
915,270
915,271
915,272
915,273
915,274
915,275
915,276
915,277
915,278
915,279
915,280
915,281
915,282
915,283
915,284
915,285
915,286
915,287
915,288
915,289
915,290
915,291
915,292
915,293
915,294
915,295
915,296
915,297
915,298
915,299
915,300
915,301
915,302
915,303
915,304
915,305
915,306
915,307
915,308
915,309
915,310
915,311
915,312
915,313
915,314
915,315
915,316
915,317
915,318
915,319
915,320
915,321
915,322
915,323
915,324
915,325
691,509
691,510
691,511
691,512
691,513
691,514
691,515
691,516
691,517
691,518
691,519
691,520
691,521
691,522
691,523
691,524
691,525
691,526
691,527
691,528
691,529
691,530
691,531
691,532
691,533
691,534
691,535
691,536
691,537
691,538
691,539
691,540
691,541
691,542
691,543
691,544
691,545
691,546
691,547
691,548
691,549
691,550
691,551
691,552
691,553
691,554
691,555
691,556
691,557
691,558
691,559
691,560
691,561
691,562
691,563
691,564
691,565
691,566
691,567
691,568
691,569
691,570
691,571
691,572
691,573
691,574
691,575
691,576
691,577
691,578
691,579
691,580
691,581
691,582
691,583
691,584
691,585
691,586
691,587
691,588
691,589
691,590
691,591
691,592
691,593
691,594
691,595
691,596
691,597
691,598
691,599
691,600
691,601
691,602
691,603
691,604
691,605
691,606
691,607
691,608
691,609
691,610
691,611
691,612
691,613
691,614
691,615
691,616
691,617
691,618
691,619
691,620
691,621
691,622
691,623
691,624
691,625
691,626
691,627
691,628
691,629
691,630
691,631
691,632
691,633
691,634
691,635
691,636
536,558
536,559
536,560
536,561
536,562
536,563
536,564
536,565
536,566
536,567
536,568
536,569
536,570
536,571
536,572
536,573
536,574
536,575
536,576
536,577
536,578
536,579
536,580
536,581
536,582
536,583
536,584
536,585
536,586
536,587
536,588
536,589
536,590
536,591
536,592
536,593
536,594
536,595
536,596
536,597
536,598
536,599
536,600
536,601
536,602
536,603
536,604
536,605
536,606
536,607
536,608
536,609
536,610
536,611
536,612
536,613
536,614
536,615
536,616
536,617
536,618
536,619
536,620
536,621
536,622
536,623
536,624
536,625
536,626
536,627
536,628
536,629
536,630
536,631
536,632
536,633
536,634
536,635
536,636
536,637
536,638
536,639
536,640
536,641
536,642
536,643
536,644
536,645
536,646
536,647
536,648
536,649
536,650
536,651
536,652
536,653
536,654
536,655
536,656
536,657
536,658
536,659
536,660
536,661
536,662
536,663
536,664
536,665
536,666
536,667
536,668
536,669
536,670
536,671
536,672
536,673
536,674
536,675
536,676
536,677
536,678
536,679
536,680
536,681
536,682
536,683
536,684
536,685
486,596
486,597
486,598
486,599
486,600
486,601
486,602
486,603
486,604
486,605
486,606
486,607
486,608
486,609
486,610
486,611
486,612
486,613
486,614
486,615
486,616
486,617
486,618
486,619
486,620
486,621
486,622
486,623
486,624
486,625
486,626
486,627
486,628
486,629
486,630
486,631
486,632
486,633
486,634
486,635
486,636
486,637
486,638
486,639
486,640
486,641
486,642
486,643
486,644
486,645
486,646
486,647
486,648
486,649
486,650
486,651
486,652
486,653
486,654
486,655
486,656
486,657
486,658
486,659
486,660
486,661
486,662
486,663
486,664
486,665
486,666
486,667
486,668
486,669
486,670
486,671
486,672
486,673
486,674
486,675
486,676
486,677
486,678
486,679
486,680
486,681
486,682
486,683
486,684
486,685
486,686
486,687
486,688
486,689
486,690
486,691
486,692
486,693
486,694
486,695
486,696
486,697
486,698
486,699
486,700
486,701
486,702
486,703
486,704
486,705
486,706
486,707
486,708
486,709
486,710
486,711
486,712
486,713
486,714
486,715
486,716
486,717
486,718
486,719
486,720
486,721
486,722
486,723
192,750
192,751
192,752
192,753
192,754
192,755
192,756
192,757
192,758
192,759
192,760
192,761
192,762
192,763
192,764
192,765
192,766
192,767
192,768
192,769
192,770
192,771
192,772
192,773
192,774
192,775
192,776
192,777
192,778
192,779
192,780
192,781
192,782
192,783
192,784
192,785
192,786
192,787
192,788
192,789
192,790
192,791
192,792
192,793
192,794
192,795
192,796
192,797
192,798
192,799
192,800
192,801
192,802
192,803
192,804
192,805
192,806
192,807
192,808
192,809
192,810
192,811
192,812
192,813
192,814
192,815
192,816
192,817
192,818
192,819
192,820
192,821
192,822
192,823
192,824
192,825
192,826
192,827
192,828
192,829
192,830
192,831
192,832
192,833
192,834
192,835
192,836
192,837
192,838
192,839
192,840
192,841
192,842
192,843
192,844
192,845
192,846
192,847
192,848
192,849
192,850
192,851
192,852
192,853
192,854
192,855
192,856
192,857
192,858
192,859
192,860
192,861
192,862
192,863
192,864
192,865
192,866
192,867
192,868
192,869
192,870
192,871
192,872
192,873
192,874
192,875
192,876
192,877
772,207
772,208
772,209
772,210
772,211
772,212
772,213
772,214
772,215
772,216
772,217
772,218
772,219
772,220
772,221
772,222
772,223
772,224
772,225
772,226
772,227
772,228
772,229
772,230
772,231
772,232
772,233
772,234
772,235
772,236
772,237
772,238
772,239
772,240
772,241
772,242
772,243
772,244
772,245
772,246
772,247
772,248
772,249
772,250
772,251
772,252
772,253
772,254
772,255
772,256
772,257
772,258
772,259
772,260
772,261
772,262
772,263
772,264
772,265
772,266
772,267
772,268
772,269
772,270
772,271
772,272
772,273
772,274
772,275
772,276
772,277
772,278
772,279
772,280
772,281
772,282
772,283
772,284
772,285
772,286
772,287
772,288
772,289
772,290
772,291
772,292
772,293
772,294
772,295
772,296
772,297
772,298
772,299
772,300
772,301
772,302
772,303
772,304
772,305
772,306
772,307
772,308
772,309
772,310
772,311
772,312
772,313
772,314
772,315
772,316
772,317
772,318
772,319
772,320
772,321
772,322
772,323
772,324
772,325
772,326
772,327
772,328
772,329
772,330
772,331
772,332
772,333
772,334
7,65
7,66
7,67
7,68
7,69
7,70
7,71
7,72
7,73
7,74
7,75
7,76
7,77
7,78
7,79
7,80
7,81
7,82
7,83
7,84
7,85
7,86
7,87
7,88
7,89
7,90
7,91
7,92
7,93
7,94
7,95
7,96
7,97
7,98
7,99
7,100
7,101
7,102
7,103
7,104
7,105
7,106
7,107
7,108
7,109
7,110
7,111
7,112
7,113
7,114
7,115
7,116
7,117
7,118
7,119
7,120
7,121
7,122
7,123
7,124
7,125
7,126
7,127
7,128
7,129
7,130
7,131
7,132
7,133
7,134
7,135
7,136
7,137
7,138
7,139
7,140
7,141
7,142
7,143
7,144
7,145
7,146
7,147
7,148
7,149
7,150
7,151
7,152
7,153
7,154
7,155
7,156
7,157
7,158
7,159
7,160
7,161
7,162
7,163
7,164
7,165
7,166
7,167
7,168
7,169
7,170
7,171
7,172
7,173
7,174
7,175
7,176
7,177
7,178
7,179
7,180
7,181
7,182
7,183
7,184
7,185
7,186
7,187
7,188
7,189
7,190
7,191
7,192
807,132
807,133
807,134
807,135
807,136
807,137
807,138
807,139
807,140
807,141
807,142
807,143
807,144
807,145
807,146
807,147
807,148
807,149
807,150
807,151
807,152
807,153
807,154
807,155
807,156
807,157
807,158
807,159
807,160
807,161
807,162
807,163
807,164
807,165
807,166
807,167
807,168
807,169
807,170
807,171
807,172
807,173
807,174
807,175
807,176
807,177
807,178
807,179
807,180
807,181
807,182
807,183
807,184
807,185
807,186
807,187
807,188
807,189
807,190
807,191
807,192
807,193
807,194
807,195
807,196
807,197
807,198
807,199
807,200
807,201
807,202
807,203
807,204
807,205
807,206
807,207
807,208
807,209
807,210
807,211
807,212
807,213
807,214
807,215
807,216
807,217
807,218
807,219
807,220
807,221
807,222
807,223
807,224
807,225
807,226
807,227
807,228
807,229
807,230
807,231
807,232
807,233
807,234
807,235
807,236
807,237
807,238
807,239
807,240
807,241
807,242
807,243
807,244
807,245
807,246
807,247
807,248
807,249
807,250
807,251
807,252
807,253
807,254
807,255
807,256
807,257
807,258
807,259