679,732
679,733
680,732
846,457
846,458
847,458
586,819
586,820
587,820
632,3
632,4
633,4
48,360
48,361
49,361
321,21
322,21
322,22
934,227
934,228
935,228
351,1010
351,1011
352,1010
31,289
32,289
32,290
572,119
573,118
573,119
66,301
67,300
67,301
578,28
578,29
579,29
69,59
69,60
70,60
603,143
604,142
604,143
214,720
215,720
215,721
614,935
614,936
615,936
1000,883
1001,882
1001,883
835,692
836,691
836,692
332,537
333,536
333,537
251,704
252,704
252,705
470,435
470,436
471,436
365,660
365,661
366,661
976,863
977,862
977,863
56,697
56,698
57,698
3,815
4,814
4,815
265,112
266,111
266,112
930,255
930,256
931,256
975,510
975,511
976,511
608,366
609,365
609,366
5,393
6,392
6,393
795,58
796,58
796,59
475,817
475,818
476,818
864,885
864,886
865,886
552,681
552,682
553,682
110,385
111,385
111,386
336,178
336,179
337,178
143,170
143,171
144,171
834,472
835,471
835,472
928,110
928,111
929,110
24,607
25,606
25,607
243,1003
243,1004
244,1004
476,648
476,649
477,649
14,918
14,919
15,918
737,109
737,110
738,109
376,98
376,99
377,99
452,39
452,40
453,40
303,776
303,777
304,776
67,18
67,19
68,18
691,148
691,149
692,149
197,605
197,606
198,606
639,74
640,73
640,74
980,459
980,460
981,459
833,726
834,726
834,727
660,119
661,118
661,119
581,382
581,383
582,382
69,77
69,78
70,77
32,595
33,595
33,596
311,141
312,141
312,142
843,616
843,617
844,617
202,198
202,199
203,199
782,908
783,907
783,908
1006,548
1007,548
1007,549
787,73
788,72
788,73
676,437
677,436
677,437
921,928
922,928
922,929
202,178
202,179
203,179
515,551
516,550
516,551
600,22
600,23
601,23
221,655
221,656
222,655
556,887
556,888
557,887
242,506
243,505
243,506
673,508
673,509
674,509
526,719
526,720
527,719
768,317
769,317
769,318
263,782
264,782
264,783
616,799
617,799
617,800
182,278
182,279
183,278
432,728
433,728
433,729
854,217
854,218
855,217
931,13
931,14
932,14
520,565
520,566
521,566
711,33
712,32
712,33
305,3
306,2
306,3
680,705
681,705
681,706
665,85
666,85
666,86
210,323
210,324
211,324
1015,968
1015,969
1016,968
472,824
472,825
473,825
986,652
986,653
987,652
989,418
989,419
990,419
588,411
588,412
589,412
792,375
793,374
793,375
697,399
698,398
698,399
745,739
745,740
746,739
570,546
571,545
571,546
867,685
867,686
868,685
675,241
676,240
676,241
957,890
958,889
958,890
485,559
486,559
486,560
204,29
204,30
205,30
383,135
384,134
384,135
484,525
485,524
485,525
554,672
555,672
555,673
483,66
483,67
484,67
267,975
267,976
268,976
382,577
383,577
383,578
8,417
9,417
9,418
244,18
245,17
245,18
83,768
83,769
84,769
868,651
868,652
869,651
848,239
849,238
849,239
768,1011
769,1010
769,1011
663,152
664,152
664,153
722,404
722,405
723,404
1016,604
1017,603
1017,604
962,563
962,564
963,564
941,267
942,266
942,267
698,918
699,917
699,918
1014,949
1014,950
1015,950
993,280
993,281
994,280
461,592
462,591
462,592
322,645
323,644
323,645
801,956
802,955
802,956
26,611
27,610
27,611
613,330
613,331
614,330
465,675
466,675
466,676
1003,693
1003,694
1004,693
504,374
504,375
505,374
182,756
182,757
183,757
239,147
239,148
240,147
308,940
309,940
309,941
12,748
13,747
13,748
484,742
485,742
485,743
52,72
53,72
53,73
35,944
35,945
36,945
12,839
12,840
13,840
101,202
101,203
102,203
880,762
881,761
881,762
664,966
664,967
665,966
749,588
749,589
750,588
50,387
51,386
51,387
919,529
919,530
920,529
565,395
566,395
566,396
625,561
626,561
626,562
155,617
155,618
156,618
397,840
398,840
398,841
792,948
792,949
793,949
977,187
977,188
978,188
238,77
238,78
239,77
865,294
865,295
866,295
553,826
554,825
554,826
785,729
785,730
786,730
858,702
859,701
859,702
44,268
45,267
45,268
725,868
726,868
726,869
622,913
622,914
623,913
374,804
374,805
375,804
64,336
65,336
65,337
311,1017
312,1017
312,1018
238,187
239,187
239,188
850,221
850,222
851,222
183,894
184,893
184,894
59,139
59,140
60,139
915,361
915,362
916,362
78,961
78,962
79,961
681,603
681,604
682,603
211,341
212,341
212,342
889,21
890,21
890,22
781,88
782,88
782,89
861,816
862,815
862,816
509,82
509,83
510,82
546,688
546,689
547,689
948,554
948,555
949,554
625,918
625,919
626,918
23,991
23,992
24,992
765,558
766,558
766,559
935,660
936,659
936,660
866,533
866,534
867,534
835,819
836,819
836,820
229,735
230,734
230,735
830,184
831,183
831,184
369,441
369,442
370,442
991,290
991,291
992,290
834,625
834,626
835,626
390,241
390,242
391,241
644,160
645,159
645,160
455,256
456,256
456,257
576,65
577,65
577,66
239,547
239,548
240,547
223,604
224,603
224,604
635,730
636,730
636,731
450,304
451,303
451,304
968,777
968,778
969,778
615,812
615,813
616,813
341,824
341,825
342,825
32,448
32,449
33,448
555,399
555,400
556,399
459,299
460,299
460,300
250,715
250,716
251,715
788,675
789,674
789,675
422,644
422,645
423,645
640,820
640,821
641,820
11,444
12,444
12,445
1018,226
1018,227
1019,227
234,225
234,226
235,225
181,105
181,106
182,106
672,804
673,803
673,804
563,546
564,546
564,547
115,251
116,250
116,251
811,774
812,773
812,774
482,556
482,557
483,556
721,401
721,402
722,401
714,810
714,811
715,811
184,198
185,197
185,198
457,70
457,71
458,70
976,902
976,903
977,902
121,868
122,867
122,868
280,927
281,927
281,928
863,657
863,658
864,657
727,962
728,962
728,963
366,411
367,411
367,412
419,489
419,490
420,489
14,426
14,427
15,426
685,441
685,442
686,441
569,44
570,44
570,45
710,821
711,820
711,821
104,310
105,310
105,311
172,948
173,948
173,949
1003,117
1003,118
1004,117
78,40
78,41
79,41
1012,255
1013,254
1013,255
956,109
956,110
957,109
725,524
726,523
726,524
310,797
311,797
311,798
767,347
768,346
768,347
867,179
868,178
868,179
230,706
230,707
231,707
299,693
299,694
300,694
112,381
113,380
113,381
472,624
473,624
473,625
849,541
850,541
850,542
949,1007
949,1008
950,1007
227,801
227,802
228,801
894,528
894,529
895,528
299,622
299,623
300,623
57,177
57,178
58,178
365,150
365,151
366,151
389,440
390,439
390,440
814,408
815,408
815,409
972,364
973,363
973,364
461,269
462,269
462,270
797,455
797,456
798,455
428,430
428,431
429,431
480,325
480,326
481,325
3,482
4,481
4,482
209,484
209,485
210,484
553,550
553,551
554,551
328,535
329,535
329,536
81,75
81,76
82,75
965,905
965,906
966,905
879,1004
879,1005
880,1004
899,184
899,185
900,184
567,261
568,260
568,261
574,243
574,244
575,244
259,796
259,797
260,797
151,143
152,143
152,144
510,390
511,390
511,391
558,984
558,985
559,984
633,289
633,290
634,290
570,237
571,237
571,238
729,820
729,821
730,820
139,913
139,914
140,913
913,189
913,190
914,189
1006,1013
1006,1014
1007,1014
699,114
699,115
700,114
109,533
109,534
110,533
51,863
51,864
52,864
98,582
99,581
99,582
733,24
734,24
734,25
226,888
226,889
227,889
939,171
940,171
940,172
66,230
67,230
67,231
1008,60
1008,61
1009,60
249,884
249,885
250,884
781,930
781,931
782,930
579,303
579,304
580,304
3,343
3,344
4,344
265,66
265,67
266,66
888,250
888,251
889,251
674,449
675,448
675,449
822,801
823,801
823,802
281,612
282,612
282,613
798,963
799,962
799,963
446,295
447,294
447,295
23,588
23,589
24,588
742,575
742,576
743,575
41,846
42,846
42,847
623,981
623,982
624,982
969,785
969,786
970,785
761,413
761,414
762,414
79,980
79,981
80,981
139,211
139,212
140,212
592,234
592,235
593,235
759,821
759,822
760,821
603,842
604,842
604,843
752,110
752,111
753,111
211,979
211,980
212,980
986,839
987,838
987,839
75,17
75,18
76,17
724,430
725,429
725,430
285,117
286,116
286,117
904,110
905,110
905,111
731,938
732,937
732,938
753,76
753,77
754,77
861,599
861,600
862,599
938,831
938,832
939,831
267,963
267,964
268,964
40,250
40,251
41,250
838,275
838,276
839,275
215,926
215,927
216,926
822,316
822,317
823,317
877,62
878,62
878,63
718,425
719,424
719,425
241,287
242,286
242,287
405,88
405,89
406,88
807,326
807,327
808,327
798,61
798,62
799,61
523,603
524,602
524,603
381,467
381,468
382,467
690,136
690,137
691,137
935,670
935,671
936,671
249,293
249,294
250,293
167,756
168,755
168,756
646,525
646,526
647,526
420,171
421,170
421,171
263,514
264,514
264,515
540,583
541,582
541,583
146,387
146,388
147,387
853,341
853,342
854,342
831,344
831,345
832,344
904,209
904,210
905,209
980,714
981,714
981,715
115,1010
116,1009
116,1010
900,1009
901,1009
901,1010
183,458
183,459
184,458
466,553
467,552
467,553
623,797
623,798
624,797
183,140
184,140
184,141
146,307
147,306
147,307
603,862
603,863
604,862
126,858
127,858
127,859
555,650
556,649
556,650
29,459
29,460
30,459
123,398
124,398
124,399
915,722
916,722
916,723
621,723
621,724
622,724
298,110
299,109
299,110
910,174
911,174
911,175
110,211
110,212
111,212
230,545
230,546
231,545
309,178
310,178
310,179
838,478
839,478
839,479
361,219
361,220
362,220
311,839
311,840
312,840
660,212
661,212
661,213
296,103
297,102
297,103
461,669
462,669
462,670
413,498
413,499
414,499
569,741
569,742
570,741
775,132
776,131
776,132
921,526
921,527
922,526
863,569
863,570
864,569
918,982
919,981
919,982
823,869
823,870
824,870
299,129
299,130
300,130
509,317
509,318
510,317
583,746
584,745
584,746
381,179
382,178
382,179
263,454
263,455
264,454
463,85
463,86
464,86
267,710
267,711
268,710
1023,45
1024,44
1024,45
921,518
922,518
922,519
981,468
982,468
982,469
397,169
398,168
398,169
259,307
260,307
260,308
473,688
473,689
474,688
369,540
369,541
370,540
719,399
720,398
720,399
181,284
182,284
182,285
601,719
602,718
602,719
134,791
134,792
135,792
33,1016
33,1017
34,1017
629,318
630,317
630,318