561,696
562,697
852,192
853,193
558,73
559,74
625,147
626,148
436,913
437,912
42,542
43,543
640,605
641,606
742,91
743,92
978,576
979,577
845,135
846,136
776,497
777,496
742,708
743,707
850,707
851,708
398,386
399,385
609,403
610,404
578,859
579,858
774,926
775,927
328,468
329,469
257,546
258,547
857,212
858,211
794,804
795,805
580,162
581,161
712,650
713,649
317,294
318,293
423,693
424,692
20,542
21,543
875,429
876,430
393,491
394,490
372,22
373,23
760,406
761,405
704,274
705,273
445,178
446,177
410,208
411,207
374,805
375,804
542,739
543,740
698,182
699,181
414,82
415,83
276,294
277,295
308,902
309,901
558,38
559,37
728,333
729,332
623,995
624,994
292,368
293,369
548,731
549,732
479,576
480,577
485,836
486,835
330,960
331,961
779,101
780,102
945,47
946,48
439,243
440,242
303,818
304,819
917,452
918,451
785,27
786,26
621,93
622,94
242,953
243,952
555,133
556,134
604,277
605,276
633,764
634,763
825,832
826,831
908,933
909,932
445,606
446,607
908,615
909,614
970,951
971,952
276,935
277,936
347,583
348,584
897,897
898,898
923,348
924,347
1016,177
1017,178
981,820
982,819
304,373
305,374
209,809
210,810
277,863
278,864
595,46
596,47
621,932
622,933
205,903
206,904
397,354
398,353
675,760
676,761
382,495
383,496
420,337
421,336
246,548
247,547
29,952
30,953
769,400
770,399
273,762
274,763
1013,208
1014,207
640,854
641,853
287,526
288,527
416,312
417,313
683,462
684,463
349,420
350,419
784,576
785,577
657,250
658,251
349,517
350,518
1019,926
1020,925
261,559
262,558
224,909
225,908
368,29
369,30
420,31
421,32
399,321
400,320
493,337
494,338
721,868
722,869
408,660
409,661
615,31
616,32
541,910
542,911
704,33
705,32
397,875
398,876
937,760
938,759
688,761
689,760
431,417
432,416
585,557
586,558
366,64
367,65
626,1012
627,1013
164,958
165,957
639,213
640,212
820,77
821,76
979,412
980,413
694,16
695,17
571,707
572,706
449,36
450,37
965,393
966,394
956,936
957,935
423,600
424,601
626,1010
627,1009
453,911
454,912
311,817
312,818
668,578
669,577
998,830
999,829
912,153
913,152
761,550
762,551
656,499
657,498
876,317
877,318
823,180
824,181
1006,698
1007,697
370,302
371,303
867,892
868,891
996,207
997,206
900,871
901,872
824,648
825,647
786,214
787,215
1022,910
1023,911
15,952
16,951
716,226
717,225
451,418
452,417
884,787
885,788
755,409
756,410
617,13
618,14
858,747
859,746
422,467
423,466
827,576
828,577
931,868
932,869
907,659
908,660
310,80
311,79
1023,86
1024,85
346,549
347,548
661,422
662,421
814,706
815,707
585,293
586,292
774,377
775,376
537,619
538,620
269,745
270,746
777,977
778,976
924,452
925,453
394,470
395,471
394,487
395,488
921,591
922,592
885,721
886,722
239,544
240,545
549,77
550,76
132,932
133,931
579,893
580,894
1001,704
1002,703
681,590
682,589
986,201
987,202
1013,878
1014,877
670,529
671,528
946,618
947,619
687,563
688,562
567,998
568,997
3,997
4,998
580,93
581,94
641,237
642,238
685,444
686,445
712,530
713,531
1019,177
1020,178
228,542
229,543
900,712
901,713
479,53
480,52
518,566
519,567
439,875
440,874
478,777
479,778
412,72
413,71
849,439
850,438
262,940
263,941
488,24
489,25
945,626
946,625
829,778
830,777
863,207
864,208
925,674
926,673
425,365
426,366
319,95
320,94
702,982
703,983
735,724
736,723
844,248
845,247
924,316
925,317
379,221
380,220
544,776
545,775
134,828
135,829
846,631
847,630
333,656
334,655
570,270
571,269
568,962
569,963
643,306
644,307
662,176
663,177
680,837
681,836
291,517
292,516
462,833
463,834
868,591
869,590
332,980
333,979
805,363
806,364
822,527
823,526
700,509
701,508
894,306
895,305
471,578
472,579
956,949
957,950
902,449
903,450
825,110
826,109
320,84
321,83
660,153
661,152
822,966
823,965
413,78
414,79
827,477
828,476
971,149
972,148
638,838
639,837
1017,308
1018,309
1010,683
1011,684
279,759
280,760
723,614
724,613
566,64
567,65
718,451
719,450
392,936
393,935
284,696
285,697
348,499
349,498
494,154
495,153
968,265
969,264
306,865
307,864
435,328
436,327
664,608
665,607
626,687
627,686
9,538
10,537
537,696
538,697
747,244
748,243
737,673
738,674
730,727
731,728
892,678
893,677
631,245
632,246
539,672
540,671
790,854
791,853
380,274
381,275
432,597
433,596
444,646
445,647
915,490
916,491
482,573
483,572
960,995
961,994
802,116
803,115
658,648
659,647
41,261
42,262
976,317
977,316
772,658
773,659
739,484
740,485
284,952
285,951
709,540
710,539
938,755
939,756
542,520
543,519
626,157
627,158
886,610
887,611
831,267
832,266
776,272
777,271
311,705
312,704
392,749
393,748
1017,314
1018,315
603,82
604,83
790,366
791,365
131,829
132,828
863,364
864,363
449,73
450,74
303,690
304,689
557,680
558,681
272,279
273,280
802,283
803,284
1014,319
1015,318
264,929
265,928
556,110
557,109
1006,192
1007,193
627,85
628,84
75,1021
76,1022
570,572
571,573
812,170
813,171
402,216
403,215
322,555
323,554
563,935
564,934
887,314
888,313
331,816
332,817
660,516
661,517
914,327
915,326
143,890
144,889
600,71
601,70
969,405
970,404
477,19
478,18
335,507
336,506
745,77
746,78
816,552
817,553
1016,121
1017,120
30,533
31,534
388,278
389,277
864,594
865,595
496,652
497,653
841,987
842,986
372,784
373,785
875,334
876,335
706,1023
707,1022
809,1011
810,1010
1004,244
1005,243
964,642
965,641
763,451
764,452
341,921
342,920
515,966
516,967
979,963
980,964
941,408
942,407
393,910
394,911
933,538
934,539
880,686
881,685
360,934
361,933
681,512
682,513
950,686
951,687
967,473
968,472
644,388
645,387
821,453
822,454
429,599
430,600
820,337
821,338
444,1010
445,1009
405,612
406,613
644,530
645,529
965,451
966,450
347,565
348,564
475,880
476,879
868,334
869,333
470,1020
471,1019
631,716
632,717
490,173
491,174
815,88
816,89
312,958
313,957
447,783
448,782
391,324
392,323
749,54
750,55
697,589
698,590
735,398
736,399
852,531
853,532
968,314
969,313
587,403
588,404
215,959
216,958
423,501
424,500
625,957
626,956
476,570
477,571
737,89
738,88
473,657
474,656
813,486
814,487
811,801
812,802
87,951
88,952
367,314
368,315
1009,536
1010,537
824,854
825,853
558,396
559,397
372,213
373,212
11,528
12,529
704,592
705,591
406,31
407,32
783,549
784,548
985,781
986,782
783,455
784,454
461,545
462,544
751,866
752,867
708,985
709,984
127,267
128,268
259,39
260,38
689,973
690,972
641,415
642,414
327,219
328,220
222,826
223,825
976,97
977,96
216,961
217,962
688,956
689,955
1006,19
1007,18
739,236
740,235
501,886
502,885
681,613
682,612
484,660
485,659
457,693
458,692
695,254
696,255
880,24
881,23
927,1024
928,1023
324,934
325,935
589,85
590,84
655,276
656,275
531,374
532,375
917,532
918,533
856,539
857,538
256,956
257,955
463,666
464,665
561,667
562,666
390,304
391,305
614,437
615,438
411,919
412,918
904,468
905,469
741,868
742,869
790,340
791,341
336,987
337,986
377,580
378,581
628,859
629,860
470,669
471,668
682,236
683,235
872,509
873,510
817,545
818,544
336,485
337,484
810,535
811,534
839,654
840,653
413,438
414,437
788,272
789,271
410,187
411,186
947,298
948,299
765,488
766,487
296,560
297,559
365,71
366,70
872,310
873,309
993,128
994,129
880,497
881,498
323,920
324,919
477,809
478,808
907,737
908,738
434,212
435,211
995,976
996,977
627,963
628,962
675,516
676,515
995,532
996,533
1009,84
1010,83
63,1018
64,1019
574,891
575,892
1015,167
1016,168
17,1001
18,1000
351,959
352,960
442,875
443,876
1011,285
1012,284
893,628
894,627
427,383
428,382
488,183
489,182
495,209
496,210
892,615
893,616
644,288
645,287
844,781
845,782
599,1014
600,1015
276,448
277,449
979,221
980,222
316,159
317,160
571,661
572,662
665,722
666,721
581,745
582,744
819,212
820,213
445,20
446,21
853,543
854,544
574,329
575,328
725,859
726,858
910,554
911,553
709,203
710,204
528,703
529,704
432,308
433,307
967,299
968,300
465,520
466,521
483,622
484,621
343,303
344,302
683,187
684,186
286,948
287,949
282,178
283,179
452,198
453,199
465,640
466,641
782,49
783,48
458,53
459,52
552,545
553,546
311,108
312,107
904,437
905,438
945,643
946,642
700,480
701,481
379,228
380,227
1003,995
1004,996
166,979
167,978
324,817
325,816
568,737
569,738
313,727
314,728
538,570
539,571
931,927
932,928
268,636
269,637
656,380
657,379
337,624
338,625
819,631
820,630
822,987
823,986
310,124
311,123
316,583
317,582
467,446
468,445
768,855
769,856
378,567
379,566
599,930
600,929
303,874
304,875
454,24
455,25
713,95
714,94
756,275
757,274
762,29
763,28
599,733
600,732
666,815
667,816
471,36
472,37
688,514
689,515
639,554
640,553
568,764
569,763
305,915
306,914
461,22
462,23
721,876
722,875
575,959
576,958
474,489
475,490
876,836
877,835
484,339
485,340
1000,688
1001,687
815,630
816,631
615,617
616,618
440,540
441,539
834,578
835,577
527,392
528,393
297,694
298,695
311,876
312,875
368,610
369,611
381,598
382,597
540,752
541,753
807,597
808,596
988,122
989,121
1017,67
1018,66
603,701
604,700
862,138
863,137
964,74
965,73
321,241
322,240
909,298
910,297
870,846
871,847
905,544
906,543
904,686
905,685
329,657
330,658
423,199
424,198
395,272
396,271
391,631
392,632
507,343
508,342
338,591
339,592
478,567
479,566
771,19
772,18
1018,149
1019,150
338,687
339,686
987,97
988,98
318,727
319,728
976,717
977,718
675,687
676,688
820,710
821,709
175,976
176,975
768,257
769,256
262,933
263,932
712,683
713,684
621,554
622,553
665,12
666,13
826,884
827,885
535,344
536,343
592,14
593,15
1012,36
1013,37
809,965
810,966
514,299
515,300
352,132
353,133
808,364
809,365
973,242
974,241
827,286
828,287
510,495
511,494
882,310
883,309
484,687
485,686
766,230
767,229
619,647
620,646
1011,927
1012,926
958,138
959,139
296,173
297,172
807,459
808,458
933,585
934,584
524,999
525,998
857,976
858,977
1020,231
1021,232
566,695
567,696
490,661
491,662
360,770
361,771
800,69
801,68
898,299
899,298
970,112
971,113
279,248
280,247
812,330
813,331
350,630
351,631
149,949
150,948
360,599
361,600
483,474
484,473
329,199
330,200
561,300
562,301
888,812
889,813
1013,291
1014,290
888,583
889,584
402,342
403,343
5,1023
6,1024
443,880
444,881
614,609
615,608
402,693
403,692
778,72
779,71
651,109
652,110
641,280
642,281
625,194
626,193
862,688
863,687
405,959
406,958
437,701
438,702
792,579
793,578
380,643
381,642
998,125
999,124
401,430
402,429
458,1017
459,1018
1012,155
1013,154
731,962
732,961
194,967
195,968
671,49
672,50
629,728
630,729
711,488
712,489
850,189
851,190
841,770
842,771
312,64
313,63
847,326
848,327
709,882
710,883
975,767
976,766
365,846
366,847
489,461
490,460
436,839
437,840
580,295
581,294
965,263
966,264
648,453
649,452
973,98
974,97
334,899
335,900
278,966
279,967
820,208
821,209
615,738
616,739
253,840
254,839
14,997
15,998
641,758
642,759
850,312
851,311
755,232
756,231
12,979
13,978
457,642
458,643
813,885
814,884
874,838
875,839
322,910
323,909
563,690
564,691
493,135
494,136
473,785
474,786
263,975
264,974
631,930
632,931
991,200
992,201
384,325
385,324
769,202
770,201
416,913
417,912
722,302
723,303
470,863
471,864
300,315
301,316
951,276
952,275
731,852
732,851
780,62
781,61
789,972
790,973
753,858
754,857
553,965
554,966
574,707
575,706
929,309
930,308
703,238
704,239
835,503
836,502
610,501
611,500
612,749
613,750
504,69
505,70
353,935
354,936
466,618
467,619
670,764
671,763
673,490
674,489
582,328
583,327
278,259
279,258
857,528
858,527
201,888
202,887
327,855
328,854
724,410
725,409
261,6
262,5
1003,179
1004,178
1002,76
1003,77
423,474
424,475
979,602
980,601
787,597
788,598
829,57
830,58
923,754
924,755
294,207
295,206
282,688
283,689
415,206
416,205
487,671
488,670
881,567
882,566
717,771
718,772
824,232
825,233
411,328
412,327
1018,183
1019,184
901,14
902,13
225,891
226,890
352,902
353,901
965,428
966,427
450,50
451,51
691,563
692,562
718,276
719,275
834,1012
835,1013
760,946
761,947
375,212
376,213
487,812
488,811
453,52
454,53
320,818
321,817
24,818
25,817
976,150
977,151
202,963
203,962
738,530
739,531
862,257
863,258
447,679
448,678
884,905
885,904
287,510
288,509
707,16
708,15
316,615
317,614
817,21
818,22
1021,890
1022,889
390,292
391,293
965,113
966,112
454,34
455,35
973,263
974,262
670,233
671,232
964,690
965,691
669,479
670,478
894,387
895,386
461,524
462,525
723,807
724,808
852,186
853,187
320,619
321,618
272,524
273,525
591,730
592,729
445,617
446,618
597,224
598,223
807,517
808,518
964,783
965,784
466,572
467,571
701,471
702,470
707,789
708,790
840,60
841,61
337,442
338,443
351,634
352,633
417,145
418,144
407,368
408,367
359,702
360,701
634,40
635,39
1001,479
1002,478
845,679
846,678
318,984
319,985
919,602
920,603
624,850
625,851
759,895
760,896
438,1017
439,1016
787,889
788,890
932,941
933,940
888,966
889,967
300,222
301,223
524,474
525,473
546,506
547,505
46,1005
47,1004
594,655
595,656
803,549
804,550
465,786
466,787
484,699
485,698
436,591
437,592
828,653
829,652
622,38
623,37
947,53
948,54
767,15
768,14
1012,132
1013,131
244,982
245,983
814,854
815,853
391,784
392,785
869,610
870,611
805,178
806,179
281,973
282,974
673,13
674,12
473,193
474,194
489,951
490,952
903,736
904,735
943,375
944,374
592,966
593,967
504,575
505,576
590,687
591,688
699,717
700,716
564,965
565,966
1014,264
1015,263
496,591
497,592
1004,1017
1005,1016
774,244
775,243
22,980
23,981
454,345
455,344
628,903
629,904
612,185
613,186
1005,37
1006,36
849,486
850,485
534,707
535,706
571,210
572,209
713,551
714,550
712,254
713,253
631,939
632,938
912,6
913,5
327,708
328,709
827,186
828,185
345,516
346,517
917,421
918,420
1011,669
1012,668
448,533
449,534
683,213
684,212
670,1012
671,1013
341,23
342,22
831,336
832,337
764,269
765,268
764,67
765,66
293,289
294,288
674,1014
675,1013
683,515
684,516
631,934
632,935
358,918
359,919
39,536
40,535
936,548
937,549
384,550
385,551
651,91
652,90
261,958
262,957
914,772
915,771
692,484
693,483
506,45
507,44
709,224
710,225
892,800
893,801
858,232
859,231
825,745
826,744
697,565
698,564
216,944
217,943
276,768
277,767
788,893
789,892
675,834
676,833
407,396
408,397
931,569
932,568
984,754
985,753
718,236
719,235
1022,974
1023,973
860,1001
861,1002
873,413
874,414
648,825
649,824
779,451
780,450
708,930
709,929
336,586
337,587
661,209
662,210
168,957
169,958
737,1010
738,1009
784,221
785,222
848,665
849,666
594,922
595,923
769,437
770,436
323,494
324,493
408,25
409,26
805,389
806,388
935,527
936,528
539,656
540,655
352,579
353,578
100,997
101,996
381,225
382,224
880,663
881,664
145,915
146,916
1000,99
1001,100
143,830
144,829
997,13
998,14
322,68
323,69
394,543
395,544
1023,354
1024,353
310,740
311,741
254,898
255,899
671,69
672,68
871,875
872,874
982,322
983,323
1015,379
1016,378
987,955
988,954
908,471
909,470
493,203
494,204
479,712
480,713
724,757
725,758
886,880
887,881
511,966
512,967
561,64
562,63
585,724
586,725
536,318
537,319
414,403
415,402
422,523
423,522
330,546
331,545
431,548
432,547
853,257
854,256
265,458
266,457
314,876
315,877
845,703
846,702
806,45
807,44
527,965
528,964
611,119
612,120
378,617
379,616
740,396
741,397
469,621
470,620
617,298
618,299
524,930
525,931
972,50
973,51
690,462
691,461
1008,295
1009,296
942,261
943,260
520,113
521,112
825,454
826,453
670,399
671,400
312,815
313,814
469,501
470,502
471,966
472,967
490,1000
491,1001
965,944
966,943
473,205
474,206
444,523
445,524
432,576
433,577
938,269
939,270
421,489
422,488
586,777
587,776
2,261
3,260
207,888
208,889
760,938
761,937
834,279
835,280
741,715
742,716
631,273
632,274
900,464
901,465
714,211
715,210
805,538
806,537
826,19
827,20
312,965
313,966
1009,214
1010,213
845,387
846,388
899,1023
900,1024
872,153
873,152
873,843
874,844
671,497
672,498
833,662
834,663
640,783
641,782
1022,16
1023,15
490,41
491,40
257,890
258,889
724,793
725,792
829,325
830,326
2,267
3,268
489,724
490,723
619,503
620,502
615,12
616,11
322,47
323,48
440,337
441,336
460,788
461,789
703,945
704,946
518,624
519,623
797,858
798,859
312,609
313,610
276,639
277,638
328,454
329,453
663,305
664,304
877,494
878,495
254,923
255,924
778,568
779,567
747,584
748,583
972,838
973,837
538,679
539,680
602,655
603,654
881,502
882,501
666,684
667,683
176,830
177,831
635,35
636,36
984,980
985,981
881,299
882,300
580,776
581,775
653,51
654,50
633,107
634,108
506,1021
507,1022
894,931
895,932
403,67
404,66
624,181
625,182
604,830
605,829
379,299
380,298
693,75
694,76
308,750
309,749
886,335
887,334
612,700
613,701
449,137
450,136
647,39
648,40
694,635
695,636
857,564
858,565
1001,103
1002,104
317,941
318,942
884,360
885,361
466,398
467,399
278,915
279,914
293,482
294,483
827,527
828,526
584,858
585,857
17,531
18,530
684,756
685,757
693,4
694,5
559,888
560,889
818,59
819,60
1007,259
1008,258
775,891
776,892
937,12
938,13
625,67
626,68
611,288
612,287
698,400
699,399
830,356
831,357
1006,403
1007,402
558,717
559,716
1001,151
1002,150
427,635
428,634
982,255
983,254
888,681
889,682
825,708
826,707
284,226
285,225
588,328
589,329
485,189
486,190
870,396
871,397
12,267
13,266
482,508
483,507
671,326
672,327
795,375
796,374
978,981
979,982
889,746
890,745
374,536
375,537
975,807
976,808
930,537
931,536
545,533
546,532
952,263
953,262
1022,661
1023,660
723,369
724,370
380,579
381,580
885,342
886,341
823,460
824,459
234,962
235,963
293,473
294,472
345,942
346,941
646,420
647,419
631,925
632,926
506,54
507,55
809,22
810,21
681,40
682,41
728,21
729,22
846,1019
847,1018
404,80
405,81
300,434
301,433
368,16
369,15
276,51
277,50
431,450
432,449
748,867
749,868
338,890
339,891
814,67
815,68
598,369
599,370
867,894
868,895
922,366
923,365
331,571
332,572
985,81
986,82
874,135
875,134
995,1014
996,1013
699,194
700,195
463,785
464,784
668,447
669,446
698,559
699,558
769,394
770,395
634,719
635,718
388,685
389,686
800,256
801,257
505,468
506,467
598,619
599,618
284,237
285,238
1016,34
1017,35
631,564
632,565
967,962
968,961
637,953
638,952
991,314
992,315
441,564
442,565
931,574
932,573
592,485
593,486
526,782
527,783
622,577
623,578
921,901
922,900
472,337
473,338
572,889
573,888
321,767
322,766
594,1011
595,1012
19,996
20,995
528,671
529,670
782,418
783,419
264,979
265,978
282,715
283,716
830,597
831,596
373,292
374,293
452,308
453,309
585,100
586,101
467,539
468,538
875,344
876,345
984,529
985,528
352,317
353,316
635,761
636,760
950,265
951,266
850,538
851,539
273,91
274,90
453,548
454,547
409,775
410,776
678,614
679,613
681,507
682,508
461,756
462,757
1012,86
1013,87
693,498
694,499
699,151
700,152
882,770
883,771
780,210
781,209
854,668
855,667
727,805
728,804
493,692
494,693
983,971
984,970
972,872
973,873
300,250
301,251
952,269
953,268
683,203
684,202
978,492
979,491
1012,302
1013,301
272,985
273,986
726,454
727,453
434,657
435,656
944,430
945,431
852,973
853,972
957,575
958,576
435,618
436,619
573,693
574,694
328,231
329,232
999,255
1000,254
148,970
149,971
357,885
358,884
698,185
699,186
318,890
319,889
1017,888
1018,889
360,316
361,317
478,637
479,638
311,282
312,281
448,491
449,492
832,235
833,236
1012,170
1013,169
420,145
421,144
859,64
860,65
281,904
282,903
519,173
520,172
502,809
503,810
328,482
329,483
528,962
529,961
391,46
392,47
266,465
267,464
384,984
385,985
842,551
843,552
395,236
396,237
1023,350
1024,351
645,313
646,314
256,917
257,918
871,362
872,361
392,288
393,287
579,79
580,80
787,333
788,332
664,800
665,799
301,307
302,306
387,856
388,857
993,134
994,135
709,607
710,606
474,777
475,776
688,558
689,559
490,572
491,573
928,508
929,509
821,897
822,898
610,879
611,878
830,497
831,496
424,19
425,18
447,211
448,210
745,829
746,830
652,371
653,372
312,907
313,906
607,234
608,233
467,606
468,607
970,991
971,990
146,975
147,976
459,241
460,242
721,1004
722,1005
626,959
627,960
369,566
370,567
765,849
766,848
742,123
743,124
419,192
420,193
400,411
401,412
281,818
282,819
994,132
995,131
708,959
709,960
907,714
908,715
951,640
952,639
806,805
807,804
534,709
535,710
893,953
894,952
815,197
816,198
858,130
859,129
487,879
488,880
182,1014
183,1015
478,1022
479,1021
833,515
834,514
542,262
543,263
318,281
319,280
214,812
215,811
859,803
860,804
320,596
321,597
538,652
539,651
997,619
998,620
809,970
810,971
593,312
594,311
956,114
957,113
980,608
981,609
552,911
553,910
530,647
531,646
315,842
316,841
569,112
570,111
362,616
363,617
314,687
315,686
932,4
933,3
156,265
157,266
413,235
414,234
421,75
422,76
369,570
370,571
729,623
730,624
315,300
316,301
951,604
952,605
606,455
607,456
594,622
595,623
686,311
687,310
495,682
496,683
731,450
732,451
469,910
470,909
976,696
977,697
1003,956
1004,955
413,643
414,644
650,308
651,307
832,181
833,182
801,835
802,836
893,672
894,671
900,519
901,518
508,725
509,726
143,931
144,932
154,818
155,817
87,990
88,991
809,572
810,573
507,258
508,257
376,451
377,450
994,18
995,17
282,259
283,258
610,868
611,869
990,528
991,527
277,960
278,959
754,217
755,216
971,976
972,975
45,989
46,988
338,927
339,926
936,570
937,571
685,346
686,347
632,468
633,469
809,204
810,205
1021,323
1022,322
988,266
989,267
818,858
819,857
314,918
315,917
60,1019
61,1020
512,165
513,164
568,606
569,607
819,835
820,834
613,680
614,679
756,818
757,817
816,184
817,183
626,765
627,764
934,716
935,715
606,857
607,856
311,695
312,694
470,808
471,809
975,1003
976,1002
218,259
219,260
745,870
746,869
199,970
200,969
827,638
828,639
642,37
643,36
318,693
319,694
435,23
436,24
842,675
843,674
694,463
695,464
421,168
422,169
486,74
487,75
781,288
782,289
849,267
850,266
715,1015
716,1014
428,985
429,984
793,539
794,538
767,658
768,657
560,541
561,540
946,978
947,977
748,871
749,872
881,721
882,720
710,476
711,477
307,177
308,178
411,12
412,13
446,663
447,662
492,712
493,711
426,422
427,421
548,1000
549,1001
382,36
383,37
807,587
808,586
371,552
372,551
902,299
903,298
69,978
70,979
917,463
918,462
260,227
261,228
409,786
410,787
795,459
796,458
402,607
403,608
314,946
315,945
958,311
959,310
646,813
647,812
640,575
641,576
911,500
912,501
352,642
353,643
624,647
625,648
553,735
554,734
176,828
177,827
292,423
293,424
36,981
37,980
281,892
282,891
970,176
971,175
724,1004
725,1005
963,741
964,740
371,849
372,848
760,955
761,956
517,547
518,546
620,684
621,683
778,491
779,490
704,998
705,999
609,418
610,417
954,177
955,178
341,983
342,982
733,819
734,818
288,344
289,343
923,721
924,722
837,522
838,521
860,77
861,78
732,869
733,870
778,436
779,435
496,336
497,337
380,539
381,538
1009,45
1010,44
325,750
326,749
189,926
190,927
362,94
363,93
954,873
955,874
1007,207
1008,208
441,211
442,210
90,534
91,535
874,467
875,468
797,236
798,237
667,10
668,11
976,784
977,783
372,858
373,857
527,618
528,619
628,826
629,827
901,972
902,971
286,547
287,546
172,812
173,811
699,1024
700,1023
563,173
564,172
143,957
144,956
43,535
44,536
559,201
560,200
867,304
868,305
549,626
550,625
634,944
635,943
308,174
309,173
909,883
910,882
831,39
832,40
336,474
337,473
523,196
524,195
749,94
750,95
784,40
785,39
677,972
678,973
688,8
689,7
858,858
859,857
441,1018
442,1019
575,815
576,814
505,784
506,783
532,608
533,607
727,586
728,587
885,693
886,694
835,630
836,631
540,629
541,630
857,649
858,648
621,225
622,226
918,614
919,615
296,506
297,505
767,363
768,364
817,803
818,804
581,194
582,195
390,690
391,691
70,1023
71,1024
449,595
450,596
197,812
198,813
314,971
315,970
430,181
431,180
994,981
995,982
585,687
586,686
937,964
938,965
277,459
278,460
1013,51
1014,52
803,953
804,952
630,627
631,626
811,144
812,145
449,12
450,11
436,597
437,598
813,569
814,570
290,187
291,188
367,597
368,596
787,65
788,64
427,341
428,340
900,278
901,277
616,827
617,826
289,1018
290,1017
451,132
452,131
957,333
958,332
755,20
756,19
844,376
845,377
708,1002
709,1001
347,741
348,742
555,197
556,196
858,891
859,890
673,573
674,574
355,577
356,576
496,789
497,788
437,224
438,225
269,730
270,731
1019,955
1020,956
286,771
287,770
1004,135
1005,134
421,189
422,188
432,1004
433,1005
710,333
711,332
242,818
243,819
378,283
379,284
815,205
816,204
1010,1000
1011,1001
242,811
243,810
455,1018
456,1019
699,118
700,119
321,41
322,40
416,26
417,25
581,187
582,188
693,1000
694,1001
601,618
602,617
12,965
13,966
693,560
694,559
778,184
779,185
283,731
284,732
196,816
197,815
460,782
461,781
85,266
86,267
341,634
342,635
391,336
392,337
644,33
645,32
624,770
625,769
374,924
375,923
555,615
556,616
841,118
842,117
849,132
850,131
679,478
680,477
399,436
400,435
269,661
270,660
887,932
888,931
799,513
800,514
312,54
313,55
491,643
492,644
629,1005
630,1004
717,282
718,283
271,93
272,94
643,700
644,701
496,701
497,700
613,917
614,918
26,981
27,980
506,41
507,42
897,503
898,502
423,1003
424,1002
727,475
728,474
832,711
833,712
394,516
395,517
602,964
603,965
669,432
670,433
560,317
561,316
346,60
347,59
769,904
770,905
411,789
412,788
483,224
484,225
383,644
384,645
643,722
644,723
941,394
942,395
532,717
533,716
17,966
18,967
351,750
352,749
473,158
474,157
893,380
894,381
823,785
824,784
567,278
568,279
836,249
837,248
507,737
508,736
964,649
965,648
187,810
188,809
316,226
317,225
651,558
652,559
386,61
387,62
518,619
519,618
602,661
603,660
972,9
973,10
283,10
284,9
255,977
256,976
827,444
828,443
905,900
906,901
447,379
448,378
754,235
755,236
48,539
49,538
856,246
857,245
308,594
309,595
497,776
498,775
619,1014
620,1015
371,588
372,589
865,874
866,875
771,1008
772,1009
488,201
489,202
889,777
890,776
311,93
312,94
839,18
840,17
533,713
534,712
460,559
461,560
538,703
539,704
631,620
632,619
1014,507
1015,508
1006,723
1007,724
935,916
936,917
848,381
849,382
423,243
424,242
1006,508
1007,509
420,1006
421,1005
743,310
744,311
721,988
722,989
630,972
631,971
769,175
770,174
129,967
130,966
628,835
629,834
779,973
780,974
439,284
440,285
802,330
803,329
364,573
365,574
340,771
341,772
341,255
342,254
203,855
204,856
482,321
483,320
835,18
836,19
156,971
157,970
532,922
533,923
403,277
404,276
443,1012
444,1013
517,701
518,702
996,242
997,241
921,595
922,596
851,90
852,91
1018,977
1019,978
981,76
982,77
681,313
682,312
553,901
554,902
453,921
454,920
735,226
736,225
322,655
323,656
1009,983
1010,984
441,325
442,324
765,51
766,50
851,166
852,167
856,644
857,643
1008,950
1009,949
794,567
795,566
824,332
825,333
456,488
457,489
652,768
653,767
331,717
332,718
865,254
866,255
980,625
981,626
298,802
299,803
905,605
906,606
453,538
454,539
708,652
709,653
956,905
957,906
864,803
865,804
996,338
997,337
799,390
800,389
1017,323
1018,322
330,182
331,183
975,331
976,332
641,249
642,250
359,899
360,898
902,922
903,921
395,685
396,686
794,897
795,896
754,1022
755,1021
694,978
695,979
812,256
813,255
550,738
551,739
582,431
583,430
269,60
270,59
715,1000
716,999
275,978
276,977
888,1024
889,1023
666,508
667,507
201,811
202,812
518,93
519,92
697,518
698,519
279,836
280,837
485,638
486,637
658,143
659,142
811,312
812,313
320,32
321,33
1017,72
1018,71
273,299
274,298
895,400
896,399
408,120
409,119
437,208
438,207
575,952
576,951
781,386
782,387
564,350
565,351
968,160
969,159
435,630
436,631
875,331
876,330
266,2
267,3
1006,502
1007,501
883,801
884,800
396,942
397,943
788,50
789,49
449,128
450,129
1010,939
1011,940
527,666
528,665
512,79
513,80
201,845
202,844
716,374
717,373
348,817
349,818
679,400
680,399
487,562
488,563
272,471
273,472
461,950
462,949
359,617
360,616
253,917
254,916
566,1001
567,1000
720,304
721,305
444,779
445,778
451,691
452,690
569,720
570,721
718,862
719,861
707,820
708,819
850,357
851,358
145,946
146,945
426,31
427,32
885,521
886,520
444,978
445,977
604,759
605,758
451,516
452,517
623,990
624,989
705,622
706,621
477,518
478,517
769,448
770,447
531,760
532,761
485,801
486,800
560,980
561,981
399,244
400,245
714,653
715,652
453,187
454,188
426,439
427,438
602,670
603,671
344,741
345,740
357,64
358,63
329,712
330,711
608,1011
609,1012
337,911
338,910
669,688
670,687
589,407
590,406
56,990
57,989
160,991
161,990
699,1004
700,1005
447,523
448,524
966,1017
967,1018
635,934
636,935
716,443
717,444
275,37
276,36
707,853
708,852
418,479
419,478
313,16
314,17
791,77
792,78
696,670
697,669
535,643
536,644
426,657
427,656
861,799
862,800
324,62
325,63
873,552
874,551
978,622
979,621
833,886
834,885
364,748
365,749
513,872
514,871
797,771
798,772
741,363
742,364
484,755
485,756
698,243
699,242
726,706
727,707
819,294
820,295
624,600
625,599
975,671
976,672
313,331
314,330
732,58
733,57
620,697
621,698
605,70
606,71
908,653
909,652
837,68
838,67
470,225
471,224
287,12
288,11
971,636
972,635
969,123
970,124
981,277
982,276
261,286
262,287
162,947
163,948
741,725
742,724
379,761
380,762
598,959
599,958
822,977
823,976
907,666
908,667
373,566
374,567
464,24
465,23
457,529
458,528
735,31
736,32
671,1020
672,1019
1007,157
1008,158
608,621
609,620
495,190
496,189
337,760
338,761
687,502
688,501
991,696
992,695
166,816
167,817
655,231
656,230
90,994
91,993
535,702
536,703
311,750
312,749
282,797
283,798
381,327
382,328
811,152
812,151
505,821
506,822
745,68
746,69
767,537
768,536
629,251
630,252
414,270
415,271
335,562
336,561
513,36
514,37
1013,474
1014,475
263,510
264,511
871,839
872,840
498,937
499,938
345,818
346,817
147,820
148,819
474,836
475,835
637,739
638,738
395,345
396,346
726,560
727,561
665,487
666,488
763,271
764,272
546,299
547,298
956,932
957,933
488,714
489,713
836,195
837,194
803,495
804,494
766,618
767,617
463,1020
464,1019
312,360
313,359
268,54
269,53
976,71
977,72
982,623
983,624
480,880
481,879
500,1001
501,1000
839,890
840,891
625,104
626,105
740,950
741,951
309,92
310,91
688,449
689,450
889,383
890,382
809,785
810,786
62,995
63,994
737,618
738,619
337,960
338,959
633,17
634,16
294,939
295,938
260,247
261,246
1023,941
1024,940
777,555
778,554
951,154
952,155
757,776
758,777
767,476
768,475
929,480
930,481
682,685
683,686
414,345
415,346
430,660
431,661
840,336
841,335
427,359
428,360
552,135
553,136
690,815
691,816
935,186
936,185
537,475
538,474
1011,724
1012,723
530,79
531,80
623,206
624,205
757,1005
758,1006
563,731
564,730
736,332
737,333
814,597
815,598
951,681
952,680
639,380
640,381
976,519
977,518
487,551
488,550
450,429
451,430
279,725
280,726
848,134
849,135
485,78
486,77
358,783
359,784
566,214
567,215
366,33
367,32
713,545
714,544
892,254
893,255
779,858
780,859
365,45
366,44
492,723
493,722
571,927
572,926
841,753
842,754
836,310
837,309
510,932
511,931
459,908
460,909
731,234
732,233
901,506
902,505
501,322
502,323
741,572
742,571
341,375
342,374
617,181
618,180
432,586
433,585
661,558
662,557
317,228
318,229
518,43
519,42
417,387
418,388
324,837
325,836
780,658
781,657
503,462
504,461
304,216
305,217
502,639
503,638
690,525
691,526
648,392
649,391
394,759
395,758
559,431
560,430
543,753
544,752
438,614
439,615
316,64
317,63
928,746
929,747
479,234
480,235
702,23
703,22
340,213
341,214
622,854
623,853
932,230
933,229
792,992
793,993
800,352
801,351
713,446
714,445
719,726
720,727
519,1001
520,1000
959,808
960,807
629,39
630,40
802,287
803,288
784,385
785,386
345,505
346,506
630,783
631,784
492,527
493,526
392,243
393,244
962,339
963,340
545,250
546,249
280,434
281,433
286,563
287,562
292,38
293,37
998,424
999,425
622,894
623,895
781,276
782,275
311,66
312,67
368,290
369,289
636,962
637,963
440,159
441,160
987,545
988,544
483,711
484,712
426,876
427,875
1011,889
1012,888
710,819
711,818
245,963
246,962
483,672
484,673
727,592
728,591
357,400
358,401
498,148
499,149
445,658
446,657
376,225
377,226
637,390
638,389
1009,921
1010,920
405,309
406,308
831,534
832,535
989,500
990,499
511,342
512,343
416,466
417,467
165,1002
166,1001
787,378
788,377
341,308
342,307
493,468
494,469
929,595
930,596
776,443
777,444
393,275
394,276
472,632
473,633
807,353
808,354
1004,491
1005,490
276,654
277,653
641,422
642,421
921,920
922,921
268,452
269,451
600,252
601,253
513,932
514,931
944,322
945,323
362,993
363,994
224,870
225,871
864,830
865,831
632,952
633,953
629,90
630,89
940,176
941,177
367,547
368,546
391,345
392,344
378,51
379,50
334,828
335,829
692,60
693,61
721,78
722,77
612,683
613,684
528,733
529,734
589,616
590,615
513,203
514,202
320,293
321,294
767,673
768,672
849,676
850,677
491,113
492,114
322,584
323,585
850,581
851,580
626,108
627,107
583,296
584,297
527,626
528,625
642,616
643,617
766,895
767,896
691,451
692,450
931,833
932,832
809,705
810,704
687,230
688,229
617,117
618,118
221,981
222,980
765,482
766,481
802,374
803,375
661,248
662,249
897,962
898,961
362,89
363,88
423,431
424,432
669,563
670,564
841,779
842,778
936,973
937,972
732,764
733,763
594,217
595,218
322,712
323,711
824,654
825,653
874,77
875,78
679,717
680,716
636,564
637,563
310,584
311,583
847,14
848,15
665,796
666,797
481,550
482,549
704,953
705,952
493,543
494,542
742,856
743,857
364,912
365,913
687,756
688,757
376,447
377,446
782,540
783,541
1002,339
1003,340
34,993
35,994
578,680
579,679
291,437
292,438
266,941
267,940
853,39
854,40
795,54
796,55
451,558
452,557
659,159
660,158
449,41
450,42
766,661
767,660
765,237
766,238
557,905
558,904
384,74
385,73
348,443
349,442
806,98
807,97
674,722
675,723
375,541
376,542
347,468
348,469
239,951
240,952
452,950
453,951
471,516
472,515
647,487
648,488
631,820
632,819
449,325
450,326
364,301
365,300
536,635
537,634
197,971
198,972
506,539
507,538
776,229
777,230
677,304
678,305
773,964
774,965
357,846
358,845
809,250
810,249
477,158
478,157
1016,879
1017,880
368,615
369,616
837,540
838,539
861,932
862,931
537,251
538,250
543,208
544,209
216,840
217,839
953,11
954,10
986,960
987,959
573,293
574,294
345,617
346,618
627,314
628,313
432,114
433,113
227,969
228,970
422,1012
423,1013
376,241
377,242
977,6
978,7
288,332
289,331
838,529
839,528
660,182
661,183
991,4
992,5
991,1009
992,1008
367,603
368,604
518,962
519,961
872,207
873,206
303,379
304,380
381,786
382,785
907,315
908,316
50,1022
51,1023
541,666
542,665
931,501
932,502
858,550
859,549
823,541
824,542
1006,468
1007,467
947,304
948,303
317,82
318,83
489,630
490,629
423,293
424,294
420,210
421,209
334,881
335,882
804,265
805,266
698,495
699,496
461,323
462,324
472,691
473,692
398,167
399,166
637,577
638,576
655,243
656,244
563,265
564,264
627,587
628,588
413,246
414,245
638,843
639,842
398,840
399,839
673,432
674,433
620,900
621,901
635,625
636,624
568,76
569,77
984,482
985,483
394,497
395,496
559,268
560,269
292,296
293,297
265,910
266,911
712,223
713,224
596,763
597,764
362,632
363,631
634,1003
635,1002
22,999
23,998
352,148
353,147
259,345
260,344
953,6
954,5
303,239
304,240
346,955
347,956
563,120
564,121
369,324
370,323
908,325
909,326
628,988
629,987
441,579
442,578
457,432
458,431
864,599
865,598
381,30
382,31
277,857
278,858
1022,366
1023,365
960,297
961,298
989,1024
990,1023
309,833
310,834
662,650
663,649
332,885
333,884
724,577
725,578
995,345
996,344
567,835
568,834
530,556
531,557
510,703
511,702
592,250
593,251
825,376
826,377
827,564
828,563
772,857
773,856
842,873
843,872
404,989
405,990
1023,860
1024,861
619,391
620,392
405,299
406,300
689,504
690,505
986,263
987,264
501,22
502,23
827,533
828,532
241,966
242,967
936,739
937,738
510,336
511,337
437,36
438,35
312,935
313,934
263,948
264,949
396,623
397,624
683,275
684,276
486,174
487,175
328,431
329,430
787,501
788,502
205,967
206,966
512,72
513,73
891,444
892,445
578,605
579,606
356,842
357,841
425,711
426,712
268,549
269,550
593,221
594,220
2,263
3,264
955,309
956,310
288,142
289,143
1018,2
1019,3
450,84
451,85
415,12
416,13
281,887
282,886
471,756
472,755
510,270
511,269
1018,143
1019,142
376,625
377,626
9,807
10,808
895,230
896,229
700,25
701,26
399,345
400,346
858,552
859,553
282,679
283,678
871,575
872,576
702,616
703,617
673,622
674,621
807,238
808,239
490,154
491,153
792,892
793,893
489,135
490,136
812,513
813,512
468,440
469,441
554,131
555,130
709,514
710,515
655,222
656,223
279,808
280,809
577,297
578,298
996,275
997,276
341,270
342,269
623,305
624,304
319,710
320,709
805,78
806,79
625,76
626,77
721,164
722,163
891,424
892,425
414,367
415,368
985,965
986,964
258,958
259,957
257,972
258,971
127,955
128,954
447,519
448,520
713,742
714,741
467,544
468,545
349,459
350,458
503,267
504,266
392,472
393,473
780,395
781,394
417,63
418,62
589,314
590,313
1008,700
1009,701
796,993
797,992
730,410
731,409
358,53
359,52
684,196
685,195
320,576
321,575
811,506
812,507
794,916
795,917
308,164
309,165
849,986
850,985
760,183
761,184
944,334
945,335
727,1003
728,1004
740,810
741,809
833,848
834,847
917,339
918,340
264,16
265,15
362,979
363,980
556,149
557,150
768,572
769,573
361,663
362,662
591,305
592,306
914,516
915,517
1009,103
1010,104
624,416
625,417
338,644
339,643
705,6
706,7
581,724
582,725
458,686
459,687
318,900
319,899
680,6
681,5
713,184
714,183
386,314
387,313
814,895
815,894
280,935
281,936
939,399
940,400
488,861
489,860
603,679
604,678
329,594
330,595
327,958
328,957
711,574
712,575
394,300
395,299
752,848
753,847
471,875
472,874
63,979
64,978
561,992
562,993
415,1012
416,1011
793,492
794,493
618,662
619,661
369,312
370,311
934,981
935,980
891,430
892,431
797,343
798,342
739,510
740,509
217,845
218,844
309,655
310,654
830,526
831,527
742,791
743,792
424,622
425,623
944,611
945,610
979,298
980,297
899,728
900,729
835,60
836,61
317,495
318,494
861,218
862,219
581,672
582,671
564,76
565,77
419,97
420,96
409,50
410,51
799,895
800,894
551,162
552,163
286,54
287,53
584,695
585,696
429,242
430,243
460,517
461,516
722,378
723,377
476,190
477,189
364,555
365,556
643,297
644,298
535,664
536,665
718,240
719,241
922,978
923,977
662,1004
663,1005
751,777
752,778
539,925
540,924
420,59
421,60
806,554
807,555
906,678
907,679
595,435
596,434
449,564
450,563
570,906
571,905
922,699
923,698
937,555
938,556
497,805
498,804
715,688
716,687
644,741
645,742
65,816
66,817
769,330
770,331
563,289
564,290
355,622
356,621
1007,747
1008,746
397,300
398,299
605,554
606,555
518,575
519,576
216,971
217,970
301,320
302,319
66,995
67,994
684,843
685,842
642,739
643,738
514,338
515,337
822,417
823,416
694,399
695,400
962,10
963,11
868,298
869,299
477,673
478,674
664,372
665,371
674,830
675,831
849,462
850,463
699,534
700,535
883,251
884,252
846,832
847,831
785,516
786,517
457,677
458,676
920,776
921,775
800,266
801,267
482,190
483,191
365,494
366,495
303,816
304,815
345,745
346,744
1021,883
1022,884
986,441
987,440
848,587
849,586
488,698
489,699
566,918
567,917
554,654
555,655
735,452
736,451
341,349
342,350
320,505
321,504
50,953
51,952
322,607
323,608
583,252
584,253
826,207
827,206
622,159
623,158
195,822
196,821
277,503
278,504
837,831
838,832
965,442
966,443
837,147
838,148
506,549
507,548
384,532
385,531
415,162
416,161
499,431
500,430
793,524
794,523
914,789
915,788
513,6
514,5
651,36
652,35
814,194
815,193
504,962
505,961
468,650
469,651
772,436
773,435
924,1004
925,1003
1010,178
1011,177
747,1021
748,1022
864,521
865,520
1022,359
1023,358
702,358
703,359
438,975
439,976
833,208
834,209
969,649
970,650
713,570
714,571
948,155
949,154
944,355
945,356
939,561
940,560
938,745
939,746
624,516
625,517
369,12
370,11
820,144
821,143
740,916
741,915
608,360
609,361
454,536
455,535
470,878
471,879
474,846
475,847
712,250
713,249
471,603
472,602
463,659
464,658
945,803
946,804
701,476
702,475
964,703
965,702
581,783
582,784
646,26
647,25
537,583
538,584
819,734
820,735
294,574
295,575
808,333
809,332
669,502
670,503
433,593
434,594
767,948
768,949
277,929
278,930
607,694
608,693
861,618
862,619
985,2
986,1
757,985
758,986
449,438
450,437
371,840
372,841
759,577
760,576
465,864
466,865
338,884
339,883
642,864
643,863
739,310
740,311
737,855
738,854
671,332
672,333
568,890
569,891
809,569
810,570
267,976
268,977
688,459
689,458
788,548
789,547
677,560
678,559
225,809
226,808
830,444
831,443
808,504
809,503
1019,279
1020,280
929,483
930,484
631,677
632,678
836,562
837,563
609,69
610,68
262,104
263,103
715,541
716,542
790,709
791,710
1015,285
1016,284
486,463
487,462
655,484
656,483
799,550
800,549
295,486
296,487
419,91
420,90
417,687
418,686
1008,101
1009,100
871,84
872,85
326,970
327,971
787,257
788,256
164,969
165,968
840,142
841,143
698,810
699,809
419,660
420,659
208,848
209,849
485,29
486,28
830,543
831,542
1014,83
1015,82
459,300
460,301
791,571
792,572
783,249
784,250
434,792
435,791
574,312
575,311
975,711
976,710
327,524
328,523
747,575
748,574
830,974
831,973
642,812
643,813
847,971
848,972
418,189
419,188
697,214
698,213
393,553
394,552
688,224
689,225
958,801
959,802
299,808
300,809
1022,978
1023,977
360,261
361,262
819,485
820,486
740,8
741,7
785,554
786,553
533,40
534,41
698,445
699,446
551,72
552,71
316,69
317,68
798,785
799,784
44,260
45,261
719,637
720,636
497,142
498,143
313,738
314,739
934,615
935,616
814,490
815,489
371,247
372,246
859,665
860,664
424,1007
425,1008
352,142
353,143
972,934
973,935
669,587
670,588
869,761
870,760
1022,11
1023,12
1019,214
1020,213
436,672
437,671
787,705
788,704
353,854
354,855
1018,937
1019,938
837,535
838,536
993,106
994,107
867,964
868,963
556,225
557,224
471,203
472,202
452,196
453,195
1022,734
1023,735
432,242
433,243
610,694
611,695
502,299
503,298
681,319
682,320
590,89
591,88
385,610
386,611
512,116
513,115
1002,38
1003,37
835,534
836,533
539,520
540,519
379,372
380,373
417,1005
418,1004
991,105
992,104
630,984
631,985
418,625
419,626
822,584
823,585
451,272
452,273
961,316
962,317
804,58
805,59
311,634
312,635
393,712
394,711
422,195
423,196
974,494
975,495
981,661
982,660
611,172
612,171
172,974
173,975
511,660
512,661
887,738
888,739
921,930
922,931
695,823
696,822
821,529
822,530
533,270
534,269
597,903
598,902
6,976
7,975
805,532
806,531
764,312
765,311
548,933
549,934
82,994
83,993
556,82
557,81
913,497
914,496
497,130
498,129
517,667
518,666
278,899
279,898
1023,1001
1024,1002
735,832
736,833
879,362
880,363
1010,356
1011,355
863,612
864,613
358,980
359,981
822,189
823,190
587,268
588,269
644,719
645,720
617,817
618,816
796,219
797,220
1003,975
1004,976
931,729
932,730
827,671
828,672
425,28
426,27
910,309
911,310
891,473
892,474
797,1015
798,1014
678,685
679,684
424,238
425,237
880,610
881,609
712,349
713,350
482,206
483,205
698,724
699,723
294,795
295,796
692,728
693,729
630,1001
631,1002
310,5
311,6
465,480
466,481
520,83
521,84
823,710
824,711
827,436
828,437
537,641
538,640
624,827
625,828
270,623
271,622
867,976
868,977
874,84
875,85
790,783
791,782
866,210
867,209
21,262
22,261
496,719
497,720
322,875
323,876
818,497
819,498
458,607
459,608
650,507
651,508
264,318
265,317
699,962
700,963
816,307
817,308
507,750
508,751
204,860
205,861
680,20
681,21
834,836
835,835
918,435
919,434
789,518
790,517
771,618
772,619
413,413
414,414
302,226
303,227
1014,255
1015,256
272,61
273,62
417,448
418,449
287,309
288,310
830,783
831,784
235,945
236,944
923,658
924,657
1023,81
1024,80
675,205
676,206
321,24
322,23
457,913
458,912
647,832
648,831
997,643
998,644
275,69
276,68
946,467
947,466
658,960
659,961
984,180
985,179
817,44
818,45
675,220
676,219
837,92
838,91
964,76
965,77
75,994
76,995
718,262
719,263
775,973
776,972
714,834
715,833
959,812
960,813
578,403
579,404
876,360
877,361
542,761
543,762
778,479
779,478
280,964
281,963
1020,294
1021,293
692,68
693,67
302,641
303,640
859,586
860,587
865,338
866,339
527,495
528,494
401,150
402,149
497,241
498,242
435,321
436,320
493,133
494,132
788,35
789,36
824,566
825,567
279,747
280,746
392,917
393,918
853,574
854,573
374,222
375,221
797,429
798,428
765,41
766,42
449,669
450,668
266,931
267,932
580,420
581,419
298,912
299,911
570,698
571,697
503,283
504,282
710,789
711,790
259,522
260,521
291,409
292,408
1015,222
1016,223
987,1012
988,1013
735,637
736,636
817,539
818,538
176,812
177,811
897,930
898,931
959,351
960,352
490,545
491,546
894,585
895,584
219,965
220,964
886,574
887,575
282,600
283,601
783,1015
784,1014
449,155
450,154
716,158
717,159
20,1005
21,1004
363,636
364,635
602,651
603,650
615,994
616,993
978,285
979,284
661,849
662,848
964,161
965,160
663,428
664,429
618,859
619,858
261,336
262,337
591,676
592,677
381,240
382,241
357,574
358,575
451,1008
452,1009
678,257
679,256
317,814
318,815
871,822
872,821
357,468
358,467
655,488
656,487
468,784
469,783
677,4
678,5
659,499
660,498
710,364
711,363
433,44
434,43
688,173
689,172
559,925
560,926
739,570
740,569
763,691
764,690
661,149
662,148
317,491
318,490
915,471
916,470
584,983
585,982
355,624
356,625
603,409
604,408
804,542
805,541
628,556
629,555
514,545
515,546
853,599
854,600
84,980
85,981
1018,568
1019,567
364,597
365,596
974,159
975,158
465,611
466,612
679,795
680,794
720,658
721,657
34,1020
35,1021
344,811
345,810
808,673
809,672
875,740
876,741
580,616
581,617
462,802
463,801
646,581
647,582
362,874
363,875
506,557
507,558
588,938
589,937
507,71
508,72
990,853
991,854
683,1012
684,1011
862,189
863,188
320,496
321,497
867,84
868,85
215,956
216,955
840,638
841,639
454,442
455,441
540,303
541,304
290,620
291,621
530,782
531,783
618,998
619,999
859,168
860,169
332,929
333,928
1012,512
1013,513
492,84
493,83
972,1020
973,1021
1022,793
1023,792
718,758
719,757
843,187
844,186
962,173
963,172
364,24
365,23
421,595
422,596
434,568
435,567
858,96
859,95
630,299
631,298
758,174
759,175
570,835
571,836
1018,55
1019,54
455,650
456,649
330,212
331,211
1011,858
1012,859
891,347
892,348
328,462
329,463
326,388
327,387
698,499
699,498
430,383
431,382
622,429
623,430
492,121
493,122
918,500
919,501
227,828
228,829
701,298
702,299
490,141
491,142
598,555
599,556
382,199
383,198
802,152
803,153
698,484
699,483
535,546
536,545
784,313
785,312
851,153
852,154
966,206
967,205
823,285
824,284
275,968
276,969
905,151
906,152
477,487
478,488
398,389
399,390
413,360
414,359
364,686
365,685
870,218
871,217
932,11
933,10
791,120
792,119
548,567
549,566
402,297
403,296
399,610
400,609
981,672
982,673
878,322
879,321
214,852
215,853
945,968
946,969
970,969
971,968
787,496
788,497
372,613
373,612
814,831
815,830
782,23
783,22
910,905
911,906
477,324
478,325
529,572
530,571
1001,261
1002,260
302,593
303,592
657,297
658,296
313,546
314,547
357,421
358,422
828,713
829,714
533,668
534,667
546,719
547,718
585,332
586,331
565,574
566,575
708,663
709,664
290,305
291,304
639,417
640,418
561,190
562,189
504,750
505,751
41,1018
42,1017
20,1001
21,1002
374,465
375,466
934,928
935,929
665,963
666,962