43,820
43,821
43,822
43,823
43,824
43,825
43,826
43,827
43,828
43,829
43,830
43,831
43,832
43,833
43,834
43,835
43,836
43,837
43,838
43,839
43,840
43,841
43,842
43,843
43,844
43,845
43,846
43,847
43,848
43,849
43,850
43,851
43,852
43,853
43,854
43,855
43,856
43,857
43,858
43,859
43,860
43,861
43,862
43,863
43,864
43,865
43,866
43,867
43,868
43,869
43,870
43,871
43,872
43,873
43,874
43,875
43,876
43,877
43,878
43,879
43,880
43,881
43,882
43,883
43,884
43,885
43,886
43,887
43,888
43,889
43,890
43,891
43,892
43,893
43,894
43,895
43,896
43,897
43,898
43,899
43,900
43,901
43,902
43,903
43,904
43,905
43,906
43,907
43,908
43,909
43,910
43,911
43,912
43,913
43,914
43,915
43,916
43,917
43,918
43,919
43,920
43,921
43,922
43,923
43,924
43,925
43,926
43,927
43,928
43,929
43,930
43,931
43,932
43,933
43,934
43,935
43,936
43,937
43,938
43,939
43,940
43,941
43,942
43,943
43,944
43,945
43,946
43,947
2,855
3,855
4,855
5,855
6,855
7,855
8,855
9,855
10,855
11,855
12,855
13,855
14,855
15,855
16,855
17,855
18,855
19,855
20,855
21,855
22,855
23,855
24,855
25,855
26,855
27,855
28,855
29,855
30,855
31,855
32,855
33,855
34,855
35,855
36,855
37,855
38,855
39,855
40,855
41,855
42,855
44,855
45,855
46,855
47,855
48,855
49,855
50,855
51,855
52,855
53,855
54,855
55,855
56,855
57,855
58,855
59,855
60,855
61,855
62,855
63,855
64,855
65,855
66,855
67,855
68,855
69,855
70,855
71,855
72,855
73,855
74,855
75,855
76,855
77,855
78,855
79,855
80,855
81,855
82,855
83,855
84,855
85,855
86,855
87,855
88,855
89,855
90,855
91,855
92,855
93,855
94,855
95,855
96,855
97,855
98,855
99,855
100,855
101,855
102,855
103,855
104,855
105,855
106,855
107,855
108,855
109,855
110,855
111,855
112,855
113,855
114,855
115,855
116,855
117,855
118,855
119,855
120,855
121,855
122,855
123,855
124,855
125,855
126,855
127,855
128,855
129,855