444,786
444,787
583,66
583,67
835,691
835,692
300,557
300,558
694,312
694,313
356,252
356,253
476,648
476,649
884,331
884,332
622,112
622,113
813,782
813,783
941,152
941,153
956,263
956,264
317,118
317,119
398,898
398,899
890,888
890,889
769,937
769,938
316,250
316,251
941,892
941,893
518,111
518,112
1020,313
1020,314
714,98
714,99
357,661
357,662
552,550
552,551
959,126
959,127
486,952
486,953
613,615
613,616
1010,194
1010,195
710,860
710,861
782,594
782,595
688,718
688,719
979,483
979,484
474,713
474,714
289,105
289,106
679,84
679,85
887,803
887,804
715,606
715,607
335,520
335,521
583,1002
583,1003
654,295
654,296
555,698
555,699
790,351
790,352
765,247
765,248
480,301
480,302
632,683
632,684
304,861
304,862
439,586
439,587
386,544
386,545
827,616
827,617
609,650
609,651
654,896
654,897
768,717
768,718
840,585
840,586
816,662
816,663
674,448
674,449
689,492
689,493
677,956
677,957
317,821
317,822
568,925
568,926
589,760
589,761
992,692
992,693
347,412
347,413
812,148
812,149
295,585
295,586
309,893
309,894
468,4
468,5
910,529
910,530
547,36
547,37
972,961
972,962
645,686
645,687
634,414
634,415
890,895
890,896
540,998
540,999
965,683
965,684
807,132
807,133
408,41
408,42
600,835
600,836
559,910
559,911
628,247
628,248
818,195
818,196
292,608
292,609
777,563
777,564
340,202
340,203
890,819
890,820
481,531
481,532
888,354
888,355
343,265
343,266
783,435
783,436
392,380
392,381
864,650
864,651
303,889
303,890
28,998
28,999
252,1022
252,1023
792,105
792,106
1018,282
1018,283
431,789
431,790
666,226
666,227
839,251
839,252
913,964
913,965
943,136
943,137
767,408
767,409
309,121
309,122
330,796
330,797
613,660
613,661
343,785
343,786
819,432
819,433
294,26
294,27
718,617
718,618
699,62
699,63
423,632
423,633
262,588
262,589
283,209
283,210
929,809
929,810
559,938
559,939
999,823
999,824
666,510
666,511
760,544
760,545
971,622
971,623
939,330
939,331
489,240
489,241
659,697
659,698
941,732
941,733
287,302
287,303
737,792
737,793
300,343
300,344
762,25
762,26
812,866
812,867
555,938
555,939
429,429
429,430
724,1021
724,1022
373,301
373,302
554,857
554,858
372,279
372,280
780,464
780,465
657,604
657,605
439,723
439,724
942,306
942,307
450,53
450,54
980,360
980,361
301,254
301,255
392,839
392,840
302,742
302,743
928,731
928,732
1020,236
1020,237
38,965
38,966
1,985
1,986
904,886
904,887
330,515
330,516
984,224
984,225
338,459
338,460
884,695
884,696
356,580
356,581
851,77
851,78
422,173
422,174
284,562
284,563
857,783
857,784
451,861
451,862
992,326
992,327
709,378
709,379
264,276
264,277
833,246
833,247
617,391
617,392
378,874
378,875
570,79
570,80
599,402
599,403
874,439
874,440
685,410
685,411
331,368
331,369
679,617
679,618
865,606
865,607
480,28
480,29
414,18
414,19
409,385
409,386
200,894
200,895
598,653
598,654
312,307
312,308
276,782
276,783
395,614
395,615
372,221
372,222
774,239
774,240
573,574
573,575
838,542
838,543
294,432
294,433
835,64
835,65
833,509
833,510
648,231
648,232
836,323
836,324
304,41
304,42
202,883
202,884
334,477
334,478
709,839
709,840
1008,134
1008,135
730,991
730,992
819,453
819,454
260,387
260,388
898,754
898,755
995,221
995,222
563,318
563,319
421,54
421,55
573,332
573,333
1015,406
1015,407
191,882
191,883
507,103
507,104
569,1001
569,1002
843,710
843,711
685,811
685,812
795,126
795,127
603,974
603,975
801,289
801,290
252,547
252,548
576,319
576,320
251,816
251,817
848,528
848,529
463,386
463,387
671,310
671,311
576,354
576,355
212,978
212,979
997,127
997,128
361,848
361,849
537,539
537,540
533,791
533,792
663,784
663,785
1000,444
1000,445
993,138
993,139
448,29
448,30
618,161
618,162
336,564
336,565
770,275
770,276
997,155
997,156
721,316
721,317
96,534
96,535
566,652
566,653
443,338
443,339
416,1008
416,1009
624,855
624,856
326,577
326,578
571,655
571,656
677,254
677,255
722,994
722,995
437,11
437,12
965,386
965,387
988,474
988,475
304,884
304,885
501,750
501,751
986,15
986,16
956,362
956,363
265,85
265,86
350,742
350,743
640,697
640,698
813,481
813,482
248,832
248,833
870,550
870,551
819,695
819,696
941,957
941,958
502,428
502,429
997,1020
997,1021
92,544
92,545
548,721
548,722
652,1001
652,1002
841,26
841,27
867,19
867,20
547,663
547,664
457,877
457,878
715,256
715,257
949,944
949,945
787,249
787,250
541,705
541,706
895,372
895,373
521,492
521,493
321,265
321,266
922,974
922,975
890,753
890,754
151,972
151,973
418,345
418,346
980,181
980,182
674,842
674,843
499,466
499,467
368,336
368,337
217,886
217,887
556,565
556,566
546,738
546,739
611,941
611,942
681,517
681,518
870,93
870,94
658,1015
658,1016
862,646
862,647
384,742
384,743
897,691
897,692
539,966
539,967
590,977
590,978
715,167
715,168
444,416
444,417
289,257
289,258
1004,262
1004,263
933,483
933,484
954,718
954,719
431,271
431,272
822,802
822,803
538,265
538,266
995,510
995,511
189,886
189,887
294,771
294,772
340,547
340,548
726,1008
726,1009
1023,719
1023,720
878,798
878,799
354,908
354,909
517,736
517,737
489,150
489,151
399,361
399,362
347,660
347,661
585,45
585,46
858,77
858,78
572,151
572,152
609,759
609,760
259,983
259,984
691,991
691,992
852,680
852,681
389,631
389,632
980,675
980,676
715,814
715,815
832,352
832,353
423,983
423,984
637,686
637,687
721,67
721,68
382,771
382,772
856,21
856,22
328,380
328,381
581,171
581,172
688,454
688,455
499,171
499,172
452,534
452,535
502,734
502,735
1014,742
1014,743
527,814
527,815
374,853
374,854
392,434
392,435
610,999
610,1000
1017,94
1017,95
179,978
179,979
635,53
635,54
966,370
966,371
477,615
477,616
713,162
713,163
494,614
494,615
927,152
927,153
386,57
386,58
803,972
803,973
302,294
302,295
872,882
872,883
400,995
400,996
864,396
864,397
486,65
486,66
667,193
667,194
583,735
583,736
890,845
890,846
467,68
467,69
604,608
604,609
334,472
334,473
839,88
839,89
576,84
576,85
581,82
581,83
429,1004
429,1005
820,464
820,465
1019,477
1019,478
842,1012
842,1013
145,958
145,959
355,941
355,942
280,769
280,770
582,630
582,631
276,908
276,909
197,829
197,830
312,970
312,971
292,449
292,450
280,173
280,174
805,376
805,377
724,226
724,227
655,42
655,43
871,411
871,412
641,325
641,326
1005,15
1005,16
412,336
412,337
501,64
501,65
790,439
790,440
925,990
925,991
506,430
506,431
861,660
861,661
767,501
767,502
660,829
660,830
851,576
851,577
993,294
993,295
324,743
324,744
599,725
599,726
996,818
996,819
349,992
349,993
616,764
616,765
916,527
916,528
781,458
781,459
574,939
574,940
680,458
680,459
956,927
956,928
1021,263
1021,264
914,953
914,954
828,830
828,831
269,558
269,559
707,833
707,834
917,580
917,581
793,652
793,653
798,469
798,470
706,302
706,303
343,271
343,272
637,653
637,654
261,573
261,574
675,210
675,211
806,752
806,753
596,660
596,661
634,119
634,120
352,977
352,978
561,45
561,46
11,1022
11,1023
553,680
553,681
760,194
760,195
316,190
316,191
709,690
709,691
977,674
977,675
1003,290
1003,291
534,692
534,693
394,405
394,406
902,443
902,444
903,432
903,433
475,691
475,692
533,891
533,892
331,707
331,708
795,508
795,509
714,558
714,559
402,167
402,168
918,346
918,347
372,274
372,275
629,579
629,580
345,770
345,771
1000,208
1000,209
907,961
907,962
586,277
586,278
441,520
441,521
329,750
329,751
803,254
803,255
267,1015
267,1016
724,846
724,847
650,296
650,297
469,823
469,824
626,94
626,95
839,968
839,969
807,970
807,971
720,446
720,447
553,403
553,404
418,362
418,363
283,496
283,497
503,630
503,631
652,650
652,651
849,369
849,370
555,95
555,96
548,618
548,619
478,203
478,204
817,146
817,147
594,294
594,295
905,539
905,540
398,398
398,399
277,1023
277,1024
658,759
658,760
974,205
974,206
281,845
281,846
797,690
797,691
686,723
686,724
540,930
540,931
350,735
350,736
401,634
401,635
384,747
384,748
502,575
502,576
324,239
324,240
442,661
442,662
421,104
421,105
480,186
480,187
604,888
604,889
265,293
265,294
904,443
904,444
712,50
712,51
903,229
903,230
421,206
421,207
571,146
571,147
719,1016
719,1017
588,80
588,81
747,428
747,429
512,47
512,48
480,71
480,72
479,493
479,494
407,238
407,239
242,807
242,808
1006,706
1006,707
1006,541
1006,542
274,115
274,116
358,487
358,488
349,686
349,687
295,975
295,976
447,528
447,529
276,491
276,492
572,201
572,202
337,980
337,981
478,664
478,665
821,197
821,198
516,351
516,352
964,327
964,328
466,907
466,908
545,344
545,345
936,944
936,945
962,350
962,351
418,110
418,111
728,553
728,554
379,213
379,214
848,888
848,889
281,544
281,545
468,692
468,693
996,920
996,921
422,551
422,552
773,329
773,330
287,767
287,768
289,170
289,171
747,356
747,357
659,971
659,972
613,15
613,16
397,630
397,631
978,555
978,556
201,868
201,869
820,163
820,164
310,549
310,550
922,756
922,757
840,103
840,104
992,983
992,984
362,339
362,340
424,536
424,537
674,485
674,486
968,944
968,945
646,498
646,499
296,551
296,552
928,467
928,468
653,326
653,327
596,401
596,402
812,378
812,379
1024,921
1024,922
682,74
682,75
745,709
745,710
709,815
709,816
915,297
915,298
509,540
509,541
446,546
446,547
561,718
561,719
722,34
722,35
401,442
401,443
21,986
21,987
932,736
932,737
705,220
705,221
847,644
847,645
453,281
453,282
508,189
508,190
272,34
272,35
156,906
156,907
512,161
512,162
687,635
687,636
454,224
454,225
732,1002
732,1003
761,282
761,283
592,934
592,935
334,782
334,783
291,345
291,346
826,896
826,897
928,473
928,474
459,971
459,972
354,920
354,921
987,689
987,690
924,441
924,442
282,216
282,217
738,862
738,863
828,500
828,501
433,62
433,63
769,1009
769,1010
411,214
411,215
574,233
574,234
442,984
442,985
1019,73
1019,74
647,996
647,997
1023,382
1023,383
636,310
636,311
494,566
494,567
727,78
727,79
891,654
891,655
836,43
836,44
946,870
946,871
909,900
909,901
648,455
648,456
320,962
320,963
162,966
162,967
519,116
519,117
609,940
609,941
617,869
617,870
804,441
804,442
402,989
402,990
667,132
667,133
894,577
894,578
639,31
639,32
1013,145
1013,146
272,448
272,449
949,151
949,152
147,902
147,903
942,727
942,728
386,310
386,311
957,323
957,324
621,867
621,868
218,863
218,864
330,985
330,986
389,493
389,494
206,875
206,876
395,536
395,537
414,619
414,620
653,972
653,973
779,20
779,21
322,57
322,58
257,961
257,962
807,452
807,453
298,190
298,191
448,178
448,179
702,758
702,759
453,208
453,209
305,12
305,13
366,261
366,262
671,71
671,72
424,14
424,15
979,998
979,999
318,255
318,256
804,385
804,386
779,108
779,109
821,246
821,247
748,827
748,828
420,371
420,372
341,281
341,282
2,546
2,547
782,57
782,58
72,993
72,994
904,678
904,679
566,727
566,728
803,397
803,398
392,604
392,605
251,531
251,532
897,511
897,512
977,750
977,751
533,796
533,797
423,283
423,284
439,755
439,756
725,1014
725,1015
370,336
370,337
662,187
662,188
791,100
791,101
853,22
853,23
557,170
557,171
492,139
492,140
713,503
713,504
467,830
467,831
362,32
362,33
716,201
716,202
417,591
417,592
628,887
628,888
803,884
803,885
859,328
859,329
504,885
504,886
346,989
346,990
723,905
723,906
271,121
271,122
412,45
412,46
418,436
418,437
693,466
693,467
893,137
893,138
475,543
475,544
616,916
616,917
417,306
417,307
553,184
553,185
195,917
195,918
990,46
990,47
325,593
325,594
582,575
582,576
957,899
957,900
508,25
508,26
794,23
794,24
797,661
797,662
471,19
471,20
969,271
969,272
829,121
829,122
305,210
305,211
745,725
745,726
657,161
657,162
298,732
298,733
407,270
407,271
801,479
801,480
714,33
714,34
452,24
452,25
419,124
419,125
999,848
999,849
486,556
486,557
866,343
866,344
915,422
915,423
456,630
456,631
830,660
830,661
617,769
617,770
174,978
174,979
510,156
510,157
501,964
501,965
202,928
202,929
792,444
792,445
829,221
829,222
590,628
590,629
960,455
960,456
430,1009
430,1010
386,688
386,689
699,561
699,562
965,349
965,350
741,934
741,935
215,870
215,871
350,461
350,462
621,660
621,661
710,5
710,6
301,31
301,32
368,735
368,736
408,918
408,919
487,665
487,666
809,391
809,392
203,862
203,863
616,75
616,76
945,781
945,782
233,842
233,843
399,903
399,904
278,234
278,235
417,498
417,499
863,507
863,508
291,170
291,171
701,605
701,606
599,417
599,418
992,111
992,112
293,240
293,241
978,640
978,641
898,527
898,528
643,460
643,461
445,238
445,239
263,8
263,9
958,538
958,539
1020,246
1020,247
415,241
415,242
986,436
986,437
191,815
191,816
949,200
949,201
417,378
417,379
845,699
845,700
269,467
269,468
716,458
716,459
271,761
271,762
794,143
794,144
675,243
675,244
1011,917
1011,918
551,966
551,967
353,21
353,22
870,582
870,583
336,749
336,750
384,513
384,514
267,440
267,441
862,737
862,738
975,740
975,741
897,393
897,394
344,256
344,257
668,27
668,28
750,826
750,827
804,105
804,106
418,398
418,399
293,327
293,328
375,503
375,504
432,161
432,162
569,673
569,674
338,929
338,930
829,90
829,91
412,241
412,242
413,68
413,69
1017,576
1017,577
754,378
754,379
583,126
583,127
605,291
605,292
752,805
752,806
260,797
260,798
259,495
259,496
267,553
267,554
457,801
457,802
870,691
870,692
1005,11
1005,12
337,690
337,691
436,1020
436,1021
277,497
277,498
471,822
471,823
632,837
632,838
581,685
581,686
387,100
387,101
905,462
905,463
584,941
584,942
321,551
321,552
451,649
451,650
887,595
887,596
483,569
483,570
382,890
382,891
203,818
203,819
460,181
460,182
616,401
616,402
874,876
874,877
835,639
835,640
570,732
570,733
805,671
805,672
367,293
367,294
632,501
632,502
310,843
310,844
124,953
124,954
580,110
580,111
383,711
383,712
996,35
996,36
1021,34
1021,35
333,147
333,148
890,703
890,704
705,205
705,206
548,628
548,629
343,282
343,283
718,447
718,448
811,537
811,538
324,833
324,834
348,857
348,858
201,828
201,829
643,980
643,981
971,2
971,3
287,270
287,271
358,937
358,938
483,871
483,872
366,785
366,786
713,535
713,536
207,963
207,964
634,91
634,92
835,131
835,132
728,690
728,691
357,432
357,433
763,566
763,567
685,177
685,178
932,304
932,305
491,522
491,523
354,842
354,843
366,746
366,747
963,660
963,661
2,535
2,536
429,453
429,454
360,348
360,349
841,1001
841,1002
306,840
306,841
200,873
200,874
228,908
228,909
892,811
892,812
608,893
608,894
702,244
702,245
237,973
237,974
996,581
996,582
453,724
453,725
845,89
845,90
645,575
645,576
145,924
145,925
374,839
374,840
1010,977
1010,978
863,796
863,797
990,14
990,15
799,16
799,17
674,650
674,651
637,896
637,897
829,411
829,412
919,328
919,329
281,505
281,506
875,406
875,407
188,899
188,900
738,75
738,76
590,925
590,926
891,353
891,354
580,396
580,397
418,136
418,137
319,265
319,266
225,943
225,944
269,5
269,6
845,638
845,639
819,397
819,398
723,928
723,929
395,431
395,432
856,229
856,230
667,772
667,773
347,271
347,272
662,577
662,578
864,858
864,859
378,31
378,32
439,508
439,509
893,658
893,659
660,485
660,486
287,550
287,551
339,744
339,745
1012,572
1012,573
1019,99
1019,100
305,718
305,719
469,631
469,632
294,202
294,203
293,283
293,284
378,745
378,746
874,367
874,368
962,343
962,344
982,628
982,629
899,751
899,752
639,769
639,770
1015,489
1015,490
793,100
793,101
968,628
968,629
773,66
773,67
749,405
749,406
708,924
708,925
353,516
353,517
277,941
277,942
870,403
870,404
446,626
446,627
758,1016
758,1017
597,675
597,676
482,613
482,614
470,539
470,540
686,588
686,589
257,895
257,896
143,914
143,915
443,163
443,164
263,993
263,994
372,385
372,386
806,68
806,69
857,888
857,889
307,330
307,331
773,37
773,38
350,165
350,166
638,970
638,971
356,412
356,413
909,151
909,152
947,277
947,278
545,212
545,213
737,375
737,376
719,256
719,257
651,994
651,995
835,197
835,198
815,394
815,395
358,27
358,28
267,62
267,63
990,75
990,76
274,31
274,32
999,237
999,238
905,612
905,613
978,1003
978,1004
280,517
280,518
821,595
821,596
980,333
980,334
556,752
556,753
786,397
786,398
361,710
361,711
776,930
776,931
874,526
874,527
1011,533
1011,534
271,805
271,806
445,802
445,803
629,754
629,755
382,853
382,854
399,370
399,371
699,146
699,147
806,166
806,167
664,193
664,194
840,859
840,860
325,23
325,24
1023,728
1023,729
391,921
391,922
768,887
768,888
658,742
658,743
583,957
583,958
456,603
456,604
766,444
766,445
423,322
423,323
613,573
613,574
811,215
811,216
1006,246
1006,247
361,841
361,842
297,16
297,17
939,954
939,955
608,367
608,368
404,331
404,332
397,991
397,992
629,991
629,992
426,415
426,416
871,866
871,867
936,991
936,992
432,977
432,978
859,964
859,965
707,1015
707,1016
389,324
389,325
609,825
609,826
904,657
904,658
310,50
310,51
136,967
136,968
810,866
810,867
449,660
449,661
258,949
258,950
360,573
360,574
402,983
402,984
990,1017
990,1018
607,935
607,936
993,9
993,10
569,190
569,191
450,911
450,912
496,571
496,572
454,517
454,518
690,634
690,635
671,700
671,701
512,40
512,41
967,185
967,186
720,852
720,853
628,842
628,843
22,995
22,996
945,469
945,470
751,565
751,566
955,714
955,715
260,341
260,342
813,448
813,449
679,63
679,64
710,942
710,943
407,62
407,63
356,980
356,981
386,288
386,289
542,674
542,675
581,175
581,176
562,202
562,203
951,599
951,600
532,1000
532,1001
822,234
822,235
580,90
580,91
302,736
302,737
952,912
952,913
626,136
626,137
921,339
921,340
879,137
879,138
738,716
738,717
985,486
985,487
880,788
880,789
906,758
906,759
982,180
982,181
356,449
356,450
642,630
642,631
377,458
377,459
365,742
365,743
372,35
372,36
456,680
456,681
694,995
694,996
374,32
374,33
53,817
53,818
320,624
320,625
343,364
343,365
547,655
547,656
405,360
405,361
731,636
731,637
784,395
784,396
639,647
639,648
786,539
786,540
827,243
827,244
896,965
896,966
452,1005
452,1006
728,406
728,407
224,811
224,812
952,636
952,637
824,419
824,420
498,115
498,116
578,932
578,933
774,48
774,49
420,344
420,345
423,661
423,662
975,964
975,965
366,84
366,85
941,275
941,276
450,528
450,529
819,130
819,131
730,67
730,68
265,955
265,956
602,917
602,918
531,480
531,481
982,642
982,643
1005,4
1005,5
744,807
744,808
754,581
754,582
481,652
481,653
821,435
821,436
812,105
812,106
464,870
464,871
757,332
757,333
359,744
359,745
1011,342
1011,343
881,606
881,607
336,853
336,854
547,689
547,690
839,192
839,193
402,283
402,284
273,75
273,76
644,849
644,850
603,1002
603,1003
584,87
584,88
986,786
986,787
306,845
306,846
754,816
754,817
876,843
876,844
215,541
215,542
474,378
474,379
618,368
618,369
275,748
275,749
872,39
872,40
111,266
111,267
1018,971
1018,972
816,247
816,248
857,371
857,372
726,34
726,35
324,688
324,689
422,420
422,421
856,367
856,368
744,56
744,57
363,584
363,585
815,378
815,379
408,330
408,331
758,262
758,263
832,592
832,593
381,60
381,61
674,836
674,837
406,1011
406,1012
586,354
586,355
905,484
905,485
301,397
301,398
333,519
333,520
43,979
43,980
440,378
440,379
578,647
578,648
1014,518
1014,519
443,673
443,674
556,205
556,206
287,719
287,720
343,287
343,288
820,536
820,537
292,623
292,624
239,979
239,980
411,1003
411,1004
328,25
328,26
721,863
721,864
822,535
822,536
976,724
976,725
646,59
646,60
599,621
599,622
1021,899
1021,900
410,324
410,325
991,277
991,278
756,661
756,662
1015,381
1015,382
806,216
806,217
933,750
933,751
354,203
354,204
934,626
934,627
416,395
416,396
291,241
291,242
722,457
722,458
270,571
270,572
494,775
494,776
688,235
688,236
635,293
635,294
639,287
639,288
1013,57
1013,58
756,310
756,311
904,881
904,882
340,210
340,211
645,827
645,828
853,131
853,132
944,370
944,371
745,850
745,851
936,747
936,748
966,400
966,401
468,634
468,635
392,22
392,23
486,1005
486,1006
474,183
474,184
571,858
571,859
321,748
321,749
1015,85
1015,86
1006,498
1006,499
577,419
577,420
654,1016
654,1017
201,976
201,977
489,610
489,611
816,404
816,405
1011,305
1011,306
387,74
387,75
337,567
337,568
62,541
62,542
677,446
677,447
454,379
454,380
462,864
462,865
943,771
943,772
617,216
617,217
389,337
389,338
598,40
598,41
692,980
692,981
682,380
682,381
510,688
510,689
757,858
757,859
340,196
340,197
667,21
667,22
1013,244
1013,245
435,12
435,13
622,976
622,977
1009,317
1009,318
638,981
638,982
891,539
891,540
1009,945
1009,946
507,808
507,809
310,11
310,12
1007,436
1007,437
807,581
807,582
835,968
835,969
263,23
263,24
652,720
652,721
407,293
407,294
864,676
864,677
608,278
608,279
395,585
395,586
480,685
480,686
947,962
947,963
265,51
265,52
908,593
908,594
471,802
471,803
762,484
762,485
375,22
375,23
505,27
505,28
492,790
492,791
67,991
67,992
897,416
897,417
814,461
814,462
463,344
463,345
438,663
438,664
435,389
435,390
231,811
231,812
638,1009
638,1010
943,317
943,318
633,1013
633,1014
987,240
987,241
302,971
302,972
615,933
615,934
358,164
358,165
935,254
935,255
815,970
815,971
551,303
551,304
498,795
498,796
713,55
713,56
332,586
332,587
639,824
639,825
516,46
516,47
344,353
344,354
727,117
727,118
653,239
653,240
699,101
699,102
840,279
840,280
301,368
301,369
726,828
726,829
716,869
716,870
618,199
618,200
497,265
497,266
269,604
269,605
375,910
375,911
617,682
617,683
698,14
698,15
571,617
571,618
555,539
555,540
384,46
384,47
488,139
488,140
781,69
781,70
796,1007
796,1008
933,630
933,631
312,587
312,588
491,718
491,719
423,539
423,540
869,616
869,617
673,293
673,294
59,543
59,544
516,466
516,467
599,839
599,840
549,841
549,842
962,806
962,807
821,388
821,389
347,986
347,987
815,772
815,773
641,501
641,502
561,214
561,215
736,583
736,584
218,812
218,813
964,365
964,366
801,563
801,564
781,409
781,410
988,420
988,421
336,551
336,552
638,697
638,698
358,592
358,593
834,952
834,953
638,560
638,561
624,624
624,625
538,526
538,527
156,894
156,895
975,1019
975,1020
358,108
358,109
582,291
582,292
610,749
610,750
884,835
884,836
821,496
821,497
387,69
387,70
632,578
632,579
657,425
657,426
377,935
377,936
526,776
526,777
595,714
595,715
562,642
562,643
826,511
826,512
1003,157
1003,158
468,195
468,196
391,314
391,315
891,758
891,759
667,521
667,522
601,221
601,222
823,889
823,890
685,471
685,472
987,5
987,6
1009,732
1009,733
444,508
444,509
262,517
262,518
913,794
913,795
497,629
497,630
995,282
995,283
290,209
290,210
376,1002
376,1003
403,140
403,141
25,1002
25,1003
468,299
468,300
281,551
281,552
521,269
521,270
967,1022
967,1023
823,780
823,781
376,475
376,476
268,598
268,599
1017,588
1017,589
460,466
460,467
825,1009
825,1010
859,969
859,970
546,936
546,937
986,542
986,543
608,269
608,270
575,204
575,205
297,748
297,749
946,848
946,849
798,288
798,289
921,822
921,823
472,588
472,589
217,946
217,947
437,308
437,309
621,401
621,402
9,1010
9,1011
478,653
478,654
915,1003
915,1004
610,816
610,817
1006,431
1006,432
977,265
977,266
446,862
446,863
545,411
545,412
360,307
360,308
270,16
270,17
329,587
329,588
265,971
265,972
791,50
791,51
699,248
699,249
255,854
255,855
581,55
581,56
675,765
675,766
841,218
841,219
421,498
421,499
779,355
779,356
595,945
595,946
962,792
962,793
692,399
692,400
988,941
988,942
964,952
964,953
720,139
720,140
30,966
30,967
134,836
134,837
729,43
729,44
862,743
862,744
850,500
850,501
564,54
564,55
665,575
665,576
702,451
702,452
349,783
349,784
520,345
520,346
318,75
318,76
752,39
752,40
679,582
679,583
680,78
680,79
585,575
585,576
908,917
908,918
544,203
544,204
1020,909
1020,910
391,413
391,414
746,865
746,866
983,646
983,647
804,184
804,185
810,482
810,483
754,586
754,587
639,309
639,310
277,579
277,580
374,898
374,899
298,201
298,202
968,156
968,157
603,16
603,17
895,734
895,735
576,775
576,776
533,699
533,700
270,87
270,88
334,925
334,926
601,856
601,857
358,525
358,526
393,499
393,500
1015,550
1015,551
749,914
749,915
574,407
574,408
339,612
339,613
322,693
322,694
293,174
293,175
422,299
422,300
620,319
620,320
671,683
671,684
344,56
344,57
679,758
679,759
397,366
397,367
714,227
714,228
396,443
396,444
780,251
780,252
817,865
817,866
299,306
299,307
499,871
499,872
766,566
766,567
288,319
288,320
721,905
721,906
28,546
28,547
553,205
553,206
601,922
601,923
889,873
889,874
811,340
811,341
267,105
267,106
578,960
578,961
587,65
587,66
874,499
874,500
920,771
920,772
602,416
602,417
284,611
284,612
882,1023
882,1024
705,177
705,178
708,592
708,593
632,607
632,608
753,274
753,275
484,519
484,520
294,613
294,614
651,742
651,743
355,568
355,569
15,1013
15,1014
745,50
745,51
449,846
449,847
812,691
812,692
279,924
279,925
634,145
634,146
870,861
870,862
778,261
778,262
790,526
790,527
938,552
938,553
709,870
709,871
686,609
686,610
338,432
338,433
285,768
285,769
612,783
612,784
942,10
942,11
378,903
378,904
738,704
738,705
308,867
308,868
409,276
409,277
1015,512
1015,513
767,439
767,440
630,646
630,647
942,269
942,270
599,215
599,216
1007,677
1007,678
899,505
899,506
291,11
291,12
599,937
599,938
1011,633
1011,634
460,448
460,449
298,167
298,168
729,636
729,637
200,950
200,951
953,291
953,292
340,563
340,564
575,851
575,852
681,282
681,283
281,451
281,452
224,878
224,879
986,158
986,159
308,13
308,14
317,552
317,553
306,752
306,753
1010,152
1010,153
522,910
522,911
636,379
636,380
540,788
540,789
759,535
759,536
662,369
662,370
455,319
455,320
297,158
297,159
658,216
658,217
863,529
863,530
555,548
555,549
564,1023
564,1024
344,381
344,382
655,988
655,989
369,561
369,562
887,381
887,382
606,598
606,599
437,367
437,368
485,53
485,54
236,957
236,958
719,147
719,148
320,572
320,573
353,761
353,762
484,43
484,44
957,991
957,992
299,151
299,152
830,209
830,210
962,821
962,822
143,861
143,862
998,580
998,581
637,620
637,621
942,974
942,975
535,63
535,64
560,685
560,686
721,107
721,108
488,506
488,507
978,504
978,505
977,500
977,501
506,299
506,300
791,268
791,269
452,33
452,34
355,460
355,461
473,560
473,561
514,46
514,47
579,406
579,407
478,892
478,893
846,341
846,342
667,88
667,89
376,470
376,471
758,367
758,368
799,531
799,532
635,895
635,896
659,944
659,945
906,966
906,967
975,971
975,972
781,473
781,474
631,102
631,103
865,917
865,918
775,848
775,849
337,617
337,618
811,646
811,647
1006,771
1006,772
554,725
554,726
844,1001
844,1002
676,491
676,492
194,982
194,983
550,289
550,290
497,192
497,193
824,872
824,873
402,191
402,192
526,771
526,772
488,112
488,113
344,292
344,293
931,554
931,555
82,1023
82,1024
937,362
937,363
382,689
382,690
569,136
569,137
980,269
980,270
791,532
791,533
688,471
688,472
726,28
726,29
312,783
312,784
478,548
478,549
281,490
281,491
106,953
106,954
989,281
989,282
258,856
258,857
215,875
215,876
267,900
267,901
692,491
692,492
794,887
794,888
913,341
913,342
628,652
628,653
674,498
674,499
389,313
389,314
829,132
829,133
779,74
779,75
611,858
611,859
344,922
344,923
918,300
918,301
594,972
594,973
294,236
294,237
741,441
741,442
218,900
218,901
428,319
428,320
824,573
824,574
842,195
842,196
323,260
323,261
334,316
334,317
1010,720
1010,721
996,504
996,505
675,507
675,508
491,965
491,966
867,779
867,780
498,122
498,123
508,929
508,930
979,225
979,226
1011,989
1011,990
445,459
445,460
967,139
967,140
869,336
869,337
334,290
334,291
381,901
381,902
489,81
489,82
938,319
938,320
498,785
498,786
72,966
72,967
733,776
733,777
386,12
386,13
575,217
575,218
513,910
513,911
536,571
536,572
583,154
583,155
850,857
850,858
878,350
878,351
912,515
912,516
817,596
817,597
843,250
843,251
318,876
318,877
400,405
400,406
635,46
635,47
495,965
495,966
456,301
456,302
863,235
863,236
473,505
473,506
624,920
624,921
732,60
732,61
887,234
887,235
916,555
916,556
809,138
809,139
997,270
997,271
449,57
449,58
524,893
524,894
970,152
970,153
802,715
802,716
865,512
865,513
627,196
627,197
955,966
955,967
382,541
382,542
1014,315
1014,316
845,655
845,656
416,44
416,45
969,1021
969,1022
237,979
237,980
273,454
273,455
948,643
948,644
835,932
835,933
762,988
762,989
812,132
812,133
923,381
923,382
1020,188
1020,189
703,723
703,724
437,686
437,687
678,74
678,75
802,86
802,87
630,837
630,838
1023,848
1023,849
677,889
677,890
819,1001
819,1002
814,494
814,495
842,802
842,803
259,566
259,567
659,993
659,994
1001,998
1001,999
313,930
313,931
632,370
632,371
597,680
597,681
636,912
636,913
694,502
694,503
850,379
850,380
344,52
344,53
730,373
730,374
872,253
872,254
1000,1020
1000,1021
756,979
756,980
723,999
723,1000
366,308
366,309
1019,522
1019,523
1013,150
1013,151
552,649
552,650
722,976
722,977
210,825
210,826
325,889
325,890
27,990
27,991
591,717
591,718
761,239
761,240
713,836
713,837
403,311
403,312
340,238
340,239
354,544
354,545
815,800
815,801
1009,262
1009,263
962,962
962,963
311,766
311,767
51,267
51,268
695,448
695,449
953,934
953,935
972,828
972,829
501,893
501,894
406,379
406,380
529,430
529,431
390,977
390,978
877,865
877,866
294,274
294,275
708,451
708,452
263,982
263,983
180,971
180,972
570,310
570,311
856,689
856,690
873,352
873,353
747,434
747,435
388,910
388,911
869,654
869,655
869,658
869,659
924,299
924,300
816,355
816,356
955,577
955,578
603,981
603,982
843,540
843,541
328,942
328,943
317,563
317,564
292,782
292,783
790,122
790,123
695,37
695,38
740,968
740,969
551,117
551,118
749,28
749,29
911,725
911,726
484,529
484,530
623,900
623,901
899,723
899,724
953,923
953,924
794,83
794,84
398,617
398,618
322,91
322,92
311,275
311,276
1004,181
1004,182
653,628
653,629
313,613
313,614
354,559
354,560
367,899
367,900
787,511
787,512
324,571
324,572
642,729
642,730
302,10
302,11
352,334
352,335
291,379
291,380
255,946
255,947
561,153
561,154
332,795
332,796
950,977
950,978
625,371
625,372
1001,475
1001,476
1023,6
1023,7
364,53
364,54
915,391
915,392
881,584
881,585
303,806
303,807
136,824
136,825
260,456
260,457
999,832
999,833
556,351
556,352
530,716
530,717
300,295
300,296
936,592
936,593
314,596
314,597
920,1002
920,1003
379,329
379,330
556,117
556,118
1012,500
1012,501
824,775
824,776
652,414
652,415
318,268
318,269
350,411
350,412
926,666
926,667
22,531
22,532
892,835
892,836
610,629
610,630
1004,307
1004,308
624,728
624,729
812,472
812,473
392,62
392,63
952,720
952,721
442,240
442,241
878,541
878,542
338,605
338,606
391,566
391,567
608,962
608,963
683,221
683,222
1023,132
1023,133
879,345
879,346
331,598
331,599
228,848
228,849
408,232
408,233
634,940
634,941
1024,613
1024,614
557,958
557,959
813,92
813,93
846,566
846,567
464,523
464,524
417,975
417,976
328,397
328,398
928,804
928,805
691,3
691,4
964,398
964,399
270,585
270,586
780,485
780,486
592,332
592,333
918,596
918,597
451,550
451,551
844,478
844,479
188,871
188,872
479,646
479,647
708,766
708,767
823,885
823,886
223,818
223,819
654,13
654,14
164,990
164,991
317,523
317,524
422,535
422,536
608,557
608,558
348,22
348,23
974,1016
974,1017
788,198
788,199
264,297
264,298
450,626
450,627
865,500
865,501
793,428
793,429
441,480
441,481
830,153
830,154
716,613
716,614
995,51
995,52
968,267
968,268
698,966
698,967
838,887
838,888
507,398
507,399
376,640
376,641
480,141
480,142
804,122
804,123
745,101
745,102
195,908
195,909
297,513
297,514
578,746
578,747
872,93
872,94
989,277
989,278
635,683
635,684
516,972
516,973
604,55
604,56
368,929
368,930
309,565
309,566
530,698
530,699
781,42
781,43
131,896
131,897
292,387
292,388
561,735
561,736
626,229
626,230
691,518
691,519
543,557
543,558
347,928
347,929
570,569
570,570
5,547
5,548
350,931
350,932
691,685
691,686
856,597
856,598
507,123
507,124
762,709
762,710
792,127
792,128
547,972
547,973
937,1018
937,1019
838,771
838,772
732,213
732,214
995,353
995,354
392,363
392,364
359,930
359,931
779,124
779,125
622,215
622,216
760,310
760,311
894,603
894,604
978,1020
978,1021
55,537
55,538
421,611
421,612
899,481
899,482
510,721
510,722
662,446
662,447
382,338
382,339
307,835
307,836
406,52
406,53
830,446
830,447
370,522
370,523
872,500
872,501
287,1021
287,1022
461,551
461,552
359,750
359,751
599,905
599,906
920,608
920,609
415,377
415,378
325,719
325,720
806,221
806,222
311,116
311,117
417,537
417,538
848,681
848,682
277,628
277,629
915,783
915,784
706,248
706,249
106,980
106,981
989,842
989,843
816,973
816,974
932,846
932,847
409,166
409,167
259,222
259,223
796,930
796,931
308,812
308,813
445,534
445,535
919,366
919,367
479,590
479,591
671,470
671,471
888,304
888,305
182,969
182,970
617,17
617,18
294,17
294,18
384,541
384,542
589,951
589,952
705,29
705,30
318,585
318,586
658,984
658,985
848,577
848,578
410,1008
410,1009
1008,924
1008,925
569,328
569,329
943,415
943,416
829,24
829,25
286,521
286,522
524,266
524,267
622,938
622,939
662,319
662,320
813,504
813,505
314,837
314,838
977,823
977,824
917,427
917,428
419,432
419,433
432,176
432,177
594,727
594,728
576,937
576,938
1023,362
1023,363
719,259
719,260
572,155
572,156
855,930
855,931
889,588
889,589
676,648
676,649
325,620
325,621
825,190
825,191
1,814
1,815
754,240
754,241
928,978
928,979
284,965
284,966
329,939
329,940
339,602
339,603
371,926
371,927
362,983
362,984
242,981
242,982
1022,334
1022,335
474,614
474,615
146,896
146,897
921,805
921,806
457,197
457,198
667,652
667,653
205,259
205,260
504,64
504,65
444,503
444,504
764,1014
764,1015
670,459
670,460
363,551
363,552
455,18
455,19
283,753
283,754
365,735
365,736
741,806
741,807
629,760
629,761
603,574
603,575
856,339
856,340
422,246
422,247
655,524
655,525
840,952
840,953
389,214
389,215
668,257
668,258
326,884
326,885
762,615
762,616
132,842
132,843
440,470
440,471
471,198
471,199
695,183
695,184
442,503
442,504
983,612
983,613
820,63
820,64
392,543
392,544
908,628
908,629
325,617
325,618
420,80
420,81
566,776
566,777
881,666
881,667
929,501
929,502
603,936
603,937
908,753
908,754
329,473
329,474
276,770
276,771
837,710
837,711
473,342
473,343
715,222
715,223
314,591
314,592
788,466
788,467
37,991
37,992
321,524
321,525
837,782
837,783
636,606
636,607
514,796
514,797
255,961
255,962
886,544
886,545
452,177
452,178
451,184
451,185
312,104
312,105
793,974
793,975
52,538
52,539
564,126
564,127
712,825
712,826
253,947
253,948
374,193
374,194
806,889
806,890
1001,706
1001,707
278,251
278,252
585,716
585,717
528,786
528,787
778,513
778,514
376,603
376,604
527,556
527,557
898,399
898,400
209,924
209,925
979,974
979,975
373,520
373,521
35,1010
35,1011
485,206
485,207
633,825
633,826
814,283
814,284
650,765
650,766
267,29
267,30
409,61
409,62
348,116
348,117
860,657
860,658
1015,326
1015,327
134,990
134,991
732,53
732,54
1012,649
1012,650
1022,866
1022,867
511,787
511,788
702,1004
702,1005
670,734
670,735
358,10
358,11
850,451
850,452
881,710
881,711
553,193
553,194
804,1000
804,1001
856,607
856,608
67,540
67,541
749,1003
749,1004
444,666
444,667
562,82
562,83
601,850
601,851
880,234
880,235
585,37
585,38
663,554
663,555
257,984
257,985
832,966
832,967
780,573
780,574
683,471
683,472
226,900
226,901
526,316
526,317
593,47
593,48
417,525
417,526
283,490
283,491
1012,610
1012,611
276,591
276,592
739,506
739,507
323,480
323,481
318,662
318,663
573,217
573,218
458,822
458,823
408,144
408,145
877,969
877,970
963,311
963,312
973,856
973,857
338,634
338,635
558,351
558,352
215,974
215,975
489,490
489,491
974,173
974,174
740,983
740,984
958,564
958,565
340,222
340,223
680,23
680,24
527,677
527,678
310,591
310,592
1012,276
1012,277
278,755
278,756
820,92
820,93
392,741
392,742
110,966
110,967
803,485
803,486
558,175
558,176
422,908
422,909
567,991
567,992
996,528
996,529
393,582
393,583
408,857
408,858
397,378
397,379
486,168
486,169
362,573
362,574
303,916
303,917
311,138
311,139
1024,871
1024,872
441,673
441,674
1011,145
1011,146
675,683
675,684
406,1004
406,1005
258,873
258,874
850,532
850,533
266,93
266,94
974,961
974,962
429,874
429,875
486,591
486,592
690,247
690,248
371,236
371,237
294,515
294,516
157,868
157,869
568,716
568,717
558,616
558,617
1009,520
1009,521
106,530
106,531
772,376
772,377
851,93
851,94
756,584
756,585
190,969
190,970
1000,695
1000,696
898,322
898,323
820,509
820,510
358,185
358,186
444,14
444,15
483,525
483,526
446,846
446,847
844,397
844,398
233,985
233,986
634,332
634,333
298,508
298,509
773,92
773,93
322,621
322,622
134,912
134,913
459,667
459,668
311,744
311,745
773,706
773,707
796,152
796,153
1013,885
1013,886
780,615
780,616
396,48
396,49
1009,130
1009,131
765,370
765,371
992,156
992,157
369,242
369,243
487,720
487,721
870,243
870,244
541,604
541,605
320,782
320,783
496,138
496,139
287,61
287,62
956,269
956,270
561,133
561,134
475,444
475,445
706,1009
706,1010
776,219
776,220
486,239
486,240
377,278
377,279
1023,373
1023,374
1017,489
1017,490
495,462
495,463
963,262
963,263
1016,156
1016,157
850,966
850,967
311,614
311,615
891,605
891,606
479,525
479,526
620,587
620,588
540,739
540,740
639,249
639,250
706,450
706,451
772,886
772,887
412,29
412,30
936,1002
936,1003
668,696
668,697
721,95
721,96
984,734
984,735
679,768
679,769
556,922
556,923
301,37
301,38
299,62
299,63
815,673
815,674
344,984
344,985
303,839
303,840
830,856
830,857
437,575
437,576
969,934
969,935
461,827
461,828
804,577
804,578
278,907
278,908
330,522
330,523
659,446
659,447
320,742
320,743
404,59
404,60
326,41
326,42
468,177
468,178
1023,297
1023,298
461,195
461,196
697,983
697,984
959,991
959,992
280,561
280,562
618,156
618,157
463,601
463,602
799,917
799,918
254,952
254,953
859,542
859,543
317,195
317,196
287,1015
287,1016
697,650
697,651
985,957
985,958
229,981
229,982
741,556
741,557
860,705
860,706
304,894
304,895
385,566
385,567
570,693
570,694
468,24
468,25
661,698
661,699
289,670
289,671
688,995
688,996
417,231
417,232
422,435
422,436
1014,297
1014,298
202,965
202,966
850,812
850,813
1004,302
1004,303
349,884
349,885
881,618
881,619
894,362
894,363
828,489
828,490
676,572
676,573
785,370
785,371
262,732
262,733
551,697
551,698
833,986
833,987
912,570
912,571
640,735
640,736
408,206
408,207
863,1018
863,1019
303,830
303,831
440,339
440,340
461,235
461,236
876,109
876,110
845,965
845,966
793,55
793,56
810,498
810,499
909,694
909,695
964,453
964,454
810,516
810,517
776,436
776,437
422,272
422,273
330,548
330,549
618,598
618,599
459,32
459,33
682,293
682,294
626,744
626,745
370,690
370,691
370,632
370,633
643,572
643,573
638,408
638,409
268,958
268,959
1011,879
1011,880
785,856
785,857
798,952
798,953
518,269
518,270
109,996
109,997
474,898
474,899
286,351
286,352
327,888
327,889
480,159
480,160
520,834
520,835
845,130
845,131
766,233
766,234
354,630
354,631
267,558
267,559
937,346
937,347
903,535
903,536
463,558
463,559
203,898
203,899
495,281
495,282
853,812
853,813
426,397
426,398
643,209
643,210
580,137
580,138
384,100
384,101
318,459
318,460
871,707
871,708
524,951
524,952
854,230
854,231
819,744
819,745
608,71
608,72
856,700
856,701
48,1022
48,1023
839,628
839,629
558,719
558,720
682,244
682,245
447,270
447,271
1017,517
1017,518
593,649
593,650
469,912
469,913
653,760
653,761
517,724
517,725
724,740
724,741
284,675
284,676
403,53
403,54
1011,338
1011,339
546,695
546,696
169,985
169,986
383,524
383,525
1008,512
1008,513
393,570
393,571
867,321
867,322
380,366
380,367
517,675
517,676
982,126
982,127
624,121
624,122
779,579
779,580
123,990
123,991
509,776
509,777
616,605
616,606
13,949
13,950
656,769
656,770
205,942
205,943
340,557
340,558
489,807
489,808
1017,205
1017,206
675,502
675,503
1011,595
1011,596
444,792
444,793
401,408
401,409
950,649
950,650
944,327
944,328
435,976
435,977
662,221
662,222
438,378
438,379
406,305
406,306
266,121
266,122
103,532
103,533
907,136
907,137
276,890
276,891
932,576
932,577
818,339
818,340
887,638
887,639
399,32
399,33
432,625
432,626
876,356
876,357
467,339
467,340
301,502
301,503
549,249
549,250
820,86
820,87
369,485
369,486
269,905
269,906
838,744
838,745
578,945
578,946
1000,691
1000,692
713,186
713,187
329,591
329,592
349,434
349,435
366,609
366,610
963,332
963,333
334,921
334,922
570,814
570,815
1018,868
1018,869
500,4
500,5
497,76
497,77
687,191
687,192
885,704
885,705
314,295
314,296
668,252
668,253
269,43
269,44
277,453
277,454
1015,578
1015,579
719,206
719,207
976,467
976,468
796,475
796,476
976,241
976,242
845,326
845,327
1024,404
1024,405
900,305
900,306
277,732
277,733
757,672
757,673
611,963
611,964
432,839
432,840
614,1001
614,1002
546,190
546,191
708,374
708,375
611,20
611,21
383,310
383,311
619,890
619,891
819,503
819,504
721,757
721,758
679,282
679,283
537,758
537,759
218,932
218,933
586,625
586,626
824,24
824,25
1011,661
1011,662
803,456
803,457
413,379
413,380
76,538
76,539
521,481
521,482
736,864
736,865
751,394
751,395
615,940
615,941
758,618
758,619
647,432
647,433
353,153
353,154
345,842
345,843
795,657
795,658
759,829
759,830
832,153
832,154
511,53
511,54
964,3
964,4
737,859
737,860
928,971
928,972
353,508
353,509
274,793
274,794
331,363
331,364
1024,695
1024,696
993,513
993,514
755,871
755,872
907,579
907,580
280,900
280,901
443,545
443,546
609,717
609,718
980,815
980,816
315,36
315,37
419,285
419,286
673,1016
673,1017
475,319
475,320
838,641
838,642
770,848
770,849
559,642
559,643
672,558
672,559
812,438
812,439
137,817
137,818
1023,141
1023,142
790,554
790,555
1008,689
1008,690
439,416
439,417
371,44
371,45
315,975
315,976
342,977
342,978
283,945
283,946
423,787
423,788
406,332
406,333
488,846
488,847
397,645
397,646
631,310
631,311
626,756
626,757
672,91
672,92
506,492
506,493
722,39
722,40
936,263
936,264
650,421
650,422
461,191
461,192
628,717
628,718
1018,172
1018,173
541,67
541,68
921,551
921,552
774,618
774,619
466,47
466,48
19,1014
19,1015
563,679
563,680
262,885
262,886
486,787
486,788
536,494
536,495
788,230
788,231
838,164
838,165
441,438
441,439
60,965
60,966
583,854
583,855
424,42
424,43
764,228
764,229
366,326
366,327
866,752
866,753
576,731
576,732
783,521
783,522
699,358
699,359
968,276
968,277
502,542
502,543
950,642
950,643
1019,489
1019,490
715,476
715,477
876,433
876,434
764,945
764,946
946,950
946,951
734,42
734,43
468,479
468,480
260,430
260,431
740,355
740,356
359,44
359,45
876,368
876,369
967,977
967,978
879,39
879,40
366,857
366,858
259,207
259,208
887,710
887,711
417,481
417,482
299,464
299,465
851,799
851,800
567,688
567,689
995,549
995,550
879,784
879,785
586,1002
586,1003
506,76
506,77
509,480
509,481
562,350
562,351
337,1002
337,1003
396,920
396,921
779,447
779,448
331,751
331,752
512,797
512,798
651,1011
651,1012
762,330
762,331
921,612
921,613
66,547
66,548
558,127
558,128
61,537
61,538
939,316
939,317
731,903
731,904
683,724
683,725
391,72
391,73
935,112
935,113
534,538
534,539
913,345
913,346
151,957
151,958
346,419
346,420
717,453
717,454
740,144
740,145
1008,339
1008,340
554,683
554,684
837,893
837,894
473,209
473,210
757,750
757,751
493,340
493,341
1024,574
1024,575
768,860
768,861
628,937
628,938
904,479
904,480
301,381
301,382
587,978
587,979
999,148
999,149
331,159
331,160
650,327
650,328
692,985
692,986
909,820
909,821
190,990
190,991
775,197
775,198
785,975
785,976
566,310
566,311
477,176
477,177
820,68
820,69
1004,1023
1004,1024
303,68
303,69
657,529
657,530
521,147
521,148
1005,513
1005,514
604,866
604,867
442,170
442,171
709,246
709,247
738,765
738,766
425,507
425,508
288,745
288,746
518,149
518,150
684,494
684,495
844,847
844,848
500,53
500,54
154,825
154,826
430,232
430,233
991,480
991,481
833,23
833,24
785,521
785,522
601,926
601,927
289,635
289,636
341,380
341,381
867,737
867,738
848,549
848,550
276,701
276,702
602,292
602,293
514,342
514,343
602,903
602,904
1021,182
1021,183
751,571
751,572
430,534
430,535
544,910
544,911
683,166
683,167
411,244
411,245
799,496
799,497
415,324
415,325
486,98
486,99
701,949
701,950
957,580
957,581
447,911
447,912
768,237
768,238
646,307
646,308
432,474
432,475
823,656
823,657
861,229
861,230
801,952
801,953
524,345
524,346
844,256
844,257
923,859
923,860
512,682
512,683
797,284
797,285
743,406
743,407
630,498
630,499
613,830
613,831
437,624
437,625
674,727
674,728
1019,109
1019,110
854,166
854,167
740,940
740,941
722,166
722,167
54,1010
54,1011
829,663
829,664
879,858
879,859
717,825
717,826
1023,701
1023,702
1005,169
1005,170
656,621
656,622
995,329
995,330
684,198
684,199
749,981
749,982
158,824
158,825
957,313
957,314
451,187
451,188
777,55
777,56
894,641
894,642
636,325
636,326
758,200
758,201
578,887
578,888
957,883
957,884
347,63
347,64
397,225
397,226
611,146
611,147
881,688
881,689
396,180
396,181
613,485
613,486
391,532
391,533
546,151
546,152
965,776
965,777
573,654
573,655
432,637
432,638
352,741
352,742
549,464
549,465
844,573
844,574
355,10
355,11
309,882
309,883
791,22
791,23
394,530
394,531
477,723
477,724
381,26
381,27
635,386
635,387
627,580
627,581
288,369
288,370
355,958
355,959
433,149
433,150
655,829
655,830
363,524
363,525
993,516
993,517
598,293
598,294
529,1021
529,1022
862,715
862,716
265,933
265,934
599,856
599,857
617,934
617,935
655,216
655,217
448,462
448,463
621,499
621,500
738,573
738,574
992,485
992,486
1006,777
1006,778
426,977
426,978
1021,707
1021,708
813,897
813,898
273,811
273,812
395,511
395,512
742,568
742,569
749,66
749,67
781,436
781,437
803,500
803,501
590,420
590,421
195,892
195,893
856,329
856,330
364,287
364,288
512,671
512,672
970,429
970,430
266,478
266,479
409,594
409,595
707,944
707,945
702,666
702,667
570,36
570,37
948,972
948,973
989,442
989,443
811,165
811,166
472,62
472,63
432,522
432,523
137,834
137,835
759,715
759,716
156,878
156,879
811,465
811,466
424,441
424,442
870,380
870,381
856,952
856,953
687,804
687,805
314,585
314,586
409,576
409,577
874,800
874,801
531,841
531,842
1016,469
1016,470
955,938
955,939
924,770
924,771
588,995
588,996
792,67
792,68
747,663
747,664
494,100
494,101
883,605
883,606
323,929
323,930
269,22
269,23
782,64
782,65
589,69
589,70
633,963
633,964
855,564
855,565
599,965
599,966
951,665
951,666
939,415
939,416
292,351
292,352
1007,1023
1007,1024
820,230
820,231
887,836
887,837
194,807
194,808
471,468
471,469
474,653
474,654
318,640
318,641
1012,921
1012,922
419,470
419,471
557,90
557,91
173,830
173,831
629,978
629,979
346,560
346,561
287,56
287,57
607,677
607,678
552,267
552,268
484,559
484,560
696,25
696,26
599,889
599,890
559,834
559,835
613,112
613,113
664,653
664,654
763,480
763,481
318,683
318,684
2,991
2,992
721,118
721,119
289,290
289,291
379,942
379,943
1021,5
1021,6
645,837
645,838
253,863
253,864
697,561
697,562
1006,694
1006,695
446,322
446,323
641,670
641,671
368,620
368,621
813,234
813,235
509,102
509,103
366,255
366,256
744,107
744,108
768,997
768,998
627,739
627,740
458,21
458,22
694,9
694,10
395,591
395,592
591,1021
591,1022
465,578
465,579
294,782
294,783
648,275
648,276
890,648
890,649
429,786
429,787
368,588
368,589
449,698
449,699
885,682
885,683
716,946
716,947
925,2
925,3
1017,900
1017,901
317,169
317,170
1018,330
1018,331
510,808
510,809
890,709
890,710
559,647
559,648
277,442
277,443
989,470
989,471
390,430
390,431
283,473
283,474
810,434
810,435
988,222
988,223
448,666
448,667
977,763
977,764
1007,213
1007,214
632,920
632,921
496,172
496,173
550,671
550,672
429,194
429,195
430,461
430,462
311,270
311,271
840,195
840,196
327,526
327,527
395,467
395,468
284,682
284,683
624,1014
624,1015
302,753
302,754
630,419
630,420
725,347
725,348
930,206
930,207
834,866
834,867
491,183
491,184
31,1022
31,1023
665,251
665,252
1016,423
1016,424
886,654
886,655
627,914
627,915
477,461
477,462
887,589
887,590
847,17
847,18
290,248
290,249
278,955
278,956
324,502
324,503
420,804
420,805
451,149
451,150
51,546
51,547
485,164
485,165
714,310
714,311
354,930
354,931
691,514
691,515
880,332
880,333
732,822
732,823
455,209
455,210
711,990
711,991
376,662
376,663
555,730
555,731
403,41
403,42
531,398
531,399
300,727
300,728
348,111
348,112
459,620
459,621
319,271
319,272
569,212
569,213
1004,964
1004,965
564,734
564,735
851,137
851,138
670,10
670,11
805,129
805,130
331,346
331,347
299,123
299,124
493,863
493,864
758,1021
758,1022
848,616
848,617
380,606
380,607
389,244
389,245
334,931
334,932
623,980
623,981
984,717
984,718
472,489
472,490
424,415
424,416
495,28
495,29
713,76
713,77
36,949
36,950
578,84
578,85
655,857
655,858
394,82
394,83
257,886
257,887
810,171
810,172
721,199
721,200
426,983
426,984
794,103
794,104
986,727
986,728
833,133
833,134
681,581
681,582
986,1001
986,1002
344,934
344,935
810,186
810,187
629,470
629,471
800,282
800,283
888,370
888,371
472,663
472,664
382,216
382,217
753,405
753,406
321,919
321,920
617,84
617,85
665,319
665,320
864,381
864,382
433,79
433,80
919,361
919,362
313,323
313,324
849,505
849,506
807,659
807,660
642,868
642,869
507,266
507,267
627,251
627,252
451,610
451,611
780,999
780,1000
859,896
859,897
710,34
710,35
929,741
929,742
635,769
635,770
871,752
871,753
934,559
934,560
939,941
939,942
874,541
874,542
322,13
322,14
289,126
289,127
314,114
314,115
304,594
304,595
382,583
382,584
409,571
409,572
902,907
902,908
226,964
226,965
346,589
346,590
324,199
324,200
776,49
776,50
290,525
290,526
984,553
984,554
146,908
146,909
306,796
306,797
762,934
762,935
865,426
865,427
618,265
618,266
888,626
888,627
841,257
841,258
305,430
305,431
992,331
992,332
710,213
710,214
393,67
393,68
711,372
711,373
713,471
713,472
577,966
577,967
535,791
535,792
976,225
976,226
466,656
466,657
282,188
282,189
450,631
450,632
682,67
682,68
719,319
719,320
569,289
569,290
570,276
570,277
402,612
402,613
827,117
827,118
633,896
633,897
839,803
839,804
676,818
676,819
711,258
711,259
356,486
356,487
770,193
770,194
832,104
832,105
883,306
883,307
296,169
296,170
484,283
484,284
897,301
897,302
584,404
584,405
254,820
254,821
385,890
385,891
497,236
497,237
507,145
507,146
632,755
632,756
325,812
325,813
952,29
952,30
395,377
395,378
893,570
893,571
643,379
643,380
990,144
990,145
713,15
713,16
281,906
281,907
513,735
513,736
532,654
532,655
931,540
931,541
195,933
195,934
599,917
599,918
607,997
607,998
752,209
752,210
529,376
529,377
793,72
793,73
421,224
421,225
621,959
621,960
536,972
536,973
747,248
747,249
565,404
565,405
248,810
248,811
872,22
872,23
194,962
194,963
498,181
498,182
803,583
803,584
347,874
347,875
554,604
554,605
826,401
826,402
459,602
459,603
158,879
158,880
362,492
362,493
707,66
707,67
829,340
829,341
638,763
638,764
697,453
697,454
1003,317
1003,318
336,157
336,158
388,171
388,172
681,621
681,622
932,560
932,561
399,192
399,193
515,774
515,775
291,374
291,375
375,48
375,49
588,904
588,905
768,24
768,25
1013,862
1013,863
839,343
839,344
957,980
957,981
978,571
978,572
779,539
779,540
336,481
336,482
165,845
165,846
510,26
510,27
473,637
473,638
406,621
406,622
323,243
323,244
909,672
909,673
576,408
576,409
479,127
479,128
527,972
527,973
778,530
778,531
672,37
672,38
1023,138
1023,139
740,473
740,474
149,978
149,979
713,121
713,122
700,200
700,201
706,313
706,314
484,912
484,913
871,734
871,735
819,185
819,186
432,138
432,139
153,810
153,811
800,415
800,416
792,60
792,61
558,725
558,726
785,203
785,204
281,932
281,933
821,771
821,772
494,138
494,139
869,341
869,342
592,758
592,759
622,970
622,971
772,60
772,61
622,132
622,133
391,357
391,358
647,225
647,226
953,904
953,905
657,502
657,503
797,968
797,969
553,627
553,628
664,187
664,188
333,705
333,706
1024,607
1024,608
352,690
352,691
411,221
411,222
438,602
438,603
321,993
321,994
338,558
338,559
285,270
285,271
134,841
134,842
555,680
555,681
401,464
401,465
959,795
959,796
740,250
740,251
943,278
943,279
981,409
981,410
890,554
890,555
435,285
435,286
581,274
581,275
350,209
350,210
330,632
330,633
322,935
322,936
740,462
740,463
537,676
537,677
314,891
314,892
1006,764
1006,765
267,418
267,419
928,814
928,815
893,846
893,847
968,486
968,487
323,396
323,397
638,507
638,508
674,819
674,820
804,692
804,693
837,554
837,555
789,473
789,474
813,516
813,517
345,35
345,36
865,884
865,885
922,305
922,306
470,398
470,399
626,39
626,40
862,163
862,164
706,690
706,691
677,1016
677,1017
787,220
787,221
709,510
709,511
935,898
935,899
960,460
960,461
599,233
599,234
530,660
530,661
979,618
979,619
456,575
456,576
517,681
517,682
861,952
861,953
677,726
677,727
715,399
715,400
849,247
849,248
696,829
696,830
433,172
433,173
844,497
844,498
320,53
320,54
790,17
790,18
581,231
581,232
811,493
811,494
655,814
655,815
670,14
670,15
709,229
709,230
923,332
923,333
712,858
712,859
540,783
540,784
276,694
276,695
443,430
443,431
306,505
306,506
686,554
686,555
982,5
982,6
546,81
546,82
643,390
643,391
629,897
629,898
802,544
802,545
395,888
395,889
435,778
435,779
273,294
273,295
559,698
559,699
652,103
652,104
872,860
872,861
434,774
434,775
311,295
311,296
981,300
981,301
540,317
540,318
472,528
472,529
556,354
556,355
881,590
881,591
451,1016
451,1017
781,244
781,245
348,451
348,452
415,625
415,626
666,248
666,249
463,920
463,921
855,646
855,647
746,93
746,94
1024,45
1024,46
440,170
440,171
258,1005
258,1006
649,623
649,624
898,981
898,982
560,680
560,681
857,351
857,352
253,887
253,888
609,63
609,64
392,635
392,636
974,977
974,978
1007,113
1007,114
549,539
549,540
759,501
759,502
371,243
371,244
349,955
349,956
709,937
709,938
498,186
498,187
979,615
979,616
930,753
930,754
703,1013
703,1014
451,655
451,656
464,179
464,180
21,953
21,954
324,954
324,955
806,204
806,205
307,740
307,741
393,549
393,550
666,695
666,696
853,368
853,369
695,458
695,459
1011,528
1011,529
842,704
842,705
832,653
832,654
432,433
432,434
510,604
510,605
620,686
620,687
359,940
359,941
723,856
723,857
271,915
271,916
504,546
504,547
833,44
833,45
814,694
814,695
403,201
403,202
1001,50
1001,51
818,180
818,181
869,320
869,321
302,588
302,589
889,622
889,623
619,385
619,386
592,782
592,783
986,715
986,716
930,945
930,946
759,973
759,974
521,777
521,778
683,7
683,8
732,617
732,618
617,100
617,101
616,589
616,590
480,131
480,132
880,635
880,636
287,24
287,25
776,989
776,990
350,692
350,693
656,414
656,415
800,91
800,92
490,551
490,552
979,537
979,538
479,620
479,621
672,737
672,738
562,98
562,99
950,927
950,928
763,467
763,468
680,502
680,503
282,468
282,469
330,164
330,165
925,151
925,152
1006,399
1006,400
850,456
850,457
945,201
945,202
456,428
456,429
924,824
924,825
685,533
685,534
192,821
192,822
848,693
848,694
344,988
344,989
865,568
865,569
809,630
809,631
655,626
655,627
632,402
632,403
333,963
333,964
979,344
979,345
7,972
7,973
592,408
592,409
1004,334
1004,335