532,526
533,526
873,759
874,759
819,309
820,309
676,653
677,653
656,727
657,727
480,571
481,571
523,972
524,972
445,560
446,560
289,623
290,623
494,727
495,727
430,338
431,338
526,893
527,893
62,949
63,949
490,623
491,623
400,340
401,340
555,302
556,302
936,585
937,585
316,182
317,182
922,154
923,154
406,104
407,104
918,409
919,409
885,636
886,636
824,1012
825,1012
404,73
405,73
287,519
288,519
47,818
48,818
290,24
291,24
556,638
557,638
994,679
995,679
897,419
898,419
299,478
300,478
309,112
310,112
783,565
784,565
377,576
378,576
600,431
601,431
885,669
886,669
665,979
666,979
474,476
475,476
712,457
713,457
682,531
683,531
558,394
559,394
424,23
425,23
583,738
584,738
366,655
367,655
645,305
646,305
269,678
270,678
104,266
105,266
381,214
382,214
635,854
636,854
668,67
669,67
430,284
431,284
317,8
318,8
945,50
946,50
1009,680
1010,680
963,636
964,636
389,662
390,662
870,189
871,189
369,388
370,388
416,545
417,545
482,719
483,719
882,356
883,356
985,172
986,172
366,771
367,771
871,388
872,388
1022,869
1023,869
209,820
210,820
9,1002
10,1002
712,584
713,584
699,6
700,6
579,1022
580,1022
600,815
601,815
926,301
927,301
414,693
415,693
499,75
500,75
655,444
656,444
477,343
478,343
529,270
530,270
800,833
801,833
347,20
348,20
734,846
735,846
869,930
870,930
623,124
624,124
304,602
305,602
715,358
716,358
830,205
831,205
426,702
427,702
599,672
600,672
702,765
703,765
864,668
865,668
618,979
619,979
676,593
677,593
666,229
667,229
790,260
791,260
576,406
577,406
885,1002
886,1002
881,845
882,845
51,990
52,990
907,229
908,229
447,734
448,734
273,768
274,768
600,249
601,249
532,932
533,932
576,54
577,54
996,102
997,102
632,499
633,499
611,598
612,598
340,933
341,933
834,150
835,150
81,978
82,978
812,338
813,338
988,438
989,438
929,10
930,10
338,917
339,917
273,494
274,494
549,39
550,39
309,808
310,808
750,671
751,671
844,564
845,564
379,347
380,347
341,844
342,844
580,469
581,469
785,777
786,777
286,748
287,748
629,763
630,763
494,574
495,574
286,5
287,5
971,877
972,877
841,138
842,138
487,526
488,526
969,136
970,136
637,876
638,876
281,203
282,203
859,194
860,194
341,910
342,910
718,866
719,866
486,911
487,911
486,493
487,493
620,295
621,295
879,830
880,830
847,285
848,285
681,1001
682,1001
465,608
466,608
914,939
915,939
872,364
873,364
984,1009
985,1009
845,334
846,334
585,429
586,429
614,565
615,565
802,503
803,503
686,983
687,983
607,944
608,944
262,349
263,349
712,539
713,539
289,218
290,218
780,242
781,242
591,747
592,747
964,631
965,631
682,635
683,635
210,976
211,976
470,689
471,689
623,299
624,299
350,876
351,876
542,583
543,583
978,650
979,650
659,987
660,987
811,410
812,410
604,930
605,930
443,423
444,423
572,718
573,718
889,963
890,963
424,186
425,186
770,265
771,265
872,804
873,804
587,697
588,697
442,194
443,194
718,793
719,793
811,441
812,441
585,682
586,682
749,310
750,310
369,202
370,202
676,499
677,499
582,91
583,91
701,497
702,497
1002,275
1003,275
315,644
316,644
809,525
810,525
297,548
298,548
840,341
841,341
750,704
751,704
670,17
671,17
970,98
971,98
758,887
759,887
798,888
799,888
951,995
952,995
533,28
534,28
791,968
792,968
846,355
847,355
761,886
762,886
798,254
799,254
401,832
402,832
361,959
362,959
274,39
275,39
810,699
811,699
800,866
801,866
835,508
836,508
646,670
647,670
282,525
283,525
740,778
741,778
360,597
361,597
869,1018
870,1018
610,840
611,840
337,709
338,709
49,259
50,259
480,847
481,847
408,378
409,378
380,1024
381,1024
457,545
458,545
922,801
923,801
446,443
447,443
671,249
672,249
605,940
606,940
342,619
343,619
574,864
575,864
354,786
355,786
417,75
418,75
408,296
409,296
278,1018
279,1018
711,211
712,211
262,925
263,925
400,784
401,784
714,992
715,992
596,228
597,228
947,609
948,609
734,406
735,406
676,773
677,773
1011,964
1012,964
714,588
715,588
472,273
473,273
303,728
304,728
389,333
390,333
822,516
823,516
1007,943
1008,943
621,649
622,649
315,24
316,24
102,818
103,818
350,917
351,917
541,863
542,863
773,35
774,35
334,326
335,326
671,304
672,304
131,850
132,850
772,42
773,42
307,568
308,568
940,7
941,7
758,916
759,916
804,300
805,300
643,273
644,273
541,64
542,64
853,830
854,830
257,849
258,849
735,871
736,871
554,1001
555,1001
324,782
325,782
570,959
571,959
842,357
843,357
691,1010
692,1010
508,340
509,340
621,66
622,66
632,1009
633,1009
486,620
487,620
343,576
344,576
441,976
442,976
457,524
458,524
930,557
931,557
1014,192
1015,192
722,820
723,820
864,549
865,549
842,663
843,663
912,716
913,716
352,710
353,710
438,371
439,371
285,15
286,15
494,37
495,37
365,842
366,842
367,980
368,980
559,113
560,113
913,206
914,206
260,191
261,191
420,817
421,817
397,655
398,655
910,918
911,918
511,964
512,964
811,168
812,168
831,501
832,501
933,606
934,606
923,29
924,29
933,726
934,726
505,791
506,791
920,992
921,992
898,747
899,747
572,684
573,684
833,496
834,496
415,442
416,442
484,542
485,542
324,761
325,761
959,266
960,266
637,422
638,422
434,1018
435,1018
750,726
751,726
438,579
439,579
802,38
803,38
780,522
781,522
286,782
287,782
283,163
284,163
346,460
347,460
537,776
538,776
696,241
697,241
561,117
562,117
529,657
530,657
930,794
931,794
761,291
762,291
360,845
361,845
921,555
922,555
705,738
706,738
168,819
169,819
492,952
493,952
403,29
404,29
578,618
579,618
420,182
421,182
823,509
824,509
330,567
331,567
858,703
859,703
312,35
313,35
316,105
317,105
728,835
729,835
989,536
990,536
410,169
411,169
454,424
455,424
382,40
383,40
471,951
472,951
531,998
532,998
633,741
634,741
320,722
321,722
539,376
540,376
324,635
325,635
778,268
779,268
445,690
446,690
600,624
601,624
892,342
893,342
425,224
426,224
270,648
271,648
494,431
495,431
942,385
943,385
828,420
829,420
757,879
758,879
782,202
783,202
413,605
414,605
812,994
813,994
179,967
180,967
75,548
76,548
944,1019
945,1019
664,333
665,333
826,847
827,847
677,527
678,527
288,8
289,8
993,241
994,241
422,920
423,920
688,25
689,25
263,896
264,896
803,859
804,859
546,66
547,66
698,530
699,530
388,152
389,152
327,975
328,975
648,20
649,20
718,1023
719,1023
888,859
889,859
394,218
395,218
395,599
396,599
773,934
774,934
494,25
495,25
635,470
636,470
852,327
853,327
894,747
895,747
767,836
768,836
364,921
365,921
808,279
809,279
828,699
829,699
770,282
771,282
351,820
352,820
850,513
851,513
726,459
727,459
414,446
415,446
629,1009
630,1009
303,384
304,384
489,67
490,67
482,429
483,429
854,529
855,529
374,579
375,579
882,599
883,599
620,936
621,936
803,81
804,81
391,983
392,983
227,846
228,846
958,973
959,973
722,207
723,207
454,863
455,863
456,639
457,639
10,263
11,263
808,219
809,219
477,875
478,875
890,782
891,782
984,276
985,276
871,392
872,392
424,785
425,785
351,912
352,912
320,734
321,734
517,520
518,520
1005,479
1006,479
772,357
773,357
263,65
264,65
779,166
780,166
888,280
889,280
630,19
631,19
585,736
586,736
674,588
675,588
979,292
980,292
347,580
348,580
506,270
507,270
900,474
901,474
383,510
384,510
899,447
900,447
803,241
804,241
501,786
502,786
697,488
698,488
448,323
449,323
611,975
612,975
664,409
665,409
402,362
403,362
506,335
507,335
849,771
850,771
913,285
914,285
48,965
49,965
338,977
339,977
837,873
838,873
946,446
947,446
363,576
364,576
806,76
807,76
1010,247
1011,247
527,790
528,790
914,348
915,348
500,1021
501,1021
268,75
269,75
529,707
530,707
563,468
564,468
873,375
874,375
498,541
499,541
602,622
603,622
559,146
560,146
965,13
966,13
571,65
572,65
301,942
302,942
304,607
305,607
932,334
933,334
1019,326
1020,326
759,171
760,171
652,609
653,609
494,126
495,126
286,42
287,42
303,631
304,631
769,661
770,661
303,389
304,389
723,54
724,54
365,60
366,60
288,649
289,649
645,53
646,53
272,96
273,96
844,221
845,221
265,958
266,958
286,743
287,743
274,806
275,806
485,986
486,986
335,594
336,594
841,522
842,522
788,375
789,375
819,801
820,801
866,854
867,854
812,584
813,584
661,299
662,299
417,106
418,106
66,544
67,544
849,745
850,745
796,545
797,545
721,908
722,908
685,9
686,9
709,987
710,987
802,78
803,78
305,926
306,926
521,199
522,199
520,797
521,797
111,1019
112,1019
991,1
992,1
747,792
748,792
960,956
961,956
471,196
472,196
490,180
491,180
145,845
146,845
747,239
748,239
303,5
304,5
839,931
840,931
917,607
918,607
772,846
773,846
938,606
939,606
317,236
318,236
861,583
862,583
401,144
402,144
559,738
560,738
479,491
480,491
803,854
804,854
411,386
412,386
394,485
395,485
979,10
980,10
456,572
457,572
986,225
987,225
975,787
976,787
1010,254
1011,254
207,911
208,911
268,96
269,96
923,335
924,335
225,923
226,923
589,993
590,993
507,377
508,377
270,80
271,80
1021,20
1022,20
581,316
582,316
693,471
694,471
920,336
921,336
275,55
276,55
1010,28
1011,28
416,172
417,172
713,231
714,231
756,227
757,227
670,757
671,757
874,853
875,853
721,176
722,176
464,806
465,806
82,534
83,534
894,567
895,567
534,225
535,225
383,280
384,280
885,690
886,690
607,511
608,511
502,649
503,649
463,209
464,209
817,890
818,890
867,312
868,312
901,479
902,479
967,379
968,379
663,726
664,726
414,63
415,63
559,81
560,81
803,291
804,291
802,483
803,483
940,883
941,883
853,65
854,65
1023,675
1024,675
628,625
629,625
935,315
936,315
300,552
301,552
231,829
232,829
907,598
908,598
351,919
352,919
738,805
739,805
581,118
582,118
828,130
829,130
826,992
827,992
447,1017
448,1017
399,233
400,233
551,191
552,191
54,547
55,547
654,307
655,307
691,795
692,795
911,941
912,941
442,253
443,253
547,693
548,693
328,519
329,519
876,1006
877,1006
556,268
557,268
362,785
363,785
646,29
647,29
317,462
318,462
341,44
342,44
865,389
866,389
419,620
420,620
577,852
578,852
753,791
754,791
403,357
404,357
866,366
867,366
662,814
663,814
313,326
314,326
577,651
578,651
975,797
976,797
624,419
625,419
450,618
451,618
206,918
207,918
448,109
449,109
449,192
450,192
326,10
327,10
408,333
409,333
298,467
299,467
712,998
713,998
964,380
965,380
308,961
309,961
718,251
719,251
467,805
468,805
873,382
874,382
918,325
919,325
769,853
770,853
440,445
441,445
672,735
673,735
874,322
875,322
659,235
660,235
670,237
671,237
1006,975
1007,975
775,222
776,222
958,97
959,97
784,897
785,897
831,212
832,212
689,600
690,600
704,251
705,251
357,923
358,923
955,994
956,994
310,574
311,574
253,851
254,851
291,475
292,475
797,445
798,445
342,603
343,603
826,973
827,973
645,1015
646,1015
437,571
438,571
888,893
889,893
920,589
921,589
955,431
956,431
593,367
594,367
266,514
267,514
786,1022
787,1022
923,724
924,724
510,1007
511,1007
570,73
571,73
821,100
822,100
665,594
666,594
462,906
463,906
370,250
371,250
323,597
324,597
814,474
815,474
929,586
930,586
894,344
895,344
558,722
559,722
451,712
452,712
363,701
364,701
470,832
471,832
787,208
788,208
355,177
356,177
320,559
321,559
439,528
440,528
307,650
308,650
675,861
676,861
372,875
373,875
202,874
203,874
676,608
677,608
908,196
909,196
948,191
949,191
815,715
816,715
550,926
551,926
738,603
739,603
963,96
964,96
820,406
821,406
548,468
549,468
939,743
940,743
431,469
432,469
866,571
867,571
866,756
867,756
941,398
942,398
581,183
582,183
327,546
328,546
766,469
767,469
501,62
502,62
799,418
800,418
711,813
712,813
438,627
439,627
947,5
948,5
290,583
291,583
333,896
334,896
415,65
416,65
11,542
12,542
625,144
626,144
640,830
641,830
861,320
862,320
398,817
399,817
730,994
731,994
491,531
492,531
844,593
845,593
837,210
838,210
268,704
269,704
266,271
267,271
524,430
525,430
729,314
730,314
940,325
941,325
974,991
975,991
977,821
978,821
293,179
294,179
567,982
568,982
804,176
805,176
784,376
785,376
532,696
533,696
638,849
639,849
943,970
944,970
278,801
279,801
346,480
347,480
472,1008
473,1008
366,569
367,569
318,975
319,975
634,811
635,811
757,575
758,575
923,663
924,663
380,13
381,13
743,5
744,5
644,852
645,852
287,372
288,372
776,461
777,461
439,458
440,458
572,301
573,301
684,720
685,720
546,374
547,374
645,404
646,404
918,484
919,484
557,673
558,673
614,925
615,925
469,487
470,487
860,976
861,976
822,587
823,587
264,891
265,891
329,814
330,814
877,134
878,134
622,169
623,169
694,577
695,577
306,518
307,518
794,593
795,593
622,371
623,371
661,622
662,622
910,898
911,898
343,662
344,662
880,315
881,315
445,182
446,182
534,586
535,586
253,818
254,818
613,498
614,498
965,215
966,215
540,710
541,710
689,469
690,469
581,64
582,64
305,968
306,968
805,832
806,832
17,1006
18,1006
669,56
670,56
624,314
625,314
357,571
358,571
466,684
467,684
981,145
982,145
601,227
602,227
805,585
806,585
825,799
826,799
575,608
576,608
519,81
520,81
790,523
791,523
462,501
463,501
387,273
388,273
390,466
391,466
814,216
815,216
671,457
672,457
1020,950
1021,950
728,715
729,715
304,745
305,745
790,856
791,856
911,937
912,937
489,910
490,910
348,431
349,431
907,481
908,481
900,484
901,484
594,618
595,618
576,678
577,678
619,991
620,991
343,262
344,262
716,812
717,812
255,260
256,260
573,931
574,931
889,657
890,657
472,630
473,630
208,978
209,978
635,842
636,842
763,718
764,718
548,303
549,303
42,532
43,532
347,849
348,849
691,616
692,616
300,215
301,215
844,218
845,218
434,616
435,616
283,5
284,5
649,281
650,281
459,967
460,967
803,76
804,76
1016,44
1017,44
252,830
253,830
996,361
997,361
552,723
553,723
570,139
571,139
458,47
459,47
880,94
881,94
634,974
635,974
786,805
787,805
727,633
728,633
532,569
533,569
740,861
741,861
466,663
467,663
74,1024
75,1024
865,357
866,357
870,891
871,891
780,215
781,215
459,835
460,835
895,918
896,918
873,490
874,490
731,730
732,730
864,477
865,477
730,621
731,621
857,25
858,25
990,531
991,531
810,404
811,404
342,876
343,876
595,683
596,683
497,157
498,157
208,880
209,880
360,501
361,501
639,284
640,284
710,759
711,759
681,15
682,15
303,559
304,559
384,631
385,631
494,398
495,398
616,416
617,416
699,816
700,816
758,379
759,379
396,281
397,281
900,726
901,726
530,714
531,714
416,507
417,507
445,543
446,543
424,586
425,586
708,9
709,9
677,423
678,423
964,302
965,302
849,542
850,542
383,34
384,34
530,466
531,466
336,479
337,479
930,302
931,302
855,780
856,780
946,462
947,462
806,163
807,163
777,616
778,616
935,278
936,278
965,340
966,340
300,784
301,784
398,702
399,702
338,501
339,501
991,126
992,126
624,19
625,19
654,930
655,930
297,253
298,253
511,543
512,543
967,445
968,445
689,965
690,965
19,978
20,978
449,202
450,202
934,590
935,590
158,942
159,942
657,624
658,624
757,252
758,252
957,589
958,589
372,545
373,545
934,903
935,903
614,229
615,229
311,577
312,577
391,282
392,282
533,647
534,647
913,229
914,229
557,76
558,76
779,526
780,526
581,124
582,124
116,990
117,990
257,911
258,911
940,390
941,390
317,484
318,484
347,979
348,979
659,591
660,591
685,381
686,381
909,191
910,191
681,995
682,995
996,624
997,624
856,243
857,243
229,814
230,814
401,188
402,188
370,350
371,350
27,996
28,996
783,333
784,333
806,783
807,783
378,198
379,198
511,612
512,612
854,627
855,627
901,510
902,510
801,508
802,508
448,602
449,602
673,654
674,654
599,327
600,327
328,782
329,782
447,429
448,429
545,264
546,264
934,47
935,47
582,288
583,288
609,483
610,483
707,283
708,283
423,583
424,583
386,338
387,338
827,135
828,135
893,662
894,662
274,66
275,66
2,1020
3,1020
664,536
665,536
735,653
736,653
523,567
524,567
714,565
715,565
281,916
282,916
669,825
670,825
858,834
859,834
904,592
905,592
331,721
332,721
131,893
132,893
862,570
863,570
465,692
466,692
803,144
804,144
618,946
619,946
809,437
810,437
405,645
406,645
223,831
224,831
863,470
864,470
583,891
584,891
792,518
793,518
730,217
731,217
1021,688
1022,688
616,66
617,66
721,23
722,23
360,13
361,13
372,760
373,760
42,988
43,988
582,48
583,48
678,296
679,296
956,157
957,157
582,1000
583,1000
829,240
830,240
478,1000
479,1000
956,36
957,36
311,868
312,868
449,804
450,804
287,952
288,952
949,308
950,308
369,372
370,372
883,873
884,873
770,1021
771,1021
873,69
874,69
684,25
685,25
767,37
768,37
492,931
493,931
641,458
642,458
1002,270
1003,270
568,56
569,56
822,253
823,253
790,660
791,660
397,337
398,337
1013,247
1014,247
812,267
813,267
618,629
619,629
357,496
358,496
171,818
172,818
631,478
632,478
607,286
608,286
597,1002
598,1002
690,764
691,764
695,12
696,12
630,813
631,813
365,888
366,888
922,970
923,970
598,209
599,209
695,45
696,45
567,911
568,911
806,234
807,234
104,949
105,949
548,729
549,729
133,823
134,823
408,10
409,10
690,380
691,380
492,685
493,685
636,800
637,800
951,225
952,225
303,739
304,739
944,800
945,800
774,364
775,364
620,721
621,721
875,545
876,545
450,70
451,70
670,677
671,677
474,646
475,646
528,696
529,696
774,206
775,206
738,691
739,691
929,186
930,186
818,446
819,446
890,639
891,639
1023,961
1024,961
637,1013
638,1013
327,54
328,54
641,372
642,372
494,847
495,847
712,237
713,237
582,70
583,70
488,7
489,7
858,209
859,209
884,571
885,571
987,504
988,504
555,776
556,776
1015,10
1016,10
664,780
665,780
698,618
699,618
485,62
486,62
46,993
47,993
491,963
492,963
272,609
273,609
827,295
828,295
977,815
978,815
1017,305
1018,305
752,270
753,270
1010,362
1011,362
281,471
282,471
867,691
868,691
484,703
485,703
484,346
485,346
791,387
792,387
350,508
351,508
777,281
778,281
276,911
277,911
340,553
341,553
587,298
588,298
460,868
461,868
800,848
801,848
487,209
488,209
436,984
437,984
947,7
948,7
206,897
207,897
443,570
444,570
902,977
903,977
842,654
843,654
591,980
592,980
655,455
656,455
448,778
449,778
624,163
625,163
604,924
605,924
432,646
433,646
861,253
862,253
516,267
517,267
920,380
921,380
468,800
469,800
668,408
669,408
911,504
912,504
138,268
139,268
511,531
512,531
815,451
816,451
229,977
230,977
606,68
607,68
935,24
936,24
790,506
791,506
672,88
673,88
182,967
183,967
480,692
481,692
1011,269
1012,269
999,146
1000,146
410,782
411,782
816,485
817,485
840,363
841,363
673,428
674,428
888,350
889,350
932,53
933,53
775,3
776,3
440,784
441,784
572,723
573,723
927,297
928,297
645,764
646,764
188,835
189,835
300,456
301,456
570,94
571,94
783,404
784,404
495,85
496,85
384,23
385,23
528,736
529,736
882,62
883,62
245,1022
246,1022
572,981
573,981
594,607
595,607
403,5
404,5
422,281
423,281
937,776
938,776
768,244
769,244
587,674
588,674
271,616
272,616
600,892
601,892
57,979
58,979
216,964
217,964
932,299
933,299
636,745
637,745
493,207
494,207
984,532
985,532
526,298
527,298
715,506
716,506
740,854
741,854
707,37
708,37
391,393
392,393
146,954
147,954
830,465
831,465
776,1008
777,1008
844,930
845,930
1022,25
1023,25
413,432
414,432
825,339
826,339
811,228
812,228
975,48
976,48
604,232
605,232
552,762
553,762
256,964
257,964
694,991
695,991
406,66
407,66
639,524
640,524
599,414
600,414
886,652
887,652
584,753
585,753
416,360
417,360
408,311
409,311
986,740
987,740
891,10
892,10
686,222
687,222
760,252
761,252
736,68
737,68
309,377
310,377
343,581
344,581
461,840
462,840
396,283
397,283
450,344
451,344
647,244
648,244
807,267
808,267
843,166
844,166
492,1007
493,1007
445,624
446,624
1012,258
1013,258
954,919
955,919
789,662
790,662
954,941
955,941
132,888
133,888
648,1009
649,1009
562,145
563,145
530,531
531,531
628,929
629,929
291,228
292,228
814,562
815,562
836,78
837,78
245,974
246,974
356,518
357,518
757,374
758,374
739,258
740,258
149,813
150,813
705,616
706,616
469,531
470,531
675,197
676,197
303,909
304,909
350,524
351,524
705,332
706,332
407,72
408,72
373,660
374,660
399,452
400,452
801,488
802,488
583,572
584,572
634,12
635,12
814,150
815,150
656,476
657,476
630,1014
631,1014
303,72
304,72
1000,661
1001,661
858,741
859,741
933,492
934,492
359,904
360,904
412,85
413,85
905,554
906,554
915,584
916,584
504,769
505,769
853,846
854,846
503,341
504,341
300,390
301,390
352,91
353,91
631,719
632,719
856,144
857,144
779,324
780,324
299,237
300,237
916,243
917,243
390,447
391,447
132,909
133,909
370,26
371,26
677,23
678,23
492,493
493,493
967,281
968,281
936,583
937,583
855,879
856,879
811,595
812,595
803,964
804,964
624,961
625,961
11,261
12,261
943,73
944,73
748,42
749,42
835,905
836,905
861,554
862,554
518,398
519,398
623,835
624,835
557,956
558,956
916,382
917,382
577,295
578,295
864,609
865,609
332,555
333,555
942,96
943,96
769,710
770,710
761,520
762,520
811,97
812,97
814,80
815,80
710,719
711,719
587,677
588,677
303,562
304,562
867,788
868,788
343,519
344,519
671,582
672,582
851,337
852,337
622,950
623,950
702,37
703,37
742,82
743,82
668,24
669,24
310,69
311,69
915,386
916,386
317,61
318,61
832,343
833,343
725,58
726,58
633,969
634,969
369,212
370,212
157,875
158,875
852,918
853,918
805,284
806,284
746,595
747,595
612,1013
613,1013
916,781
917,781
340,1002
341,1002
770,944
771,944
819,522
820,522
474,689
475,689
549,718
550,718
649,626
650,626
283,415
284,415
697,615
698,615
985,473
986,473
564,655
565,655
647,430
648,430
1014,195
1015,195
490,593
491,593
757,237
758,237
886,12
887,12
453,475
454,475
843,519
844,519
795,999
796,999
878,513
879,513
946,975
947,975
297,932
298,932
788,3
789,3
246,815
247,815
1015,108
1016,108
454,42
455,42
967,460
968,460
457,551
458,551
323,17
324,17
843,95
844,95
829,514
830,514
625,414
626,414
781,17
782,17
438,949
439,949
294,956
295,956
795,451
796,451
779,148
780,148
136,815
137,815
261,11
262,11
906,905
907,905
661,600
662,600
565,407
566,407
760,675
761,675
669,428
670,428
734,275
735,275
862,23
863,23
511,322
512,322
424,636
425,636
339,493
340,493
450,817
451,817
332,605
333,605
635,76
636,76
69,816
70,816
368,476
369,476
338,735
339,735
839,154
840,154
669,283
670,283
368,470
369,470
793,441
794,441
864,423
865,423
375,217
376,217
389,935
390,935
1021,1006
1022,1006
606,697
607,697
793,710
794,710
491,104
492,104
581,142
582,142
300,768
301,768
686,20
687,20
318,954
319,954
76,991
77,991
934,742
935,742
587,983
588,983
934,496
935,496
361,580
362,580
555,707
556,707
666,557
667,557
827,431
828,431
853,577
854,577
377,47
378,47
709,616
710,616
469,547
470,547
1006,128
1007,128
403,345
404,345
289,326
290,326
659,225
660,225
722,898
723,898
429,804
430,804
451,832
452,832
683,765
684,765
821,481
822,481
189,824
190,824
634,503
635,503
998,169
999,169
976,162
977,162
938,960
939,960
393,661
394,661
875,399
876,399
298,1019
299,1019
621,858
622,858
849,411
850,411
615,981
616,981
794,397
795,397
12,1013
13,1013
701,247
702,247
529,70
530,70
855,583
856,583
733,244
734,244
119,967
120,967
825,361
826,361
905,932
906,932
819,998
820,998
381,922
382,922
826,585
827,585
463,183
464,183
626,90
627,90
525,205
526,205
462,281
463,281
995,656
996,656
1005,516
1006,516
760,849
761,849
391,502
392,502
685,1022
686,1022
558,760
559,760
472,678
473,678
985,227
986,227
460,277
461,277
259,582
260,582
461,19
462,19
791,15
792,15
961,768
962,768
318,884
319,884
596,733
597,733
840,736
841,736
715,139
716,139
884,576
885,576
792,486
793,486
561,627
562,627
274,550
275,550
895,360
896,360
669,835
670,835
488,547
489,547
278,949
279,949
599,748
600,748
543,879
544,879
1004,523
1005,523
359,735
360,735
491,164
492,164
213,970
214,970
919,243
920,243
201,831
202,831
297,511
298,511
909,909
910,909
861,500
862,500
678,449
679,449
580,650
581,650
656,767
657,767
497,168
498,168
143,840
144,840
406,1002
407,1002
273,25
274,25
939,566
940,566
739,406
740,406
498,595
499,595
265,274
266,274
217,832
218,832
108,954
109,954
884,848
885,848
760,235
761,235
10,991
11,991
851,836
852,836
282,168
283,168
817,216
818,216
533,565
534,565
262,241
263,241
416,610
417,610
794,341
795,341
695,276
696,276
644,64
645,64
290,320
291,320
863,702
864,702
638,608
639,608
519,952
520,952
767,22
768,22
1016,5
1017,5
435,611
436,611
875,803
876,803
780,313
781,313
540,224
541,224
601,213
602,213
695,657
696,657
475,906
476,906
395,418
396,418
391,262
392,262
695,796
696,796
490,44
491,44
774,835
775,835
622,930
623,930
316,921
317,921
611,620
612,620
492,192
493,192
510,196
511,196
315,998
316,998
738,253
739,253
169,812
170,812
678,252
679,252
769,990
770,990
767,706
768,706
339,987
340,987
388,980
389,980
896,407
897,407
286,365
287,365
909,493
910,493
331,732
332,732
334,589
335,589
617,486
618,486
785,569
786,569
761,262
762,262
461,505
462,505
772,932
773,932
635,680
636,680
630,417
631,417
287,315
288,315
781,674
782,674
721,723
722,723
294,217
295,217
612,536
613,536
405,921
406,921
587,46
588,46
409,109
410,109
649,780
650,780
825,22
826,22
710,474
711,474
417,199
418,199
646,294
647,294
830,102
831,102
857,687
858,687
908,920
909,920
854,552
855,552
520,140
521,140
401,397
402,397
850,700
851,700
846,92
847,92
690,807
691,807
991,29
992,29
764,5
765,5
214,938
215,938
1018,551
1019,551
475,1001
476,1001
885,730
886,730
746,48
747,48
507,149
508,149
494,151
495,151
475,202
476,202
621,486
622,486
521,475
522,475
298,204
299,204
726,1000
727,1000
677,312
678,312
636,65
637,65
549,747
550,747
489,822
490,822
344,624
345,624
317,472
318,472
691,791
692,791
784,1002
785,1002
804,417
805,417
459,309
460,309
889,767
890,767
381,576
382,576
485,565
486,565
570,993
571,993
631,850
632,850
264,1023
265,1023
424,604
425,604
933,530
934,530
269,440
270,440
555,745
556,745
1013,12
1014,12
802,73
803,73
306,617
307,617
283,783
284,783
535,372
536,372
281,582
282,582
262,970
263,970
405,55
406,55
339,640
340,640
355,702
356,702
770,1006
771,1006
290,179
291,179
334,736
335,736
894,337
895,337
382,527
383,527
889,706
890,706
691,413
692,413
665,19
666,19
659,656
660,656
852,334
853,334
260,284
261,284
617,137
618,137
534,482
535,482
466,11
467,11
619,16
620,16
816,549
817,549
537,836
538,836
204,934
205,934
718,379
719,379
406,782
407,782
267,716
268,716
619,870
620,870
970,1002
971,1002
351,623
352,623
961,819
962,819
106,1019
107,1019
576,973
577,973
595,372
596,372
287,70
288,70
508,642
509,642
314,134
315,134
320,263
321,263
718,730
719,730
622,912
623,912
556,266
557,266
435,880
436,880
563,545
564,545
458,742
459,742
148,981
149,981
939,396
940,396
925,659
926,659
38,952
39,952
809,1007
810,1007
752,594
753,594
544,407
545,407
303,619
304,619
352,19
353,19
536,622
537,622
440,368
441,368
704,935
705,935
882,888
883,888
295,802
296,802
665,468
666,468
137,827
138,827
463,335
464,335
998,416
999,416
625,97
626,97
701,400
702,400
451,114
452,114
733,45
734,45
288,555
289,555
819,329
820,329
514,788
515,788
1011,569
1012,569
336,609
337,609
837,884
838,884
438,589
439,589
895,185
896,185
573,859
574,859
876,781
877,781
680,247
681,247
833,918
834,918
187,819
188,819
740,444
741,444
868,684
869,684
145,875
146,875
326,914
327,914
492,595
493,595
463,193
464,193
698,312
699,312
375,634
376,634
281,831
282,831
767,459
768,459
472,734
473,734
1011,974
1012,974
754,373
755,373
570,172
571,172
863,495
864,495
292,604
293,604
751,232
752,232
464,894
465,894
241,531
242,531
722,833
723,833
316,660
317,660
328,449
329,449
710,561
711,561
663,218
664,218
429,236
430,236
77,268
78,268
497,490
498,490
619,836
620,836
361,506
362,506
309,21
310,21
799,998
800,998
805,1012
806,1012
364,613
365,613
275,796
276,796
347,27
348,27
866,245
867,245
695,522
696,522
693,592
694,592
328,580
329,580
896,1023
897,1023
20,539
21,539
758,1009
759,1009
843,761
844,761
635,587
636,587
293,593
294,593
559,660
560,660
625,429
626,429
302,700
303,700
860,692
861,692
639,859
640,859
433,628
434,628
424,471
425,471
638,280
639,280
294,451
295,451
818,456
819,456
606,927
607,927
788,284
789,284
630,325
631,325
788,508
789,508
845,66
846,66
920,303
921,303
162,985
163,985
561,616
562,616
306,25
307,25
624,535
625,535
787,244
788,244
366,941
367,941
982,123
983,123
923,1019
924,1019
81,267
82,267
412,97
413,97
478,1009
479,1009
984,274
985,274
103,994
104,994
997,639
998,639
281,569
282,569
731,36
732,36
778,296
779,296
950,652
951,652
290,595
291,595
424,630
425,630
204,841
205,841
826,356
827,356
397,989
398,989
681,256
682,256
660,1000
661,1000
653,555
654,555
898,522
899,522
927,996
928,996
319,296
320,296
394,29
395,29
611,961
612,961
376,188
377,188
587,576
588,576
440,594
441,594
274,23
275,23
700,76
701,76
745,377
746,377
188,858
189,858
912,525
913,525
685,994
686,994
368,300
369,300
931,739
932,739
859,308
860,308
667,41
668,41
709,41
710,41
901,708
902,708
253,943
254,943
828,218
829,218
325,20
326,20
818,123
819,123
718,199
719,199
966,126
967,126
67,950
68,950
695,553
696,553
433,590
434,590
553,141
554,141
502,583
503,583
378,828
379,828
617,148
618,148
980,173
981,173
961,628
962,628
469,657
470,657
289,349
290,349
876,234
877,234
465,423
466,423
625,650
626,650
369,958
370,958
852,753
853,753
270,633
271,633
996,113
997,113
433,65
434,65
211,812
212,812
394,940
395,940
518,90
519,90
260,564
261,564
508,569
509,569
966,406
967,406
651,784
652,784
383,943
384,943
830,492
831,492
685,332
686,332
945,280
946,280
825,985
826,985
391,405
392,405
532,613
533,613
421,359
422,359
783,953
784,953
960,979
961,979
259,339
260,339
885,631
886,631
602,995
603,995
826,170
827,170
662,164
663,164
816,966
817,966
315,626
316,626
797,57
798,57
663,738
664,738
519,129
520,129
579,180
580,180
471,234
472,234
721,9
722,9
52,996
53,996
571,329
572,329
803,333
804,333
760,471
761,471
860,680
861,680
521,584
522,584
453,699
454,699
580,355
581,355
805,562
806,562
976,996
977,996
704,446
705,446
315,78
316,78
928,461
929,461
832,249
833,249
529,264
530,264
467,527
468,527
348,690
349,690
637,870
638,870
651,24
652,24
528,778
529,778
288,200
289,200
609,959
610,959
367,564
368,564
269,681
270,681
658,1019
659,1019
453,235
454,235
735,429
736,429
992,230
993,230
394,528
395,528
449,536
450,536
944,791
945,791
846,383
847,383
647,595
648,595
824,44
825,44
580,623
581,623
408,301
409,301
550,209
551,209
707,273
708,273
989,515
990,515
535,810
536,810
698,981
699,981
317,304
318,304
491,606
492,606
346,932
347,932
464,575
465,575
365,881
366,881
268,672
269,672
916,486
917,486
782,615
783,615
305,645
306,645
843,341
844,341
853,332
854,332
573,56
574,56
734,839
735,839
967,296
968,296
372,47
373,47
961,787
962,787
344,919
345,919
378,572
379,572
940,736
941,736
898,516
899,516
876,785
877,785
822,834
823,834
375,994
376,994
826,17
827,17
904,713
905,713
822,549
823,549
863,778
864,778
974,491
975,491
347,596
348,596
867,711
868,711
404,286
405,286
503,319
504,319
897,431
898,431
312,550
313,550
983,46
984,46
339,855
340,855
761,296
762,296
1021,990
1022,990
753,357
754,357
368,60
369,60
979,207
980,207
458,237
459,237
491,71
492,71
781,772
782,772
144,919
145,919
397,401
398,401
891,809
892,809
204,830
205,830
873,265
874,265
996,261
997,261
686,305
687,305
1018,485
1019,485
490,443
491,443
959,363
960,363
821,17
822,17
118,1018
119,1018
377,631
378,631
501,835
502,835
396,984
397,984
917,791
918,791
227,897
228,897
553,668
554,668
781,717
782,717
609,471
610,471
651,320
652,320
438,774
439,774
591,619
592,619
556,53
557,53
868,607
869,607
385,975
386,975
557,929
558,929
967,980
968,980
685,1005
686,1005
1014,241
1015,241
932,507
933,507
320,269
321,269
930,280
931,280
286,256
287,256
321,761
322,761
492,28
493,28
669,3
670,3
217,893
218,893
777,274
778,274
846,138
847,138
994,125
995,125
948,996
949,996
185,831
186,831
350,983
351,983
861,575
862,575
764,855
765,855
516,255
517,255
304,974
305,974
268,912
269,912
823,865
824,865
648,1004
649,1004
593,432
594,432
440,549
441,549
357,457
358,457
938,798
939,798
595,230
596,230
575,738
576,738
569,298
570,298
535,551
536,551
240,815
241,815
766,853
767,853
296,521
297,521
431,184
432,184
834,977
835,977
490,652
491,652
709,995
710,995
488,193
489,193
781,439
782,439
563,551
564,551
882,977
883,977
989,49
990,49
475,678
476,678
468,208
469,208
722,919
723,919
1005,238
1006,238
624,1000
625,1000
874,189
875,189
254,824
255,824
306,699
307,699
701,767
702,767
824,94
825,94
874,326
875,326
632,992
633,992
486,630
487,630
644,206
645,206
189,955
190,955
891,250
892,250
833,332
834,332
841,527
842,527
874,737
875,737
651,735
652,735
134,981
135,981
848,805
849,805
347,1013
348,1013
695,987
696,987
290,254
291,254
478,166
479,166
855,835
856,835
877,338
878,338
768,830
769,830
790,452
791,452
467,969
468,969
414,985
415,985
316,966
317,966
784,586
785,586
472,661
473,661
336,993
337,993
962,484
963,484
489,690
490,690
730,369
731,369
634,889
635,889
758,807
759,807
713,165
714,165
635,697
636,697
545,225
546,225
610,77
611,77
398,270
399,270
467,302
468,302
641,651
642,651
511,170
512,170
571,99
572,99
631,653
632,653
205,907
206,907
307,831
308,831
626,117
627,117
720,169
721,169
263,279
264,279
917,1023
918,1023
998,183
999,183
693,626
694,626
627,453
628,453
886,745
887,745
219,810
220,810
982,620
983,620
286,273
287,273
914,569
915,569
643,59
644,59
429,688
430,688
295,457
296,457
327,633
328,633
259,378
260,378
760,274
761,274
461,187
462,187
559,567
560,567
618,76
619,76
661,728
662,728
808,836
809,836
798,835
799,835
698,219
699,219
265,947
266,947
853,196
854,196
956,316
957,316
1010,505
1011,505
540,731
541,731
651,959
652,959
457,951
458,951
881,243
882,243
786,519
787,519
975,279
976,279
456,206
457,206
839,254
840,254
593,718
594,718
813,288
814,288
383,319
384,319
701,614
702,614
309,973
310,973
432,688
433,688
652,620
653,620
481,775
482,775
622,310
623,310
864,429
865,429
419,445
420,445
555,718
556,718
799,296
800,296
694,511
695,511
556,892
557,892
355,549
356,549
866,400
867,400
548,394
549,394
798,593
799,593
377,556
378,556
538,430
539,430
885,243
886,243
691,769
692,769
994,1011
995,1011
736,6
737,6
645,605
646,605
809,859
810,859
699,548
700,548
843,892
844,892
1017,941
1018,941
518,299
519,299
319,922
320,922
741,504
742,504
704,612
705,612
573,1007
574,1007
420,430
421,430
876,823
877,823
742,49
743,49
1008,960
1009,960
62,966
63,966
699,17
700,17
932,734
933,734
107,817
108,817
367,296
368,296
499,458
500,458
1017,541
1018,541
859,812
860,812
518,557
519,557
334,600
335,600
625,392
626,392
398,846
399,846
630,72
631,72
823,931
824,931
911,185
912,185
739,482
740,482
470,300
471,300
778,706
779,706
761,772
762,772
659,327
660,327
276,938
277,938
562,80
563,80
391,546
392,546
954,567
955,567
933,767
934,767
719,669
720,669
221,968
222,968
592,931
593,931
868,212
869,212
789,513
790,513
502,653
503,653
330,847
331,847
615,653
616,653
506,197
507,197
853,967
854,967
865,297
866,297
775,944
776,944
553,175
554,175
399,943
400,943
822,187
823,187
875,328
876,328
1009,55
1010,55
965,424
966,424
282,234
283,234
807,356
808,356
510,154
511,154
11,546
12,546
472,427
473,427
734,851
735,851
471,482
472,482
768,462
769,462
394,223
395,223
569,292
570,292
940,950
941,950
451,498
452,498
744,75
745,75
268,256
269,256
1012,553
1013,553
930,957
931,957
978,145
979,145
731,934
732,934
418,67
419,67
430,782
431,782
730,46
731,46
617,920
618,920
849,525
850,525
726,726
727,726
954,53
955,53
308,979
309,979
412,425
413,425
160,940
161,940
248,829
249,829
786,514
787,514
841,641
842,641
275,659
276,659
495,836
496,836
410,218
411,218
761,592
762,592
459,802
460,802
227,260
228,260
304,836
305,836
623,530
624,530
654,219
655,219
584,759
585,759
55,535
56,535
363,828
364,828
965,1
966,1
411,372
412,372
386,301
387,301
323,614
324,614
299,514
300,514
459,418
460,418
630,998
631,998
1008,517
1009,517
669,606
670,606
433,26
434,26
589,917
590,917
686,249
687,249
72,548
73,548
749,332
750,332
659,990
660,990
753,30
754,30
406,909
407,909
391,858
392,858
837,834
838,834
675,536
676,536
789,858
790,858
446,909
447,909
914,350
915,350
680,240
681,240
879,340
880,340
769,251
770,251
798,397
799,397
339,887
340,887
597,962
598,962
334,9
335,9
313,566
314,566
524,906
525,906
423,204
424,204
778,41
779,41
880,254
881,254
941,299
942,299
562,101
563,101
346,476
347,476
393,36
394,36
717,850
718,850
65,966
66,966
483,729
484,729
278,932
279,932
510,700
511,700
571,1003
572,1003
607,994
608,994
694,413
695,413
864,482
865,482
727,26
728,26
892,185
893,185
711,1016
712,1016
528,527
529,527
566,720
567,720
782,225
783,225
186,846
187,846
528,318
529,318
824,373
825,373
471,836
472,836
706,228
707,228
295,501
296,501
310,769
311,769
830,21
831,21
302,809
303,809
699,985
700,985
922,665
923,665
697,991
698,991
544,303
545,303
772,616
773,616
474,683
475,683
610,647
611,647
1011,899
1012,899
663,191
664,191
286,974
287,974
557,849
558,849
962,336
963,336
730,2
731,2
727,484
728,484
365,39
366,39
838,987
839,987
664,969
665,969
581,682
582,682
672,40
673,40
324,6
325,6
637,817
638,817
264,5
265,5
439,828
440,828
531,728
532,728
978,666
979,666
535,651
536,651
478,727
479,727
117,535
118,535
541,725
542,725
264,985
265,985
900,959
901,959
375,858
376,858
511,345
512,345
553,639
554,639
726,380
727,380
964,396
965,396
230,259
231,259
751,51
752,51
242,1006
243,1006
786,504
787,504
549,1007
550,1007
111,981
112,981
446,899
447,899
774,227
775,227
348,512
349,512
317,544
318,544
937,9
938,9
154,262
155,262
660,460
661,460
700,82
701,82
563,760
564,760
632,604
633,604
641,579
642,579
715,757
716,757
208,884
209,884
311,595
312,595
895,135
896,135
437,210
438,210
850,322
851,322
618,1002
619,1002
693,833
694,833
402,976
403,976
801,472
802,472
1002,486
1003,486
511,23
512,23
602,268
603,268
97,980
98,980
647,14
648,14
958,376
959,376
326,208
327,208
252,982
253,982
559,810
560,810
894,594
895,594
527,609
528,609
392,610
393,610
511,712
512,712
651,1020
652,1020
406,388
407,388
534,930
535,930
10,968
11,968
441,631
442,631
795,395
796,395
868,586
869,586
701,422
702,422
497,162
498,162
650,1014
651,1014
530,615
531,615
139,991
140,991
712,375
713,375
621,693
622,693
684,487
685,487
770,907
771,907
520,430
521,430
870,250
871,250
970,642
971,642
822,27
823,27
308,771
309,771
349,612
350,612
430,169
431,169
734,261
735,261
715,192
716,192
788,469
789,469
230,819
231,819
565,270
566,270
702,372
703,372
897,440
898,440
764,778
765,778
920,840
921,840
975,967
976,967
680,579
681,579
651,428
652,428
821,860
822,860
679,574
680,574
200,833
201,833
592,626
593,626
462,337
463,337
323,717
324,717
517,732
518,732
166,528
167,528
397,206
398,206
808,830
809,830
664,820
665,820
488,509
489,509
54,267
55,267
382,235
383,235
275,511
276,511
477,425
478,425
508,691
509,691
464,566
465,566
408,181
409,181
959,260
960,260
765,859
766,859
374,655
375,655
607,451
608,451
863,279
864,279
738,428
739,428
890,542
891,542
303,27
304,27
416,540
417,540
578,414
579,414
580,278
581,278
830,884
831,884
717,625
718,625
519,162
520,162
840,565
841,565
713,1
714,1
972,658
973,658
1016,876
1017,876
458,562
459,562
430,491
431,491
451,388
452,388
4,812
5,812
446,494
447,494
743,584
744,584
455,616
456,616
518,688
519,688
931,805
932,805
529,574
530,574
737,46
738,46
511,793
512,793
374,190
375,190
782,262
783,262
702,996
703,996
783,264
784,264
300,49
301,49
794,885
795,885
994,979
995,979
1008,226
1009,226
437,239
438,239
384,505
385,505
20,951
21,951
307,563
308,563
602,952
603,952
979,453
980,453
706,25
707,25
337,1024
338,1024
711,63
712,63
358,85
359,85
518,265
519,265
477,464
478,464
261,584
262,584
729,1000
730,1000
831,524
832,524
700,460
701,460
796,879
797,879
25,998
26,998
599,716
600,716
340,769
341,769
280,728
281,728
759,531
760,531
396,320
397,320
923,337
924,337
789,420
790,420
384,810
385,810
1007,999
1008,999
712,763
713,763
632,77
633,77
303,382
304,382
804,690
805,690
634,686
635,686
808,476
809,476
131,544
132,544
627,901
628,901
566,402
567,402
447,514
448,514
876,917
877,917
863,466
864,466
672,775
673,775
977,972
978,972
378,195
379,195
616,476
617,476
684,454
685,454
1020,228
1021,228
597,849
598,849
866,219
867,219
634,87
635,87
769,353
770,353
449,810
450,810
290,562
291,562
864,533
865,533
952,930
953,930
520,573
521,573
777,835
778,835
468,443
469,443
542,939
543,939
203,979
204,979
723,256
724,256
716,690
717,690
419,29
420,29
458,211
459,211
305,553
306,553
995,590
996,590
809,163
810,163
847,849
848,849
653,226
654,226
589,879
590,879
885,877
886,877
913,781
914,781
470,787
471,787
492,170
493,170
277,730
278,730
581,666
582,666
398,746
399,746
915,578
916,578
360,275
361,275
361,751
362,751
815,615
816,615
448,422
449,422
993,207
994,207
873,568
874,568
335,572
336,572
780,429
781,429
662,989
663,989
997,677
998,677
829,804
830,804
605,901
606,901
623,10
624,10
316,759
317,759
1013,470
1014,470
1011,122
1012,122
892,858
893,858
548,751
549,751
42,983
43,983
410,996
411,996
478,660
479,660
971,628
972,628
352,64
353,64
450,65
451,65
888,663
889,663
806,66
807,66
439,517
440,517
979,355
980,355
617,996
618,996
541,922
542,922
485,894
486,894
883,981
884,981
625,656
626,656
104,951
105,951
610,922
611,922
465,418
466,418
968,292
969,292
690,812
691,812
352,562
353,562
330,377
331,377
629,78
630,78
621,831
622,831
621,536
622,536
577,995
578,995
632,515
633,515
1012,549
1013,549
892,634
893,634
891,496
892,496
524,605
525,605
926,975
927,975
443,501
444,501
423,899
424,899
455,541
456,541
709,535
710,535
698,197
699,197
271,966
272,966
593,268
594,268
798,510
799,510
472,283
473,283
272,973
273,973
518,551
519,551
625,998
626,998
578,317
579,317
715,555
716,555
735,663
736,663
891,153
892,153
892,776
893,776
392,519
393,519
411,430
412,430
650,597
651,597
973,119
974,119
799,570
800,570
562,401
563,401
460,989
461,989
2,1004
3,1004
354,962
355,962
439,506
440,506
354,200
355,200
472,1006
473,1006
74,968
75,968
769,210
770,210
898,9
899,9
616,701
617,701
260,795
261,795
589,778
590,778
92,953
93,953
731,839
732,839
879,976
880,976
876,347
877,347
962,255
963,255
353,874
354,874
735,363
736,363
334,984
335,984
997,613
998,613
778,93
779,93
787,771
788,771
822,483
823,483
744,66
745,66
930,766
931,766
893,728
894,728
280,142
281,142
583,420
584,420
722,947
723,947
287,513
288,513
1023,932
1024,932
822,514
823,514
431,573
432,573
386,662
387,662
713,594
714,594
374,496
375,496
791,1006
792,1006
446,450
447,450
679,788
680,788
516,348
517,348
316,166
317,166
805,230
806,230
422,439
423,439
597,471
598,471
484,780
485,780
522,1022
523,1022
679,762
680,762
598,206
599,206
660,173
661,173
281,478
282,478
684,710
685,710
380,359
381,359
716,369
717,369
922,255
923,255
545,45
546,45
643,513
644,513
895,376
896,376
430,164
431,164
865,772
866,772
271,107
272,107
907,619
908,619
510,735
511,735
595,203
596,203
404,455
405,455
996,641
997,641
623,1012
624,1012
655,652
656,652
815,478
816,478
840,539
841,539
283,608
284,608
1,966
2,966
604,835
605,835
909,6
910,6
449,1006
450,1006
943,363
944,363
658,371
659,371
908,953
909,953
534,624
535,624
454,458
455,458
897,358
898,358
970,668
971,668
868,771
869,771
827,197
828,197
551,653
552,653
902,543
903,543
324,1024
325,1024
870,738
871,738
1023,118
1024,118
505,543
506,543
407,625
408,625
267,87
268,87
848,278
849,278
855,655
856,655
994,974
995,974
981,260
982,260
584,994
585,994
3,983
4,983
559,372
560,372
574,963
575,963
818,188
819,188
852,151
853,151
312,316
313,316
796,671
797,671
998,267
999,267
572,29
573,29
516,1001
517,1001
1000,42
1001,42
673,758
674,758
536,557
537,557
701,974
702,974
533,864
534,864
390,458
391,458
908,722
909,722
259,750
260,750
337,630
338,630
440,621
441,621
367,520
368,520
384,607
385,607
406,712
407,712
956,869
957,869
532,702
533,702
794,753
795,753
270,726
271,726
864,580
865,580
654,866
655,866
300,29
301,29
654,893
655,893
733,24
734,24
818,380
819,380
601,863
602,863
283,488
284,488
283,219
284,219
345,877
346,877
779,965
780,965
645,738
646,738
276,674
277,674
830,414
831,414
261,591
262,591
687,741
688,741
663,476
664,476
828,76
829,76
317,742
318,742
229,966
230,966
886,319
887,319
599,859
600,859
498,880
499,880
564,250
565,250
268,687
269,687
328,662
329,662
754,204
755,204
245,809
246,809
842,554
843,554
551,893
552,893
416,139
417,139
93,991
94,991
391,331
392,331
731,872
732,872
690,243
691,243
539,37
540,37
498,206
499,206
308,643
309,643
884,812
885,812
372,593
373,593
727,76
728,76
960,201
961,201
563,682
564,682
304,392
305,392
151,965
152,965
779,192
780,192
318,845
319,845
292,357
293,357
683,239
684,239
794,156
795,156
707,626
708,626
485,465
486,465
580,41
581,41
647,310
648,310
305,16
306,16
142,814
143,814
707,742
708,742
980,972
981,972
774,709
775,709
653,1010
654,1010
594,853
595,853
485,68
486,68
412,364
413,364
529,56
530,56
346,762
347,762
316,44
317,44
472,969
473,969
726,497
727,497
396,305
397,305
78,995
79,995
457,665
458,665
423,564
424,564
866,904
867,904
818,534
819,534
542,770
543,770
361,54
362,54
710,742
711,742
772,108
773,108
545,573
546,573
778,144
779,144
448,641
449,641
606,682
607,682
476,508
477,508
620,962
621,962
82,818
83,818
763,409
764,409
537,788
538,788
317,17
318,17
777,583
778,583
364,1013
365,1013
300,356
301,356
269,462
270,462
396,611
397,611
201,907
202,907
501,961
502,961
58,994
59,994
518,720
519,720
851,842
852,842
696,625
697,625
532,690
533,690
992,690
993,690
502,674
503,674
699,111
700,111
889,366
890,366
491,108
492,108
724,1002
725,1002
732,808
733,808
753,376
754,376
717,350
718,350
677,378
678,378
629,615
630,615
425,306
426,306
702,443
703,443
820,170
821,170
651,468
652,468
987,969
988,969
472,723
473,723
433,660
434,660
298,241
299,241
814,999
815,999
874,720
875,720
429,723
430,723
264,59
265,59
586,653
587,653
711,511
712,511
425,597
426,597
519,119
520,119
468,702
469,702
491,738
492,738
970,455
971,455
1023,112
1024,112
847,761
848,761
468,757
469,757
650,801
651,801
792,496
793,496
966,1015
967,1015
222,541
223,541
717,246
718,246
816,506
817,506
979,243
980,243
747,86
748,86
260,291
261,291
433,31
434,31
387,284
388,284
1018,508
1019,508
474,519
475,519
262,37
263,37
668,74
669,74
998,408
999,408
277,763
278,763
73,953
74,953
896,315
897,315
424,909
425,909
966,330
967,330
271,961
272,961
882,878
883,878
480,786
481,786
291,396
292,396
740,920
741,920
910,979
911,979
675,794
676,794
503,46
504,46
872,464
873,464
278,850
279,850
623,210
624,210
453,551
454,551
731,227
732,227
255,938
256,938
385,576
386,576
997,98
998,98
349,394
350,394
654,564
655,564
488,427
489,427
394,508
395,508
979,364
980,364
440,1014
441,1014
789,404
790,404
980,446
981,446
631,910
632,910
613,838
614,838
233,807
234,807
851,60
852,60
541,568
542,568
623,678
624,678
327,575
328,575
576,684
577,684
782,443
783,443
939,349
940,349
924,424
925,424
441,715
442,715
823,207
824,207
622,409
623,409
995,174
996,174
333,309
334,309
843,747
844,747
881,916
882,916
496,793
497,793
887,385
888,385
393,65
394,65
968,385
969,385
320,615
321,615
484,649
485,649
473,788
474,788
953,55
954,55
873,836
874,836
473,175
474,175
848,679
849,679
300,312
301,312
328,841
329,841
714,172
715,172
529,73
530,73
55,531
56,531
813,58
814,58
545,495
546,495
993,76
994,76
144,952
145,952
349,798
350,798
628,757
629,757
305,903
306,903
434,315
435,315
69,542
70,542
611,729
612,729
1015,556
1016,556
714,298
715,298
288,300
289,300
82,1006
83,1006
625,501
626,501
317,263
318,263
405,898
406,898
501,796
502,796
400,461
401,461
516,586
517,586
452,727
453,727
624,694
625,694
904,487
905,487
701,503
702,503
259,476
260,476
287,737
288,737
481,210
482,210
394,31
395,31
611,204
612,204
855,534
856,534
320,970
321,970
596,991
597,991
733,861
734,861
673,253
674,253
320,229
321,229
819,428
820,428
810,545
811,545
637,241
638,241
885,22
886,22
978,994
979,994
551,674
552,674
879,549
880,549
496,673
497,673
457,337
458,337
810,283
811,283
294,512
295,512
879,330
880,330
732,675
733,675
424,286
425,286
403,379
404,379
169,977
170,977
937,260
938,260
1016,153
1017,153
419,943
420,943
46,548
47,548
698,411
699,411
428,908
429,908
413,59
414,59
983,288
984,288
422,346
423,346
488,864
489,864
268,567
269,567
799,805
800,805
979,134
980,134
608,292
609,292
526,719
527,719
793,123
794,123
791,468
792,468
331,858
332,858
1001,161
1002,161
317,548
318,548
994,694
995,694
819,462
820,462
45,965
46,965
405,290
406,290
665,254
666,254
886,136
887,136
614,728
615,728
815,102
816,102
519,125
520,125
382,565
383,565
431,985
432,985
552,717
553,717
928,138
929,138
973,1024
974,1024
761,559
762,559
530,39
531,39
443,549
444,549
507,39
508,39
855,277
856,277
382,587
383,587
937,802
938,802
260,235
261,235
848,66
849,66
857,720
858,720
616,576
617,576
663,294
664,294
665,246
666,246
692,369
693,369
698,532
699,532
779,618
780,618
537,717
538,717
268,923
269,923
430,634
431,634
568,249
569,249
347,465
348,465
398,858
399,858
728,1011
729,1011
834,267
835,267
828,836
829,836
829,66
830,66
409,195
410,195
814,752
815,752
825,657
826,657
745,53
746,53
738,478
739,478
334,912
335,912
300,757
301,757
860,893
861,893
873,514
874,514
284,761
285,761
864,306
865,306
531,663
532,663
986,972
987,972
598,695
599,695
401,281
402,281
422,517
423,517
448,591
449,591
560,550
561,550
553,936
554,936
947,613
948,613
643,221
644,221
764,61
765,61
169,972
170,972
516,474
517,474
304,587
305,587
825,389
826,389
474,876
475,876
260,274
261,274
759,198
760,198
805,525
806,525
875,311
876,311
317,621
318,621
421,111
422,111
539,810
540,810
1004,982
1005,982
352,595
353,595
1015,417
1016,417
829,471
830,471
534,234
535,234
762,16
763,16
863,373
864,373
701,756
702,756
392,70
393,70
412,875
413,875
262,82
263,82
510,783
511,783
735,763
736,763
512,126
513,126
810,300
811,300
568,691
569,691
732,242
733,242
312,528
313,528
743,718
744,718
1006,446
1007,446
1004,506
1005,506
668,255
669,255
459,178
460,178
445,755
446,755
661,169
662,169
121,978
122,978
701,1002
702,1002
505,933
506,933
479,595
480,595
462,1016
463,1016
858,769
859,769
496,1007
497,1007
798,1021
799,1021
891,422
892,422
892,365
893,365
300,460
301,460
855,682
856,682
962,51
963,51
700,591
701,591
392,453
393,453
222,974
223,974
443,515
444,515
533,541
534,541
622,103
623,103
950,11
951,11
381,499
382,499
932,1002
933,1002
357,122
358,122
476,863
477,863
830,392
831,392
965,309
966,309
930,931
931,931
1007,997
1008,997
260,981
261,981
758,725
759,725
344,209
345,209
649,730
650,730
383,904
384,904
518,277
519,277
849,416
850,416
561,650
562,650
565,707
566,707
349,152
350,152
1021,917
1022,917
874,410
875,410
508,183
509,183
697,575
698,575
839,313
840,313
688,688
689,688
625,53
626,53
509,460
510,460
423,457
424,457
132,937
133,937
823,400
824,400
435,606
436,606
551,28
552,28
375,215
376,215
290,32
291,32
259,252
260,252
715,823
716,823
930,591
931,591
442,625
443,625
342,27
343,27
735,253
736,253
720,460
721,460
753,2
754,2
344,909
345,909
324,975
325,975
570,625
571,625
878,336
879,336
898,491
899,491
818,84
819,84
562,123
563,123
572,363
573,363
949,280
950,280
745,858
746,858
805,663
806,663
434,47
435,47
1018,885
1019,885
649,561
650,561
894,896
895,896
385,691
386,691
904,571
905,571
377,758
378,758
723,333
724,333
385,899
386,899
824,105
825,105
466,488
467,488
581,108
582,108
484,548
485,548
669,666
670,666
369,657
370,657
575,229
576,229
317,747
318,747
624,825
625,825
391,15
392,15
371,529
372,529
573,905
574,905
597,723
598,723
727,96
728,96
891,595
892,595
498,544
499,544
862,167
863,167
675,346
676,346
204,939
205,939
830,437
831,437
550,406
551,406
734,35
735,35
704,973
705,973
305,853
306,853
525,56
526,56
384,71
385,71
807,135
808,135
334,709
335,709
539,463
540,463
467,286
468,286
807,211
808,211
548,647
549,647
731,275
732,275
395,381
396,381
834,152
835,152
601,386
602,386
210,807
211,807
438,978
439,978
869,969
870,969
520,75
521,75
644,470
645,470
699,65
700,65
984,769
985,769
360,998
361,998
789,579
790,579
905,285
906,285
326,44
327,44
817,988
818,988
418,53
419,53
700,991
701,991
351,514
352,514
718,165
719,165
591,39
592,39
845,662
846,662
750,36
751,36
921,954
922,954
866,318
867,318
440,637
441,637
416,113
417,113
997,843
998,843
408,247
409,247
862,630
863,630
979,375
980,375
262,869
263,869
492,377
493,377
562,211
563,211
481,379
482,379
293,934
294,934
998,667
999,667
372,5
373,5
481,610
482,610
215,899
216,899
293,943
294,943
728,53
729,53
888,362
889,362
486,224
487,224
548,734
549,734
803,520
804,520
799,505
800,505
808,388
809,388
808,744
809,744
352,108
353,108
576,76
577,76
485,571
486,571
372,284
373,284
692,565
693,565
417,413
418,413
804,799
805,799
131,834
132,834
806,82
807,82
591,429
592,429
849,389
850,389
806,904
807,904
320,582
321,582
403,45
404,45
606,938
607,938
616,744
617,744
343,1024
344,1024
577,332
578,332
817,527
818,527
850,109
851,109
824,596
825,596
1015,230
1016,230
701,465
702,465
804,405
805,405
827,300
828,300
416,234
417,234
991,323
992,323
857,885
858,885
685,180
686,180
387,784
388,784
853,14
854,14
964,139
965,139
868,886
869,886
352,519
353,519
486,38
487,38
308,786
309,786
677,811
678,811
835,972
836,972
315,927
316,927
993,214
994,214
365,509
366,509
838,532
839,532
310,119
311,119
594,724
595,724
331,583
332,583
635,860
636,860
957,327
958,327
537,726
538,726
353,584
354,584
731,901
732,901
989,115
990,115
703,607
704,607
652,46
653,46
330,563
331,563
779,219
780,219
966,433
967,433
571,77
572,77
402,177
403,177
772,873
773,873
422,702
423,702
865,981
866,981
460,785
461,785
298,905
299,905
602,683
603,683
688,485
689,485
793,490
794,490
1017,239
1018,239
349,847
350,847
831,310
832,310
473,650
474,650
894,601
895,601
612,208
613,208
598,1022
599,1022
637,831
638,831
238,1015
239,1015
986,175
987,175
862,339
863,339
614,83
615,83
896,196
897,196
808,579
809,579
232,544
233,544
517,481
518,481
459,1006
460,1006
243,816
244,816
1022,665
1023,665
844,597
845,597
657,389
658,389
678,979
679,979
224,930
225,930
506,143
507,143
998,174
999,174
420,46
421,46
456,989
457,989
567,302
568,302
792,595
793,595
43,950
44,950
450,143
451,143
951,207
952,207
498,809
499,809
422,779
423,779
1010,197
1011,197
769,217
770,217
594,903
595,903
345,39
346,39
557,316
558,316
217,527
218,527
201,942
202,942
620,605
621,605
301,301
302,301
341,314
342,314
716,181
717,181
9,997
10,997
751,869
752,869
368,904
369,904
546,28
547,28
935,534
936,534
802,515
803,515
639,722
640,722
374,205
375,205
582,391
583,391
525,522
526,522
885,307
886,307
383,358
384,358
278,834
279,834
291,599
292,599
629,631
630,631
885,602
886,602
633,783
634,783
489,493
490,493
784,592
785,592
440,879
441,879
279,883
280,883
651,510
652,510
72,979
73,979
773,7
774,7
844,197
845,197
863,61
864,61
870,328
871,328
841,110
842,110
551,538
552,538
515,803
516,803
345,11
346,11
675,565
676,565
903,549
904,549
276,691
277,691
565,320
566,320
305,963
306,963
158,262
159,262
683,421
684,421
602,770
603,770
276,888
277,888
960,2
961,2
752,62
753,62
747,710
748,710
340,615
341,615
471,378
472,378
863,450
864,450
562,96
563,96
759,509
760,509
819,981
820,981
696,423
697,423
547,849
548,849
968,144
969,144
817,708
818,708
321,751
322,751
190,847
191,847
966,966
967,966
510,526
511,526
493,234
494,234
303,892
304,892
772,113
773,113
710,68
711,68
915,551
916,551
922,956
923,956
618,930
619,930
598,333
599,333
954,152
955,152
863,110
864,110
628,906
629,906
456,277
457,277
492,892
493,892
260,547
261,547
414,459
415,459
809,190
810,190
979,305
980,305
677,481
678,481
579,814
580,814
684,459
685,459
683,739
684,739
604,442
605,442
380,287
381,287
945,112
946,112
304,625
305,625
740,899
741,899
442,298
443,298
605,319
606,319
983,216
984,216
510,224
511,224
305,503
306,503
644,370
645,370
432,912
433,912
972,201
973,201
257,822
258,822
907,756
908,756
901,515
902,515
978,508
979,508
692,658
693,658
657,615
658,615
439,840
440,840
987,126
988,126
789,551
790,551
420,664
421,664
259,790
260,790
356,463
357,463
727,15
728,15
571,71
572,71
668,829
669,829
795,74
796,74
805,398
806,398
467,246
468,246
444,242
445,242
805,1006
806,1006
740,848
741,848
461,808
462,808
500,469
501,469
442,434
443,434
397,396
398,396
281,185
282,185
757,890
758,890
725,421
726,421
655,744
656,744
749,879
750,879
827,602
828,602
385,292
386,292
276,433
277,433
268,961
269,961
954,305
955,305
304,49
305,49
987,254
988,254
885,553
886,553
626,210
627,210
885,586
886,586
616,253
617,253
476,273
477,273
297,188
298,188
773,989
774,989
769,946
770,946
634,226
635,226
785,421
786,421
576,1012
577,1012
937,950
938,950
369,48
370,48
912,558
913,558
371,536
372,536
475,985
476,985
930,799
931,799
659,240
660,240
353,939
354,939
873,783
874,783
392,562
393,562
285,558
286,558
385,959
386,959
603,469
604,469
443,860
444,860
263,74
264,74
981,140
982,140
668,737
669,737
633,559
634,559
1022,857
1023,857
285,739
286,739
379,36
380,36
479,37
480,37
349,148
350,148
622,688
623,688
876,895
877,895
690,210
691,210
99,546
100,546
872,710
873,710
857,326
858,326
275,7
276,7
312,806
313,806
556,573
557,573
503,302
504,302
678,624
679,624
81,546
82,546
378,39
379,39
469,428
470,428
721,252
722,252
677,11
678,11
835,615
836,615
270,517
271,517
598,728
599,728
649,698
650,698
210,544
211,544
531,538
532,538
277,29
278,29
556,657
557,657
154,268
155,268
309,375
310,375
251,807
252,807
265,9
266,9
327,622
328,622
738,242
739,242
722,59
723,59
300,328
301,328
533,48
534,48
831,584
832,584
886,607
887,607
951,948
952,948
317,904
318,904
513,257
514,257
416,353
417,353
475,711
476,711
1017,147
1018,147
497,26
498,26
624,841
625,841
268,447
269,447
741,448
742,448
722,716
723,716
780,570
781,570
365,284
366,284
692,112
693,112
530,494
531,494
1022,386
1023,386
419,692
420,692
509,522
510,522
71,990
72,990
372,305
373,305
17,545
18,545
685,677
686,677
622,468
623,468
785,524
786,524
311,902
312,902
456,868
457,868
980,348
981,348
504,249
505,249
18,535
19,535
389,924
390,924
670,346
671,346
1019,974
1020,974
508,165
509,165
823,351
824,351
389,317
390,317
368,399
369,399
854,649
855,649
922,604
923,604
603,906
604,906
667,1011
668,1011
245,1005
246,1005
283,595
284,595
513,836
514,836
416,42
417,42
792,484
793,484
370,348
371,348
226,813
227,813
473,912
474,912
818,479
819,479
734,55
735,55
681,832
682,832
651,408
652,408
658,449
659,449
385,66
386,66
636,646
637,646
428,646
429,646
828,371
829,371
326,953
327,953
825,368
826,368
431,793
432,793