707,970
707,971
708,970
708,971
1011,578
1011,579
1012,578
1012,579
726,619
726,620
727,619
727,620
350,598
350,599
351,598
351,599
382,53
382,54
383,53
383,54
735,716
735,717
736,716
736,717
331,559
331,560
332,559
332,560
975,13
975,14
976,13
976,14
210,814
210,815
211,814
211,815
667,297
667,298
668,297
668,298
486,81
486,82
487,81
487,82
417,641
417,642
418,641
418,642
532,737
532,738
533,737
533,738
488,300
488,301
489,300
489,301
596,485
596,486
597,485
597,486
208,937
208,938
209,937
209,938
424,490
424,491
425,490
425,491
265,488
265,489
266,488
266,489
424,846
424,847
425,846
425,847
873,893
873,894
874,893
874,894
403,1005
403,1006
404,1005
404,1006
322,644
322,645
323,644
323,645
700,13
700,14
701,13
701,14
780,1016
780,1017
781,1016
781,1017
910,567
910,568
911,567
911,568
260,363
260,364
261,363
261,364
270,521
270,522
271,521
271,522
886,266
886,267
887,266
887,267
488,84
488,85
489,84
489,85
892,598
892,599
893,598
893,599
602,604
602,605
603,604
603,605
458,596
458,597
459,596
459,597
632,903
632,904
633,903
633,904
907,566
907,567
908,566
908,567
710,849
710,850
711,849
711,850
418,49
418,50
419,49
419,50
614,446
614,447
615,446
615,447
165,822
165,823
166,822
166,823
48,531
48,532
49,531
49,532
316,601
316,602
317,601
317,602
722,709
722,710
723,709
723,710
923,709
923,710
924,709
924,710
693,721
693,722
694,721
694,722
975,780
975,781
976,780
976,781
708,739
708,740
709,739
709,740
308,707
308,708
309,707
309,708
621,72
621,73
622,72
622,73
1006,1013
1006,1014
1007,1013
1007,1014
270,976
270,977
271,976
271,977
825,266
825,267
826,266
826,267
685,816
685,817
686,816
686,817
423,343
423,344
424,343
424,344
427,19
427,20
428,19
428,20
558,961
558,962
559,961
559,962
956,346
956,347
957,346
957,347
296,479
296,480
297,479
297,480
1023,739
1023,740
1024,739
1024,740
693,82
693,83
694,82
694,83
267,963
267,964
268,963
268,964
143,899
143,900
144,899
144,900
403,47
403,48
404,47
404,48
767,553
767,554
768,553
768,554
895,368
895,369
896,368
896,369
363,119
363,120
364,119
364,120
457,711
457,712
458,711
458,712
857,345
857,346
858,345
858,346
667,624
667,625
668,624
668,625
353,553
353,554
354,553
354,554
882,512
882,513
883,512
883,513
479,581
479,582
480,581
480,582
576,905
576,906
577,905
577,906
637,984
637,985
638,984
638,985
462,776
462,777
463,776
463,777
273,48
273,49
274,48
274,49
567,540
567,541
568,540
568,541
880,553
880,554
881,553
881,554
254,847
254,848
255,847
255,848
146,854
146,855
147,854
147,855
956,274
956,275
957,274
957,275
654,557
654,558
655,557
655,558
279,480
279,481
280,480
280,481
761,168
761,169
762,168
762,169
495,123
495,124
496,123
496,124
282,644
282,645
283,644
283,645
904,206
904,207
905,206
905,207
561,40
561,41
562,40
562,41
408,177
408,178
409,177
409,178
470,343
470,344
471,343
471,344
812,772
812,773
813,772
813,773
809,894
809,895
810,894
810,895
298,923
298,924
299,923
299,924
916,621
916,622
917,621
917,622
935,977
935,978
936,977
936,978
916,318
916,319
917,318
917,319
818,120
818,121
819,120
819,121
884,968
884,969
885,968
885,969
849,23
849,24
850,23
850,24
957,1018
957,1019
958,1018
958,1019
780,714
780,715
781,714
781,715
985,534
985,535
986,534
986,535
19,816
19,817
20,816
20,817
715,141
715,142
716,141
716,142
604,998
604,999
605,998
605,999
920,832
920,833
921,832
921,833
579,199
579,200
580,199
580,200
680,527
680,528
681,527
681,528
257,979
257,980
258,979
258,980
987,465
987,466
988,465
988,466
762,556
762,557
763,556
763,557
1019,997
1019,998
1020,997
1020,998
908,589
908,590
909,589
909,590
813,963
813,964
814,963
814,964
745,41
745,42
746,41
746,42
147,930
147,931
148,930
148,931
701,726
701,727
702,726
702,727
890,670
890,671
891,670
891,671
495,522
495,523
496,522
496,523
597,736
597,737
598,736
598,737
313,735
313,736
314,735
314,736
628,946
628,947
629,946
629,947
352,39
352,40
353,39
353,40
311,678
311,679
312,678
312,679
930,824
930,825
931,824
931,825
594,298
594,299
595,298
595,299
832,505
832,506
833,505
833,506
432,204
432,205
433,204
433,205
169,968
169,969
170,968
170,969
398,218
398,219
399,218
399,219
486,458
486,459
487,458
487,459
212,984
212,985
213,984
213,985
834,543
834,544
835,543
835,544
593,615
593,616
594,615
594,616
878,891
878,892
879,891
879,892
395,428
395,429
396,428
396,429
395,39
395,40
396,39
396,40
930,544
930,545
931,544
931,545
407,686
407,687
408,686
408,687
933,243
933,244
934,243
934,244
343,276
343,277
344,276
344,277
493,879
493,880
494,879
494,880
907,705
907,706
908,705
908,706
435,947
435,948
436,947
436,948
828,833
828,834
829,833
829,834
665,992
665,993
666,992
666,993
362,528
362,529
363,528
363,529
267,735
267,736
268,735
268,736
613,250
613,251
614,250
614,251
641,648
641,649
642,648
642,649
587,629
587,630
588,629
588,630
774,777
774,778
775,777
775,778
796,279
796,280
797,279
797,280
266,1018
266,1019
267,1018
267,1019
826,462
826,463
827,462
827,463
979,653
979,654
980,653
980,654
512,928
512,929
513,928
513,929
447,398
447,399
448,398
448,399
838,706
838,707
839,706
839,707
890,972
890,973
891,972
891,973
329,608
329,609
330,608
330,609
1017,965
1017,966
1018,965
1018,966
589,679
589,680
590,679
590,680
314,575
314,576
315,575
315,576
311,892
311,893
312,892
312,893
718,311
718,312
719,311
719,312
288,154
288,155
289,154
289,155
933,264
933,265
934,264
934,265
314,782
314,783
315,782
315,783
692,120
692,121
693,120
693,121
660,835
660,836
661,835
661,836
663,695
663,696
664,695
664,696
551,212
551,213
552,212
552,213
339,580
339,581
340,580
340,581
905,446
905,447
906,446
906,447
638,719
638,720
639,719
639,720
681,455
681,456
682,455
682,456
941,334
941,335
942,334
942,335
509,467
509,468
510,467
510,468
478,237
478,238
479,237
479,238
280,555
280,556
281,555
281,556
839,973
839,974
840,973
840,974
845,549
845,550
846,549
846,550
793,132
793,133
794,132
794,133
768,1013
768,1014
769,1013
769,1014
1006,426
1006,427
1007,426
1007,427
311,385
311,386
312,385
312,386
668,37
668,38
669,37
669,38
458,12
458,13
459,12
459,13
825,987
825,988
826,987
826,988
615,730
615,731
616,730
616,731
394,625
394,626
395,625
395,626
489,556
489,557
490,556
490,557
671,32
671,33
672,32
672,33
293,460
293,461
294,460
294,461
305,983
305,984
306,983
306,984
456,499
456,500
457,499
457,500
409,150
409,151
410,150
410,151
433,275
433,276
434,275
434,276
474,626
474,627
475,626
475,627
869,800
869,801
870,800
870,801
607,214
607,215
608,214
608,215
425,617
425,618
426,617
426,618
541,636
541,637
542,636
542,637
985,492
985,493
986,492
986,493
427,660
427,661
428,660
428,661
816,236
816,237
817,236
817,237
687,618
687,619
688,618
688,619
358,959
358,960
359,959
359,960
280,135
280,136
281,135
281,136
477,241
477,242
478,241
478,242
765,594
765,595
766,594
766,595
445,283
445,284
446,283
446,284
863,755
863,756
864,755
864,756
642,824
642,825
643,824
643,825
327,363
327,364
328,363
328,364
900,185
900,186
901,185
901,186
430,446
430,447
431,446
431,447
587,694
587,695
588,694
588,695
555,468
555,469
556,468
556,469
821,331
821,332
822,331
822,332
484,197
484,198
485,197
485,198
704,663
704,664
705,663
705,664
465,589
465,590
466,589
466,590
384,304
384,305
385,304
385,305
614,221
614,222
615,221
615,222
832,164
832,165
833,164
833,165
395,658
395,659
396,658
396,659
397,324
397,325
398,324
398,325
384,572
384,573
385,572
385,573
975,665
975,666
976,665
976,666
634,754
634,755
635,754
635,755
438,301
438,302
439,301
439,302
601,729
601,730
602,729
602,730
264,287
264,288
265,287
265,288
820,283
820,284
821,283
821,284
936,154
936,155
937,154
937,155
409,643
409,644
410,643
410,644
841,529
841,530
842,529
842,530
365,621
365,622
366,621
366,622
842,508
842,509
843,508
843,509
606,728
606,729
607,728
607,729
199,954
199,955
200,954
200,955
828,375
828,376
829,375
829,376
414,334
414,335
415,334
415,335
792,114
792,115
793,114
793,115
723,862
723,863
724,862
724,863
365,14
365,15
366,14
366,15
505,211
505,212
506,211
506,212
447,341
447,342
448,341
448,342
801,541
801,542
802,541
802,542
859,667
859,668
860,667
860,668
720,184
720,185
721,184
721,185
319,562
319,563
320,562
320,563
528,584
528,585
529,584
529,585
370,899
370,900
371,899
371,900
910,489
910,490
911,489
911,490
786,707
786,708
787,707
787,708
343,748
343,749
344,748
344,749
575,998
575,999
576,998
576,999
932,954
932,955
933,954
933,955
334,903
334,904
335,903
335,904
493,610
493,611
494,610
494,611
346,883
346,884
347,883
347,884
708,810
708,811
709,810
709,811
800,968
800,969
801,968
801,969
401,661
401,662
402,661
402,662
943,185
943,186
944,185
944,186
1017,959
1017,960
1018,959
1018,960
599,745
599,746
600,745
600,746
512,430
512,431
513,430
513,431
394,390
394,391
395,390
395,391
391,461
391,462
392,461
392,462
395,782
395,783
396,782
396,783
996,2
996,3
997,2
997,3
378,919
378,920
379,919
379,920
1010,711
1010,712
1011,711
1011,712
1019,276
1019,277
1020,276
1020,277
881,20
881,21
882,20
882,21
642,696
642,697
643,696
643,697
418,778
418,779
419,778
419,779
268,68
268,69
269,68
269,69
318,513
318,514
319,513
319,514
930,813
930,814
931,813
931,814
553,277
553,278
554,277
554,278
775,771
775,772
776,771
776,772
476,528
476,529
477,528
477,529
719,136
719,137
720,136
720,137
840,207
840,208
841,207
841,208
656,736
656,737
657,736
657,737
373,662
373,663
374,662
374,663
508,85
508,86
509,85
509,86
523,278
523,279
524,278
524,279
802,468
802,469
803,468
803,469
550,299
550,300
551,299
551,300
287,761
287,762
288,761
288,762
603,390
603,391
604,390
604,391
415,804
415,805
416,804
416,805
640,726
640,727
641,726
641,727
374,279
374,280
375,279
375,280
776,854
776,855
777,854
777,855
552,656
552,657
553,656
553,657
687,488
687,489
688,488
688,489
444,369
444,370
445,369
445,370
531,1021
531,1022
532,1021
532,1022
526,53
526,54
527,53
527,54
720,807
720,808
721,807
721,808
432,50
432,51
433,50
433,51
630,967
630,968
631,967
631,968
824,491
824,492
825,491
825,492
519,931
519,932
520,931
520,932
997,839
997,840
998,839
998,840
619,680
619,681
620,680
620,681
620,477
620,478
621,477
621,478
454,784
454,785
455,784
455,785
758,245
758,246
759,245
759,246
750,690
750,691
751,690
751,691
826,704
826,705
827,704
827,705
652,967
652,968
653,967
653,968
562,169
562,170
563,169
563,170
565,344
565,345
566,344
566,345
1005,120
1005,121
1006,120
1006,121
266,730
266,731
267,730
267,731
659,555
659,556
660,555
660,556
886,649
886,650
887,649
887,650
974,775
974,776
975,775
975,776
609,890
609,891
610,890
610,891
698,216
698,217
699,216
699,217
630,962
630,963
631,962
631,963
190,957
190,958
191,957
191,958
817,657
817,658
818,657
818,658
863,349
863,350
864,349
864,350
413,427
413,428
414,427
414,428
352,548
352,549
353,548
353,549
647,757
647,758
648,757
648,758
778,535
778,536
779,535
779,536
975,269
975,270
976,269
976,270
858,853
858,854
859,853
859,854
788,570
788,571
789,570
789,571
422,556
422,557
423,556
423,557
890,302
890,303
891,302
891,303
467,474
467,475
468,474
468,475
585,470
585,471
586,470
586,471
284,1
284,2
285,1
285,2
46,545
46,546
47,545
47,546
889,358
889,359
890,358
890,359
463,792
463,793
464,792
464,793
323,31
323,32
324,31
324,32
320,5
320,6
321,5
321,6
564,981
564,982
565,981
565,982
797,404
797,405
798,404
798,405
933,746
933,747
934,746
934,747
806,551
806,552
807,551
807,552
473,532
473,533
474,532
474,533
656,459
656,460
657,459
657,460
705,357
705,358
706,357
706,358
865,299
865,300
866,299
866,300
1017,128
1017,129
1018,128
1018,129
680,425
680,426
681,425
681,426
816,499
816,500
817,499
817,500
393,411
393,412
394,411
394,412
688,767
688,768
689,767
689,768
1006,76
1006,77
1007,76
1007,77
662,313
662,314
663,313
663,314
905,739
905,740
906,739
906,740
883,743
883,744
884,743
884,744
864,435
864,436
865,435
865,436
916,542
916,543
917,542
917,543
331,992
331,993
332,992
332,993
150,961
150,962
151,961
151,962
604,910
604,911
605,910
605,911
843,19
843,20
844,19
844,20
303,232
303,233
304,232
304,233
790,597
790,598
791,597
791,598
621,769
621,770
622,769
622,770
611,195
611,196
612,195
612,196
205,818
205,819
206,818
206,819
918,559
918,560
919,559
919,560
687,532
687,533
688,532
688,533
335,634
335,635
336,634
336,635
967,376
967,377
968,376
968,377
713,792
713,793
714,792
714,793
590,572
590,573
591,572
591,573
486,622
486,623
487,622
487,623
320,907
320,908
321,907
321,908
877,738
877,739
878,738
878,739
697,234
697,235
698,234
698,235
654,10
654,11
655,10
655,11
341,299
341,300
342,299
342,300
917,569
917,570
918,569
918,570
173,825
173,826
174,825
174,826
712,590
712,591
713,590
713,591
645,625
645,626
646,625
646,626
860,25
860,26
861,25
861,26
643,29
643,30
644,29
644,30
483,810
483,811
484,810
484,811
793,454
793,455
794,454
794,455
362,496
362,497
363,496
363,497
516,767
516,768
517,767
517,768
395,1002
395,1003
396,1002
396,1003
1023,805
1023,806
1024,805
1024,806
395,607
395,608
396,607
396,608
496,87
496,88
497,87
497,88
452,324
452,325
453,324
453,325
945,635
945,636
946,635
946,636
611,370
611,371
612,370
612,371
960,268
960,269
961,268
961,269
1017,534
1017,535
1018,534
1018,535
590,853
590,854
591,853
591,854
893,708
893,709
894,708
894,709
301,386
301,387
302,386
302,387
188,920
188,921
189,920
189,921
331,372
331,373
332,372
332,373
647,197
647,198
648,197
648,198
863,563
863,564
864,563
864,564
620,483
620,484
621,483
621,484
641,429
641,430
642,429
642,430
629,414
629,415
630,414
630,415
576,554
576,555
577,554
577,555
400,422
400,423
401,422
401,423
809,83
809,84
810,83
810,84
394,564
394,565
395,564
395,565
489,338
489,339
490,338
490,339
312,722
312,723
313,722
313,723
735,371
735,372
736,371
736,372
948,457
948,458
949,457
949,458
156,967
156,968
157,967
157,968
307,911
307,912
308,911
308,912
395,438
395,439
396,438
396,439
273,44
273,45
274,44
274,45
352,51
352,52
353,51
353,52
161,528
161,529
162,528
162,529
755,771
755,772
756,771
756,772
987,425
987,426
988,425
988,426
494,627
494,628
495,627
495,628
551,47
551,48
552,47
552,48
70,545
70,546
71,545
71,546
752,44
752,45
753,44
753,45
741,458
741,459
742,458
742,459
811,385
811,386
812,385
812,386
490,157
490,158
491,157
491,158
364,588
364,589
365,588
365,589
837,646
837,647
838,646
838,647
665,242
665,243
666,242
666,243
967,332
967,333
968,332
968,333
357,180
357,181
358,180
358,181
342,599
342,600
343,599
343,600
386,741
386,742
387,741
387,742
881,185
881,186
882,185
882,186
381,979
381,980
382,979
382,980
740,771
740,772
741,771
741,772
849,703
849,704
850,703
850,704
883,622
883,623
884,622
884,623
855,663
855,664
856,663
856,664
205,947
205,948
206,947
206,948
925,5
925,6
926,5
926,6
337,597
337,598
338,597
338,598
303,649
303,650
304,649
304,650
627,448
627,449
628,448
628,449
469,612
469,613
470,612
470,613
965,354
965,355
966,354
966,355
279,781
279,782
280,781
280,782
377,691
377,692
378,691
378,692
918,816
918,817
919,816
919,817
770,368
770,369
771,368
771,369
391,423
391,424
392,423
392,424
848,802
848,803
849,802
849,803
446,496
446,497
447,496
447,497
469,780
469,781
470,780
470,781
486,640
486,641
487,640
487,641
938,766
938,767
939,766
939,767
740,513
740,514
741,513
741,514
553,117
553,118
554,117
554,118
625,817
625,818
626,817
626,818
615,998
615,999
616,998
616,999
966,178
966,179
967,178
967,179
349,659
349,660
350,659
350,660
828,336
828,337
829,336
829,337
547,995
547,996
548,995
548,996
875,137
875,138
876,137
876,138
633,738
633,739
634,738
634,739
555,100
555,101
556,100
556,101
925,305
925,306
926,305
926,306
481,481
481,482
482,481
482,482
663,560
663,561
664,560
664,561
319,912
319,913
320,912
320,913
982,591
982,592
983,591
983,592
776,1016
776,1017
777,1016
777,1017
358,81
358,82
359,81
359,82
732,246
732,247
733,246
733,247
647,608
647,609
648,608
648,609
868,708
868,709
869,708
869,709
940,302
940,303
941,302
941,303
801,404
801,405
802,404
802,405
763,967
763,968
764,967
764,968
292,477
292,478
293,477
293,478
816,481
816,482
817,481
817,482
413,94
413,95
414,94
414,95
811,674
811,675
812,674
812,675
1014,480
1014,481
1015,480
1015,481
207,815
207,816
208,815
208,816
492,549
492,550
493,549
493,550
296,759
296,760
297,759
297,760
402,222
402,223
403,222
403,223
538,691
538,692
539,691
539,692
722,261
722,262
723,261
723,262
711,564
711,565
712,564
712,565
627,49
627,50
628,49
628,50
458,40
458,41
459,40
459,41
664,499
664,500
665,499
665,500
482,202
482,203
483,202
483,203
360,75
360,76
361,75
361,76
756,706
756,707
757,706
757,707
519,106
519,107
520,106
520,107
552,261
552,262
553,261
553,262
818,241
818,242
819,241
819,242
541,373
541,374
542,373
542,374
800,974
800,975
801,974
801,975
574,623
574,624
575,623
575,624
304,589
304,590
305,589
305,590
523,607
523,608
524,607
524,608
1002,6
1002,7
1003,6
1003,7
759,940
759,941
760,940
760,941
684,490
684,491
685,490
685,491
605,220
605,221
606,220
606,221
733,854
733,855
734,854
734,855
898,892
898,893
899,892
899,893
799,578
799,579
800,578
800,579
647,651
647,652
648,651
648,652
1005,256
1005,257
1006,256
1006,257
316,143
316,144
317,143
317,144
266,517
266,518
267,517
267,518
363,146
363,147
364,146
364,147
557,122
557,123
558,122
558,123
663,391
663,392
664,391
664,392
336,820
336,821
337,820
337,821
393,302
393,303
394,302
394,303
827,364
827,365
828,364
828,365
921,959
921,960
922,959
922,960
615,573
615,574
616,573
616,574
778,468
778,469
779,468
779,469
515,204
515,205
516,204
516,205
655,682
655,683
656,682
656,683
782,518
782,519
783,518
783,519
846,20
846,21
847,20
847,21
832,752
832,753
833,752
833,753
651,684
651,685
652,684
652,685
553,124
553,125
554,124
554,125
453,434
453,435
454,434
454,435
458,636
458,637
459,636
459,637
361,15
361,16
362,15
362,16
114,950
114,951
115,950
115,951
815,679
815,680
816,679
816,680
778,38
778,39
779,38
779,39
709,65
709,66
710,65
710,66
410,183
410,184
411,183
411,184
869,675
869,676
870,675
870,676
523,491
523,492
524,491
524,492
273,765
273,766
274,765
274,766
260,1005
260,1006
261,1005
261,1006
778,52
778,53
779,52
779,53
314,822
314,823
315,822
315,823
982,240
982,241
983,240
983,241
479,180
479,181
480,180
480,181
577,276
577,277
578,276
578,277
595,747
595,748
596,747
596,748
787,342
787,343
788,342
788,343
935,752
935,753
936,752
936,753
455,203
455,204
456,203
456,204
623,965
623,966
624,965
624,966
739,550
739,551
740,550
740,551
582,138
582,139
583,138
583,139
438,690
438,691
439,690
439,691
1016,46
1016,47
1017,46
1017,47
332,515
332,516
333,515
333,516
319,820
319,821
320,820
320,821
908,743
908,744
909,743
909,744
188,947
188,948
189,947
189,948
609,513
609,514
610,513
610,514
976,308
976,309
977,308
977,309
497,1018
497,1019
498,1018
498,1019
632,946
632,947
633,946
633,947
287,293
287,294
288,293
288,294
971,75
971,76
972,75
972,76
151,267
151,268
152,267
152,268
533,491
533,492
534,491
534,492
571,249
571,250
572,249
572,250
859,613
859,614
860,613
860,614
883,952
883,953
884,952
884,953
881,350
881,351
882,350
882,351
821,847
821,848
822,847
822,848
368,396
368,397
369,396
369,397
830,735
830,736
831,735
831,736
298,25
298,26
299,25
299,26
484,580
484,581
485,580
485,581
952,893
952,894
953,893
953,894
406,430
406,431
407,430
407,431
416,559
416,560
417,559
417,560
335,886
335,887
336,886
336,887
454,505
454,506
455,505
455,506
815,83
815,84
816,83
816,84
327,370
327,371
328,370
328,371
285,939
285,940
286,939
286,940
14,259
14,260
15,259
15,260
594,556
594,557
595,556
595,557
640,680
640,681
641,680
641,681
163,263
163,264
164,263
164,264
282,747
282,748
283,747
283,748
375,979
375,980
376,979
376,980
303,30
303,31
304,30
304,31
361,885
361,886
362,885
362,886
819,190
819,191
820,190
820,191
479,40
479,41
480,40
480,41
225,949
225,950
226,949
226,950
876,756
876,757
877,756
877,757
407,47
407,48
408,47
408,48
555,127
555,128
556,127
556,128
286,18
286,19
287,18
287,19
692,579
692,580
693,579
693,580
705,986
705,987
706,986
706,987
800,59
800,60
801,59
801,60
510,64
510,65
511,64
511,65
893,981
893,982
894,981
894,982
560,139
560,140
561,139
561,140
278,824
278,825
279,824
279,825
800,261
800,262
801,261
801,262
205,812
205,813
206,812
206,813
748,363
748,364
749,363
749,364
271,487
271,488
272,487
272,488
673,617
673,618
674,617
674,618
954,111
954,112
955,111
955,112
816,335
816,336
817,335
817,336
1019,199
1019,200
1020,199
1020,200
989,491
989,492
990,491
990,492
888,324
888,325
889,324
889,325
963,711
963,712
964,711
964,712
555,145
555,146
556,145
556,146
13,987
13,988
14,987
14,988
274,514
274,515
275,514
275,515
726,40
726,41
727,40
727,41
878,312
878,313
879,312
879,313
794,94
794,95
795,94
795,95
730,708
730,709
731,708
731,709
1022,970
1022,971
1023,970
1023,971
844,168
844,169
845,168
845,169
822,714
822,715
823,714
823,715
60,547
60,548
61,547
61,548
883,530
883,531
884,530
884,531
392,876
392,877
393,876
393,877
339,956
339,957
340,956
340,957
255,1023
255,1024
256,1023
256,1024
622,192
622,193
623,192
623,193
354,587
354,588
355,587
355,588
507,787
507,788
508,787
508,788
913,791
913,792
914,791
914,792
823,119
823,120
824,119
824,120
817,464
817,465
818,464
818,465
276,662
276,663
277,662
277,663
619,332
619,333
620,332
620,333
362,513
362,514
363,513
363,514
575,626
575,627
576,626
576,627
221,538
221,539
222,538
222,539
945,786
945,787
946,786
946,787
732,11
732,12
733,11
733,12
457,536
457,537
458,536
458,537
319,841
319,842
320,841
320,842
922,761
922,762
923,761
923,762
41,965
41,966
42,965
42,966
858,597
858,598
859,597
859,598
855,695
855,696
856,695
856,696
1011,1017
1011,1018
1012,1017
1012,1018
434,602
434,603
435,602
435,603
306,571
306,572
307,571
307,572
260,792
260,793
261,792
261,793
745,592
745,593
746,592
746,593
275,20
275,21
276,20
276,21
294,767
294,768
295,767
295,768
616,37
616,38
617,37
617,38
915,559
915,560
916,559
916,560
360,91
360,92
361,91
361,92
959,49
959,50
960,49
960,50
297,185
297,186
298,185
298,186
921,809
921,810
922,809
922,810
757,234
757,235
758,234
758,235
963,206
963,207
964,206
964,207
759,671
759,672
760,671
760,672
293,628
293,629
294,628
294,629
469,872
469,873
470,872
470,873
341,5
341,6
342,5
342,6
493,731
493,732
494,731
494,732
651,48
651,49
652,48
652,49
884,590
884,591
885,590
885,591
648,620
648,621
649,620
649,621
864,321
864,322
865,321
865,322
1016,523
1016,524
1017,523
1017,524
1016,494
1016,495
1017,494
1017,495
998,50
998,51
999,50
999,51
143,866
143,867
144,866
144,867
656,978
656,979
657,978
657,979
202,948
202,949
203,948
203,949
382,857
382,858
383,857
383,858
992,270
992,271
993,270
993,271
397,28
397,29
398,28
398,29
813,406
813,407
814,406
814,407
265,44
265,45
266,44
266,45
1019,1013
1019,1014
1020,1013
1020,1014
585,289
585,290
586,289
586,290
566,994
566,995
567,994
567,995
352,363
352,364
353,363
353,364
805,894
805,895
806,894
806,895
374,685
374,686
375,685
375,686
954,981
954,982
955,981
955,982
719,364
719,365
720,364
720,365
786,846
786,847
787,846
787,847
415,115
415,116
416,115
416,116
642,313
642,314
643,313
643,314
1006,49
1006,50
1007,49
1007,50
862,524
862,525
863,524
863,525
808,478
808,479
809,478
809,479
1016,882
1016,883
1017,882
1017,883
488,595
488,596
489,595
489,596
271,969
271,970
272,969
272,970
853,95
853,96
854,95
854,96
413,50
413,51
414,50
414,51
881,803
881,804
882,803
882,804
7,544
7,545
8,544
8,545
835,526
835,527
836,526
836,527
914,29
914,30
915,29
915,30
668,225
668,226
669,225
669,226
1001,114
1001,115
1002,114
1002,115
490,672
490,673
491,672
491,673
833,220
833,221
834,220
834,221
790,262
790,263
791,262
791,263
933,159
933,160
934,159
934,160
865,24
865,25
866,24
866,25
992,506
992,507
993,506
993,507
448,173
448,174
449,173
449,174
860,350
860,351
861,350
861,351
486,520
486,521
487,520
487,521
1021,904
1021,905
1022,904
1022,905
713,613
713,614
714,613
714,614
342,370
342,371
343,370
343,371
588,671
588,672
589,671
589,672
583,455
583,456
584,455
584,456
753,4
753,5
754,4
754,5
470,894
470,895
471,894
471,895
403,98
403,99
404,98
404,99
861,326
861,327
862,326
862,327
592,694
592,695
593,694
593,695
859,843
859,844
860,843
860,844
802,512
802,513
803,512
803,513
1002,203
1002,204
1003,203
1003,204
966,951
966,952
967,951
967,952
281,566
281,567
282,566
282,567
467,452
467,453
468,452
468,453
915,314
915,315
916,314
916,315
970,436
970,437
971,436
971,437
698,764
698,765
699,764
699,765
499,768
499,769
500,768
500,769
298,320
298,321
299,320
299,321
443,386
443,387
444,386
444,387
343,211
343,212
344,211
344,212
1017,132
1017,133
1018,132
1018,133
343,993
343,994
344,993
344,994
480,323
480,324
481,323
481,324
838,257
838,258
839,257
839,258
712,241
712,242
713,241
713,242
829,965
829,966
830,965
830,966
658,155
658,156
659,155
659,156
315,930
315,931
316,930
316,931
558,933
558,934
559,933
559,934
602,511
602,512
603,511
603,512
381,557
381,558
382,557
382,558
605,422
605,423
606,422
606,423
276,705
276,706
277,705
277,706
464,476
464,477
465,476
465,477
426,593
426,594
427,593
427,594
637,401
637,402
638,401
638,402
861,683
861,684
862,683
862,684
851,341
851,342
852,341
852,342
1,817
1,818
2,817
2,818
607,217
607,218
608,217
608,218
538,73
538,74
539,73
539,74
815,1008
815,1009
816,1008
816,1009
325,938
325,939
326,938
326,939
930,950
930,951
931,950
931,951
563,103
563,104
564,103
564,104
462,438
462,439
463,438
463,439
734,765
734,766
735,765
735,766
329,701
329,702
330,701
330,702
350,663
350,664
351,663
351,664
580,620
580,621
581,620
581,621
908,655
908,656
909,655
909,656
700,967
700,968
701,967
701,968
900,952
900,953
901,952
901,953
474,873
474,874
475,873
475,874
980,811
980,812
981,811
981,812
1004,124
1004,125
1005,124
1005,125
314,881
314,882
315,881
315,882
502,776
502,777
503,776
503,777
950,243
950,244
951,243
951,244
304,7
304,8
305,7
305,8
657,572
657,573
658,572
658,573
764,473
764,474
765,473
765,474
667,619
667,620
668,619
668,620
277,299
277,300
278,299
278,300
223,971
223,972
224,971
224,972
892,829
892,830
893,829
893,830
814,241
814,242
815,241
815,242
509,96
509,97
510,96
510,97
759,1000
759,1001
760,1000
760,1001
458,55
458,56
459,55
459,56
619,84
619,85
620,84
620,85
475,805
475,806
476,805
476,806
334,526
334,527
335,526
335,527
882,594
882,595
883,594
883,595
938,1003
938,1004
939,1003
939,1004
503,5
503,6
504,5
504,6
968,52
968,53
969,52
969,53
773,831
773,832
774,831
774,832
814,646
814,647
815,646
815,647
281,590
281,591
282,590
282,591
807,286
807,287
808,286
808,287
263,505
263,506
264,505
264,506
776,410
776,411
777,410
777,411
600,718
600,719
601,718
601,719
754,222
754,223
755,222
755,223
559,95
559,96
560,95
560,96
724,723
724,724
725,723
725,724
1014,105
1014,106
1015,105
1015,106
370,993
370,994
371,993
371,994
227,904
227,905
228,904
228,905
999,401
999,402
1000,401
1000,402
777,371
777,372
778,371
778,372
990,152
990,153
991,152
991,153
955,72
955,73
956,72
956,73
544,197
544,198
545,197
545,198
751,872
751,873
752,872
752,873
298,698
298,699
299,698
299,699
431,510
431,511
432,510
432,511
586,28
586,29
587,28
587,29
675,20
675,21
676,20
676,21
706,22
706,23
707,22
707,23
352,66
352,67
353,66
353,67
369,40
369,41
370,40
370,41
795,110
795,111
796,110
796,111
806,385
806,386
807,385
807,386
686,665
686,666
687,665
687,666
810,735
810,736
811,735
811,736
865,798
865,799
866,798
866,799
894,959
894,960
895,959
895,960
722,828
722,829
723,828
723,829
869,740
869,741
870,740
870,741
276,4
276,5
277,4
277,5
300,353
300,354
301,353
301,354
653,211
653,212
654,211
654,212
654,63
654,64
655,63
655,64
665,311
665,312
666,311
666,312
636,243
636,244
637,243
637,244
464,490
464,491
465,490
465,491
256,1018
256,1019
257,1018
257,1019
364,561
364,562
365,561
365,562
427,201
427,202
428,201
428,202
905,639
905,640
906,639
906,640
132,918
132,919
133,918
133,919
341,711
341,712
342,711
342,712
1000,72
1000,73
1001,72
1001,73
532,633
532,634
533,633
533,634
737,409
737,410
738,409
738,410
607,975
607,976
608,975
608,976
693,408
693,409
694,408
694,409
835,565
835,566
836,565
836,566
405,15
405,16
406,15
406,16
763,973
763,974
764,973
764,974
314,87
314,88
315,87
315,88
96,949
96,950
97,949
97,950
446,633
446,634
447,633
447,634
975,45
975,46
976,45
976,46
545,568
545,569
546,568
546,569
642,13
642,14
643,13
643,14
895,355
895,356
896,355
896,356
938,979
938,980
939,979
939,980
899,920
899,921
900,920
900,921
412,632
412,633
413,632
413,633
814,508
814,509
815,508
815,509
876,745
876,746
877,745
877,746
744,259
744,260
745,259
745,260
795,16
795,17
796,16
796,17
791,401
791,402
792,401
792,402
462,175
462,176
463,175
463,176
676,633
676,634
677,633
677,634
313,865
313,866
314,865
314,866
297,945
297,946
298,945
298,946
459,865
459,866
460,865
460,866
704,959
704,960
705,959
705,960
651,991
651,992
652,991
652,992
829,248
829,249
830,248
830,249
983,279
983,280
984,279
984,280
259,239
259,240
260,239
260,240
590,65
590,66
591,65
591,66
483,234
483,235
484,234
484,235
224,981
224,982
225,981
225,982
776,16
776,17
777,16
777,17
673,474
673,475
674,474
674,475
965,306
965,307
966,306
966,307
429,458
429,459
430,458
430,459
390,439
390,440
391,439
391,440
549,775
549,776
550,775
550,776
628,360
628,361
629,360
629,361
744,111
744,112
745,111
745,112
719,370
719,371
720,370
720,371
5,980
5,981
6,980
6,981
822,278
822,279
823,278
823,279
791,449
791,450
792,449
792,450
974,178
974,179
975,178
975,179
298,824
298,825
299,824
299,825
264,28
264,29
265,28
265,29
276,545
276,546
277,545
277,546
312,618
312,619
313,618
313,619
298,704
298,705
299,704
299,705
795,975
795,976
796,975
796,976
821,151
821,152
822,151
822,152
305,808
305,809
306,808
306,809
928,763
928,764
929,763
929,764
994,298
994,299
995,298
995,299
448,687
448,688
449,687
449,688
987,447
987,448
988,447
988,448
326,609
326,610
327,609
327,610
923,732
923,733
924,732
924,733
580,714
580,715
581,714
581,715
279,508
279,509
280,508
280,509
600,698
600,699
601,698
601,699
656,617
656,618
657,617
657,618
867,381
867,382
868,381
868,382
643,231
643,232
644,231
644,232
278,590
278,591
279,590
279,591
343,15
343,16
344,15
344,16
291,192
291,193
292,192
292,193
531,665
531,666
532,665
532,666
277,972
277,973
278,972
278,973
869,23
869,24
870,23
870,24
636,628
636,629
637,628
637,629
777,311
777,312
778,311
778,312
574,923
574,924
575,923
575,924
629,294
629,295
630,294
630,295
322,962
322,963
323,962
323,963
917,477
917,478
918,477
918,478
289,335
289,336
290,335
290,336
1013,100
1013,101
1014,100
1014,101
289,1020
289,1021
290,1020
290,1021
334,625
334,626
335,625
335,626
940,356
940,357
941,356
941,357
751,312
751,313
752,312
752,313
804,544
804,545
805,544
805,545
942,738
942,739
943,738
943,739
509,106
509,107
510,106
510,107
626,295
626,296
627,295
627,296
108,951
108,952
109,951
109,952
876,570
876,571
877,570
877,571
828,417
828,418
829,417
829,418
813,987
813,988
814,987
814,988
805,507
805,508
806,507
806,508
920,848
920,849
921,848
921,849
470,792
470,793
471,792
471,793
767,522
767,523
768,522
768,523
1005,27
1005,28
1006,27
1006,28
483,4
483,5
484,4
484,5
551,102
551,103
552,102
552,103
784,255
784,256
785,255
785,256
329,526
329,527
330,526
330,527
472,725
472,726
473,725
473,726
291,279
291,280
292,279
292,280
535,714
535,715
536,714
536,715
967,344
967,345
968,344
968,345
345,572
345,573
346,572
346,573
459,202
459,203
460,202
460,203
708,48
708,49
709,48
709,49
548,547
548,548
549,547
549,548
706,214
706,215
707,214
707,215
507,463
507,464
508,463
508,464
677,458
677,459
678,458
678,459
609,854
609,855
610,854
610,855
748,60
748,61
749,60
749,61
787,671
787,672
788,671
788,672
398,186
398,187
399,186
399,187
911,29
911,30
912,29
912,30
359,562
359,563
360,562
360,563
988,10
988,11
989,10
989,11
710,37
710,38
711,37
711,38
397,208
397,209
398,208
398,209
483,908
483,909
484,908
484,909
592,289
592,290
593,289
593,290
893,637
893,638
894,637
894,638
429,228
429,229
430,228
430,229
315,109
315,110
316,109
316,110
294,230
294,231
295,230
295,231
818,662
818,663
819,662
819,663
506,129
506,130
507,129
507,130
812,395
812,396
813,395
813,396
950,956
950,957
951,956
951,957
408,36
408,37
409,36
409,37
270,290
270,291
271,290
271,291
759,484
759,485
760,484
760,485
867,664
867,665
868,664
868,665
907,682
907,683
908,682
908,683
67,1021
67,1022
68,1021
68,1022
944,437
944,438
945,437
945,438
807,488
807,489
808,488
808,489
700,621
700,622
701,621
701,622
886,752
886,753
887,752
887,753
981,71
981,72
982,71
982,72
793,986
793,987
794,986
794,987
597,945
597,946
598,945
598,946
54,544
54,545
55,544
55,545
341,229
341,230
342,229
342,230
430,379
430,380
431,379
431,380
609,863
609,864
610,863
610,864
871,879
871,880
872,879
872,880
978,636
978,637
979,636
979,637
735,9
735,10
736,9
736,10
568,902
568,903
569,902
569,903
972,817
972,818
973,817
973,818
798,705
798,706
799,705
799,706
825,425
825,426
826,425
826,426
469,698
469,699
470,698
470,699
1023,398
1023,399
1024,398
1024,399
777,551
777,552
778,551
778,552
999,127
999,128
1000,127
1000,128
285,945
285,946
286,945
286,946
559,692
559,693
560,692
560,693
750,379
750,380
751,379
751,380
854,670
854,671
855,670
855,671
687,207
687,208
688,207
688,208
485,321
485,322
486,321
486,322
378,602
378,603
379,602
379,603
882,865
882,866
883,865
883,866
553,36
553,37
554,36
554,37
799,364
799,365
800,364
800,365
434,369
434,370
435,369
435,370
466,1016
466,1017
467,1016
467,1017
696,475
696,476
697,475
697,476
799,459
799,460
800,459
800,460
207,971
207,972
208,971
208,972
955,227
955,228
956,227
956,228
440,1007
440,1008
441,1007
441,1008
709,313
709,314
710,313
710,314
809,77
809,78
810,77
810,78
652,606
652,607
653,606
653,607
851,550
851,551
852,550
852,551
444,425
444,426
445,425
445,426
807,576
807,577
808,576
808,577
708,275
708,276
709,275
709,276
376,619
376,620
377,619
377,620
202,981
202,982
203,981
203,982
138,966
138,967
139,966
139,967
699,977
699,978
700,977
700,978
365,47
365,48
366,47
366,48
286,784
286,785
287,784
287,785
612,956
612,957
613,956
613,957
570,68
570,69
571,68
571,69
723,51
723,52
724,51
724,52
661,205
661,206
662,205
662,206
929,769
929,770
930,769
930,770
360,252
360,253
361,252
361,253
819,568
819,569
820,568
820,569
537,922
537,923
538,922
538,923
384,97
384,98
385,97
385,98
270,597
270,598
271,597
271,598
819,419
819,420
820,419
820,420
374,571
374,572
375,571
375,572
540,538
540,539
541,538
541,539
311,848
311,849
312,848
312,849
552,688
552,689
553,688
553,689
533,681
533,682
534,681
534,682
341,610
341,611
342,610
342,611
320,978
320,979
321,978
321,979
489,655
489,656
490,655
490,656
818,438
818,439
819,438
819,439
304,74
304,75
305,74
305,75
897,454
897,455
898,454
898,455
390,912
390,913
391,912
391,913
269,481
269,482
270,481
270,482
830,866
830,867
831,866
831,867
591,903
591,904
592,903
592,904
788,652
788,653
789,652
789,653
279,820
279,821
280,820
280,821
923,634
923,635
924,634
924,635
852,736
852,737
853,736
853,737
431,200
431,201
432,200
432,201
891,320
891,321
892,320
892,321
898,477
898,478
899,477
899,478
971,468
971,469
972,468
972,469
288,98
288,99
289,98
289,99
583,607
583,608
584,607
584,608
802,178
802,179
803,178
803,179
879,707
879,708
880,707
880,708
743,117
743,118
744,117
744,118
297,799
297,800
298,799
298,800
361,743
361,744
362,743
362,744
311,883
311,884
312,883
312,884
597,978
597,979
598,978
598,979
531,675
531,676
532,675
532,676
473,808
473,809
474,808
474,809
418,634
418,635
419,634
419,635
308,965
308,966
309,965
309,966
611,726
611,727
612,726
612,727
861,969
861,970
862,969
862,970
971,205
971,206
972,205
972,206
568,745
568,746
569,745
569,746
514,551
514,552
515,551
515,552
631,92
631,93
632,92
632,93
461,378
461,379
462,378
462,379
871,769
871,770
872,769
872,770
434,559
434,560
435,559
435,560
402,602
402,603
403,602
403,603
328,988
328,989
329,988
329,989
776,886
776,887
777,886
777,887
322,703
322,704
323,703
323,704
669,772
669,773
670,772
670,773
850,778
850,779
851,778
851,779
668,1019
668,1020
669,1019
669,1020
972,254
972,255
973,254
973,255
937,367
937,368
938,367
938,368
979,352
979,353
980,352
980,353
711,839
711,840
712,839
712,840
426,781
426,782
427,781
427,782
155,990
155,991
156,990
156,991
985,459
985,460
986,459
986,460
395,372
395,373
396,372
396,373
886,365
886,366
887,365
887,366
496,604
496,605
497,604
497,605
368,326
368,327
369,326
369,327
169,963
169,964
170,963
170,964
636,332
636,333
637,332
637,333
18,1018
18,1019
19,1018
19,1019
260,775
260,776
261,775
261,776
467,681
467,682
468,681
468,682
585,618
585,619
586,618
586,619
886,886
886,887
887,886
887,887
833,706
833,707
834,706
834,707
601,554
601,555
602,554
602,555
371,225
371,226
372,225
372,226
276,507
276,508
277,507
277,508
763,976
763,977
764,976
764,977
803,573
803,574
804,573
804,574
940,930
940,931
941,930
941,931
1008,229
1008,230
1009,229
1009,230
964,671
964,672
965,671
965,672
799,25
799,26
800,25
800,26
994,154
994,155
995,154
995,155
205,849
205,850
206,849
206,850
265,981
265,982
266,981
266,982
831,581
831,582
832,581
832,582
728,443
728,444
729,443
729,444
1011,24
1011,25
1012,24
1012,25
796,223
796,224
797,223
797,224
487,42
487,43
488,42
488,43
729,722
729,723
730,722
730,723
823,615
823,616
824,615
824,616
216,940
216,941
217,940
217,941
917,456
917,457
918,456
918,457
885,616
885,617
886,616
886,617
807,123
807,124
808,123
808,124
630,891
630,892
631,891
631,892
795,570
795,571
796,570
796,571
796,251
796,252
797,251
797,252
991,266
991,267
992,266
992,267
481,241
481,242
482,241
482,242
866,639
866,640
867,639
867,640
469,671
469,672
470,671
470,672
621,597
621,598
622,597
622,598
677,710
677,711
678,710
678,711
769,987
769,988
770,987
770,988
417,323
417,324
418,323
418,324
481,800
481,801
482,800
482,801
907,971
907,972
908,971
908,972
528,344
528,345
529,344
529,345
799,447
799,448
800,447
800,448
396,690
396,691
397,690
397,691
974,1
974,2
975,1
975,2
736,257
736,258
737,257
737,258
556,621
556,622
557,621
557,622
297,858
297,859
298,858
298,859
884,633
884,634
885,633
885,634
451,467
451,468
452,467
452,468
821,432
821,433
822,432
822,433
323,830
323,831
324,830
324,831
547,317
547,318
548,317
548,318
910,890
910,891
911,890
911,891
920,798
920,799
921,798
921,799
836,695
836,696
837,695
837,696
894,697
894,698
895,697
895,698
708,947
708,948
709,947
709,948
684,22
684,23
685,22
685,23
279,742
279,743
280,742
280,743
726,462
726,463
727,462
727,463
289,768
289,769
290,768
290,769
905,266
905,267
906,266
906,267
635,30
635,31
636,30
636,31
842,64
842,65
843,64
843,65
908,976
908,977
909,976
909,977
366,917
366,918
367,917
367,918
412,33
412,34
413,33
413,34
567,218
567,219
568,218
568,219
468,742
468,743
469,742
469,743
660,529
660,530
661,529
661,530
624,33
624,34
625,33
625,34
851,253
851,254
852,253
852,254
789,586
789,587
790,586
790,587
144,871
144,872
145,871
145,872
750,7
750,8
751,7
751,8
748,707
748,708
749,707
749,708
898,541
898,542
899,541
899,542
328,603
328,604
329,603
329,604
639,512
639,513
640,512
640,513
447,880
447,881
448,880
448,881
828,237
828,238
829,237
829,238
1022,997
1022,998
1023,997
1023,998
765,933
765,934
766,933
766,934
612,267
612,268
613,267
613,268
643,444
643,445
644,444
644,445
260,501
260,502
261,501
261,502
1009,124
1009,125
1010,124
1010,125
265,483
265,484
266,483
266,484
873,520
873,521
874,520
874,521
817,509
817,510
818,509
818,510
273,573
273,574
274,573
274,574
609,37
609,38
610,37
610,38
688,482
688,483
689,482
689,483
92,950
92,951
93,950
93,951
449,724
449,725
450,724
450,725
713,246
713,247
714,246
714,247
686,987
686,988
687,987
687,988
404,661
404,662
405,661
405,662
888,529
888,530
889,529
889,530
860,186
860,187
861,186
861,187
598,275
598,276
599,275
599,276
503,551
503,552
504,551
504,552
772,593
772,594
773,593
773,594
278,977
278,978
279,977
279,978
252,832
252,833
253,832
253,833
976,123
976,124
977,123
977,124
476,686
476,687
477,686
477,687
531,610
531,611
532,610
532,611
412,25
412,26
413,25
413,26
319,895
319,896
320,895
320,896
875,307
875,308
876,307
876,308
813,976
813,977
814,976
814,977
450,636
450,637
451,636
451,637
294,959
294,960
295,959
295,960
454,531
454,532
455,531
455,532
864,151
864,152
865,151
865,152
819,886
819,887
820,886
820,887
501,38
501,39
502,38
502,39
753,1013
753,1014
754,1013
754,1014
402,404
402,405
403,404
403,405
292,559
292,560
293,559
293,560
874,472
874,473
875,472
875,473
643,725
643,726
644,725
644,726
384,364
384,365
385,364
385,365
777,502
777,503
778,502
778,503
819,541
819,542
820,541
820,542
485,705
485,706
486,705
486,706
605,849
605,850
606,849
606,850
1015,24
1015,25
1016,24
1016,25
820,490
820,491
821,490
821,491
879,848
879,849
880,848
880,849
725,850
725,851
726,850
726,851
446,207
446,208
447,207
447,208
489,633
489,634
490,633
490,634
951,692
951,693
952,692
952,693
721,621
721,622
722,621
722,622
801,101
801,102
802,101
802,102
549,678
549,679
550,678
550,679
648,1018
648,1019
649,1018
649,1019
777,865
777,866
778,865
778,866
273,798
273,799
274,798
274,799
666,203
666,204
667,203
667,204
791,904
791,905
792,904
792,905
225,915
225,916
226,915
226,916
640,477
640,478
641,477
641,478
390,898
390,899
391,898
391,899
224,960
224,961
225,960
225,961
364,20
364,21
365,20
365,21
463,688
463,689
464,688
464,689
341,573
341,574
342,573
342,574
388,918
388,919
389,918
389,919
636,824
636,825
637,824
637,825
624,111
624,112
625,111
625,112
536,660
536,661
537,660
537,661
341,760
341,761
342,760
342,761
530,835
530,836
531,835
531,836
842,886
842,887
843,886
843,887
625,947
625,948
626,947
626,948
352,817
352,818
353,817
353,818
721,18
721,19
722,18
722,19
763,233
763,234
764,233
764,234
288,958
288,959
289,958
289,959
500,339
500,340
501,339
501,340
522,526
522,527
523,526
523,527
638,69
638,70
639,69
639,70
381,624
381,625
382,624
382,625
426,244
426,245
427,244
427,245
1012,97
1012,98
1013,97
1013,98
1008,972
1008,973
1009,972
1009,973
675,294
675,295
676,294
676,295
390,298
390,299
391,298
391,299
793,148
793,149
794,148
794,149
626,202
626,203
627,202
627,203
455,27
455,28
456,27
456,28
618,943
618,944
619,943
619,944
686,613
686,614
687,613
687,614
892,822
892,823
893,822
893,823
292,258
292,259
293,258
293,259
1005,519
1005,520
1006,519
1006,520
385,517
385,518
386,517
386,518
264,472
264,473
265,472
265,473
697,9
697,10
698,9
698,10
658,561
658,562
659,561
659,562
686,651
686,652
687,651
687,652
202,970
202,971
203,970
203,971
802,163
802,164
803,163
803,164
811,477
811,478
812,477
812,478
839,370
839,371
840,370
840,371
507,109
507,110
508,109
508,110
814,417
814,418
815,417
815,418
365,486
365,487
366,486
366,487
594,206
594,207
595,206
595,207
571,123
571,124
572,123
572,124
536,375
536,376
537,375
537,376
679,741
679,742
680,741
680,742
707,894
707,895
708,894
708,895
676,841
676,842
677,841
677,842
973,215
973,216
974,215
974,216
736,43
736,44
737,43
737,44
965,174
965,175
966,174
966,175
583,888
583,889
584,888
584,889
893,325
893,326
894,325
894,326
756,213
756,214
757,213
757,214
448,505
448,506
449,505
449,506
675,229
675,230
676,229
676,230
742,275
742,276
743,275
743,276
811,708
811,709
812,708
812,709
966,229
966,230
967,229
967,230
332,810
332,811
333,810
333,811
449,243
449,244
450,243
450,244
844,364
844,365
845,364
845,365
384,593
384,594
385,593
385,594
973,238
973,239
974,238
974,239
715,189
715,190
716,189
716,190
1021,914
1021,915
1022,914
1022,915
263,555
263,556
264,555
264,556
685,227
685,228
686,227
686,228
943,1016
943,1017
944,1016
944,1017
326,214
326,215
327,214
327,215
140,816
140,817
141,816
141,817
262,866
262,867
263,866
263,867
367,319
367,320
368,319
368,320
796,230
796,231
797,230
797,231
670,997
670,998
671,997
671,998
498,62
498,63
499,62
499,63
416,630
416,631
417,630
417,631
809,976
809,977
810,976
810,977
506,158
506,159
507,158
507,159
477,629
477,630
478,629
478,630
958,291
958,292
959,291
959,292
274,606
274,607
275,606
275,607
4,973
4,974
5,973
5,974
622,680
622,681
623,680
623,681
461,37
461,38
462,37
462,38
526,951
526,952
527,951
527,952
421,366
421,367
422,366
422,367
931,877
931,878
932,877
932,878
808,88
808,89
809,88
809,89
697,771
697,772
698,771
698,772
620,29
620,30
621,29
621,30
986,700
986,701
987,700
987,701
510,172
510,173
511,172
511,173
980,960
980,961
981,960
981,961
1016,161
1016,162
1017,161
1017,162
850,615
850,616
851,615
851,616
764,379
764,380
765,379
765,380
415,362
415,363
416,362
416,363
864,376
864,377
865,376
865,377
661,1019
661,1020
662,1019
662,1020
294,247
294,248
295,247
295,248
903,967
903,968
904,967
904,968
899,488
899,489
900,488
900,489
459,345
459,346
460,345
460,346
944,452
944,453
945,452
945,453
449,90
449,91
450,90
450,91
442,742
442,743
443,742
443,743
908,333
908,334
909,333
909,334
753,257
753,258
754,257
754,258
678,820
678,821
679,820
679,821
596,686
596,687
597,686
597,687
731,1012
731,1013
732,1012
732,1013
894,591
894,592
895,591
895,592
611,298
611,299
612,298
612,299
324,769
324,770
325,769
325,770
731,262
731,263
732,262
732,263
541,267
541,268
542,267
542,268
271,750
271,751
272,750
272,751
996,57
996,58
997,57
997,58
786,885
786,886
787,885
787,886
389,888
389,889
390,888
390,889
166,985
166,986
167,985
167,986
874,832
874,833
875,832
875,833
456,657
456,658
457,657
457,658
423,424
423,425
424,424
424,425
979,17
979,18
980,17
980,18
485,300
485,301
486,300
486,301
292,301
292,302
293,301
293,302
364,982
364,983
365,982
365,983
725,275
725,276
726,275
726,276
871,194
871,195
872,194
872,195
924,694
924,695
925,694
925,695
508,80
508,81
509,80
509,81
362,923
362,924
363,923
363,924
486,343
486,344
487,343
487,344
701,259
701,260
702,259
702,260
342,884
342,885
343,884
343,885
848,976
848,977
849,976
849,977
477,542
477,543
478,542
478,543
1,975
1,976
2,975
2,976
810,856
810,857
811,856
811,857
969,731
969,732
970,731
970,732
1006,54
1006,55
1007,54
1007,55
144,821
144,822
145,821
145,822
778,376
778,377
779,376
779,377
661,1010
661,1011
662,1010
662,1011
349,402
349,403
350,402
350,403
474,462
474,463
475,462
475,463
705,649
705,650
706,649
706,650
841,896
841,897
842,896
842,897
681,655
681,656
682,655
682,656
985,951
985,952
986,951
986,952
559,401
559,402
560,401
560,402
778,945
778,946
779,945
779,946
903,476
903,477
904,476
904,477
886,567
886,568
887,567
887,568
317,832
317,833
318,832
318,833
635,924
635,925
636,924
636,925
967,479
967,480
968,479
968,480
541,344
541,345
542,344
542,345
684,1014
684,1015
685,1014
685,1015
689,606
689,607
690,606
690,607
607,574
607,575
608,574
608,575
849,193
849,194
850,193
850,194
993,261
993,262
994,261
994,262
693,589
693,590
694,589
694,590
891,778
891,779
892,778
892,779
886,797
886,798
887,797
887,798
419,1008
419,1009
420,1008
420,1009
801,930
801,931
802,930
802,931
6,967
6,968
7,967
7,968
503,557
503,558
504,557
504,558
923,277
923,278
924,277
924,278
360,901
360,902
361,901
361,902
382,568
382,569
383,568
383,569
872,785
872,786
873,785
873,786
901,875
901,876
902,875
902,876
595,250
595,251
596,250
596,251
896,328
896,329
897,328
897,329
388,183
388,184
389,183
389,184
646,597
646,598
647,597
647,598
370,215
370,216
371,215
371,216
604,853
604,854
605,853
605,854
731,919
731,920
732,919
732,920
969,670
969,671
970,670
970,671
434,920
434,921
435,920
435,921
243,959
243,960
244,959
244,960
78,534
78,535
79,534
79,535
490,146
490,147
491,146
491,147
678,1004
678,1005
679,1004
679,1005
847,697
847,698
848,697
848,698
473,861
473,862
474,861
474,862
305,499
305,500
306,499
306,500
293,519
293,520
294,519
294,520
31,989
31,990
32,989
32,990
569,184
569,185
570,184
570,185
937,6
937,7
938,6
938,7
803,1021
803,1022
804,1021
804,1022
946,990
946,991
947,990
947,991
939,970
939,971
940,970
940,971
157,962
157,963
158,962
158,963
441,778
441,779
442,778
442,779
847,780
847,781
848,780
848,781
552,264
552,265
553,264
553,265
456,467
456,468
457,467
457,468
310,981
310,982
311,981
311,982
328,391
328,392
329,391
329,392
410,380
410,381
411,380
411,381
893,383
893,384
894,383
894,384
811,230
811,231
812,230
812,231
553,694
553,695
554,694
554,695
649,679
649,680
650,679
650,680
453,521
453,522
454,521
454,522
959,965
959,966
960,965
960,966
395,604
395,605
396,604
396,605
494,143
494,144
495,143
495,144
216,906
216,907
217,906
217,907
426,387
426,388
427,387
427,388
338,990
338,991
339,990
339,991
830,641
830,642
831,641
831,642
715,205
715,206
716,205
716,206
809,105
809,106
810,105
810,106
907,489
907,490
908,489
908,490
795,673
795,674
796,673
796,674
132,875
132,876
133,875
133,876
771,449
771,450
772,449
772,450
803,409
803,410
804,409
804,410
546,930
546,931
547,930
547,931
740,490
740,491
741,490
741,491
1017,255
1017,256
1018,255
1018,256
997,998
997,999
998,998
998,999
254,973
254,974
255,973
255,974
349,608
349,609
350,608
350,609
887,535
887,536
888,535
888,536
689,771
689,772
690,771
690,772
1021,919
1021,920
1022,919
1022,920
972,841
972,842
973,841
973,842
731,887
731,888
732,887
732,888
877,61
877,62
878,61
878,62
188,842
188,843
189,842
189,843
394,18
394,19
395,18
395,19
955,29
955,30
956,29
956,30
433,581
433,582
434,581
434,582
934,637
934,638
935,637
935,638
410,435
410,436
411,435
411,436
467,879
467,880
468,879
468,880
872,812
872,813
873,812
873,813
786,351
786,352
787,351
787,352
620,276
620,277
621,276
621,277
716,462
716,463
717,462
717,463
633,73
633,74
634,73
634,74
951,621
951,622
952,621
952,622
1018,921
1018,922
1019,921
1019,922
579,1013
579,1014
580,1013
580,1014
603,959
603,960
604,959
604,960
27,1005
27,1006
28,1005
28,1006
556,429
556,430
557,429
557,430
627,892
627,893
628,892
628,893
291,811
291,812
292,811
292,812
594,759
594,760
595,759
595,760
816,782
816,783
817,782
817,783
721,157
721,158
722,157
722,158
889,676
889,677
890,676
890,677
790,82
790,83
791,82
791,83
869,352
869,353
870,352
870,353
574,660
574,661
575,660
575,661
324,210
324,211
325,210
325,211
907,644
907,645
908,644
908,645
785,364
785,365
786,364
786,365
775,399
775,400
776,399
776,400
448,194
448,195
449,194
449,195
1015,149
1015,150
1016,149
1016,150
486,573
486,574
487,573
487,574
837,952
837,953
838,952
838,953
563,620
563,621
564,620
564,621
417,180
417,181
418,180
418,181
430,13
430,14
431,13
431,14
868,567
868,568
869,567
869,568
629,863
629,864
630,863
630,864
629,981
629,982
630,981
630,982
648,717
648,718
649,717
649,718
492,984
492,985
493,984
493,985
485,115
485,116
486,115
486,116
584,319
584,320
585,319
585,320
617,418
617,419
618,418
618,419
890,331
890,332
891,331
891,332
768,226
768,227
769,226
769,227
582,717
582,718
583,717
583,718
788,992
788,993
789,992
789,993
593,863
593,864
594,863
594,864
381,322
381,323
382,322
382,323
685,428
685,429
686,428
686,429
358,644
358,645
359,644
359,645
603,252
603,253
604,252
604,253
413,22
413,23
414,22
414,23
355,37
355,38
356,37
356,38
687,246
687,247
688,246
688,247
454,495
454,496
455,495
455,496
795,520
795,521
796,520
796,521
671,42
671,43
672,42
672,43
309,72
309,73
310,72
310,73
539,549
539,550
540,549
540,550
370,909
370,910
371,909
371,910
650,448
650,449
651,448
651,449
527,612
527,613
528,612
528,613
774,367
774,368
775,367
775,368
217,977
217,978
218,977
218,978
199,934
199,935
200,934
200,935
255,826
255,827
256,826
256,827
535,73
535,74
536,73
536,74
369,686
369,687
370,686
370,687
715,470
715,471
716,470
716,471
905,623
905,624
906,623
906,624
385,923
385,924
386,923
386,924
946,227
946,228
947,227
947,228
297,523
297,524
298,523
298,524
718,232
718,233
719,232
719,233
949,960
949,961
950,960
950,961
337,937
337,938
338,937
338,938
531,430
531,431
532,430
532,431
992,1015
992,1016
993,1015
993,1016
400,311
400,312
401,311
401,312
326,560
326,561
327,560
327,561
606,684
606,685
607,684
607,685
871,90
871,91
872,90
872,91
620,12
620,13
621,12
621,13
1015,342
1015,343
1016,342
1016,343
987,74
987,75
988,74
988,75
66,534
66,535
67,534
67,535
919,793
919,794
920,793
920,794
1009,1010
1009,1011
1010,1010
1010,1011
613,332
613,333
614,332
614,333
833,782
833,783
834,782
834,783
553,834
553,835
554,834
554,835
604,903
604,904
605,903
605,904
643,432
643,433
644,432
644,433
728,356
728,357
729,356
729,357
710,728
710,729
711,728
711,729
726,544
726,545
727,544
727,545
298,863
298,864
299,863
299,864
641,816
641,817
642,816
642,817
344,606
344,607
345,606
345,607
787,855
787,856
788,855
788,856
918,185
918,186
919,185
919,186
949,319
949,320
950,319
950,320
967,326
967,327
968,326
968,327
459,700
459,701
460,700
460,701
304,545
304,546
305,545
305,546
449,576
449,577
450,576
450,577
589,661
589,662
590,661
590,662
835,186
835,187
836,186
836,187
830,194
830,195
831,194
831,195
853,329
853,330
854,329
854,330
987,523
987,524
988,523
988,524
910,861
910,862
911,861
911,862
291,313
291,314
292,313
292,314
773,985
773,986
774,985
774,986
875,487
875,488
876,487
876,488
979,827
979,828
980,827
980,828
373,975
373,976
374,975
374,976
995,627
995,628
996,627
996,628
456,308
456,309
457,308
457,309
618,226
618,227
619,226
619,227
826,932
826,933
827,932
827,933
609,678
609,679
610,678
610,679
471,566
471,567
472,566
472,567
598,626
598,627
599,626
599,627
555,994
555,995
556,994
556,995
607,924
607,925
608,924
608,925
763,462
763,463
764,462
764,463
699,666
699,667
700,666
700,667
262,85
262,86
263,85
263,86
629,854
629,855
630,854
630,855
272,251
272,252
273,251
273,252
918,12
918,13
919,12
919,13
73,266
73,267
74,266
74,267
1018,29
1018,30
1019,29
1019,30
260,966
260,967
261,966
261,967
443,184
443,185
444,184
444,185
987,486
987,487
988,486
988,487
953,570
953,571
954,570
954,571
803,62
803,63
804,62
804,63
558,154
558,155
559,154
559,155
815,168
815,169
816,168
816,169
670,716
670,717
671,716
671,717
288,625
288,626
289,625
289,626
664,220
664,221
665,220
665,221
421,776
421,777
422,776
422,777
1023,762
1023,763
1024,762
1024,763
515,785
515,786
516,785
516,786
995,665
995,666
996,665
996,666
829,455
829,456
830,455
830,456
803,660
803,661
804,660
804,661
347,132
347,133
348,132
348,133
869,621
869,622
870,621
870,622
717,765
717,766
718,765
718,766
779,3
779,4
780,3
780,4
723,1009
723,1010
724,1009
724,1010
870,965
870,966
871,965
871,966
771,892
771,893
772,892
772,893
913,802
913,803
914,802
914,803
260,277
260,278
261,277
261,278
592,995
592,996
593,995
593,996
313,60
313,61
314,60
314,61
765,652
765,653
766,652
766,653
302,579
302,580
303,579
303,580
751,579
751,580
752,579
752,580
369,22
369,23
370,22
370,23
957,339
957,340
958,339
958,340
740,763
740,764
741,763
741,764
298,720
298,721
299,720
299,721
443,586
443,587
444,586
444,587
546,623
546,624
547,623
547,624
446,168
446,169
447,168
447,169
508,113
508,114
509,113
509,114
262,250
262,251
263,250
263,251
834,93
834,94
835,93
835,94
402,238
402,239
403,238
403,239
462,10
462,11
463,10
463,11
517,928
517,929
518,928
518,929
281,1020
281,1021
282,1020
282,1021
649,592
649,593
650,592
650,593
903,551
903,552
904,551
904,552
715,135
715,136
716,135
716,136
1010,58
1010,59
1011,58
1011,59
699,758
699,759
700,758
700,759
629,953
629,954
630,953
630,954
359,69
359,70
360,69
360,70
315,953
315,954
316,953
316,954
827,395
827,396
828,395
828,396
797,332
797,333
798,332
798,333
324,740
324,741
325,740
325,741
46,1017
46,1018
47,1017
47,1018
836,652
836,653
837,652
837,653
617,445
617,446
618,445
618,446
733,230
733,231
734,230
734,231
642,1019
642,1020
643,1019
643,1020
283,672
283,673
284,672
284,673
431,742
431,743
432,742
432,743
357,454
357,455
358,454
358,455
935,1
935,2
936,1
936,2
845,106
845,107
846,106
846,107
401,388
401,389
402,388
402,389
494,106
494,107
495,106
495,107
718,622
718,623
719,622
719,623
555,703
555,704
556,703
556,704
974,737
974,738
975,737
975,738
639,385
639,386
640,385
640,386
742,9
742,10
743,9
743,10
716,196
716,197
717,196
717,197
227,958
227,959
228,958
228,959
700,709
700,710
701,709
701,710
442,947
442,948
443,947
443,948
817,104
817,105
818,104
818,105
789,329
789,330
790,329
790,330
480,696
480,697
481,696
481,697
823,145
823,146
824,145
824,146
281,938
281,939
282,938
282,939
450,644
450,645
451,644
451,645
517,728
517,729
518,728
518,729
782,2
782,3
783,2
783,3
1018,62
1018,63
1019,62
1019,63
335,816
335,817
336,816
336,817
632,622
632,623
633,622
633,623
988,550
988,551
989,550
989,551
597,993
597,994
598,993
598,994
319,300
319,301
320,300
320,301
311,943
311,944
312,943
312,944
867,392
867,393
868,392
868,393
944,273
944,274
945,273
945,274
680,222
680,223
681,222
681,223
490,37
490,38
491,37
491,38
510,463
510,464
511,463
511,464
272,771
272,772
273,771
273,772
1001,865
1001,866
1002,865
1002,866
929,319
929,320
930,319
930,320
669,521
669,522
670,521
670,522
752,10
752,11
753,10
753,11
1009,75
1009,76
1010,75
1010,76
993,669
993,670
994,669
994,670
935,309
935,310
936,309
936,310
268,613
268,614
269,613
269,614
588,53
588,54
589,53
589,54
763,928
763,929
764,928
764,929
787,226
787,227
788,226
788,227
509,629
509,630
510,629
510,630
468,1000
468,1001
469,1000
469,1001
930,494
930,495
931,494
931,495
944,300
944,301
945,300
945,301
995,45
995,46
996,45
996,46
435,690
435,691
436,690
436,691
1022,657
1022,658
1023,657
1023,658
472,779
472,780
473,779
473,780
1014,529
1014,530
1015,529
1015,530
977,510
977,511
978,510
978,511
854,362
854,363
855,362
855,363
8,979
8,980
9,979
9,980
721,395
721,396
722,395
722,396
636,864
636,865
637,864
637,865
278,255
278,256
279,255
279,256
635,846
635,847
636,846
636,847
638,759
638,760
639,759
639,760
599,982
599,983
600,982
600,983
1022,1012
1022,1013
1023,1012
1023,1013
854,210
854,211
855,210
855,211
938,790
938,791
939,790
939,791
868,670
868,671
869,670
869,671
827,40
827,41
828,40
828,41
464,846
464,847
465,846
465,847
321,601
321,602
322,601
322,602
982,669
982,670
983,669
983,670
923,652
923,653
924,652
924,653
795,1001
795,1002
796,1001
796,1002
759,354
759,355
760,354
760,355
559,604
559,605
560,604
560,605
617,655
617,656
618,655
618,656
472,593
472,594
473,593
473,594
847,774
847,775
848,774
848,775
432,222
432,223
433,222
433,223
1008,370
1008,371
1009,370
1009,371
304,654
304,655
305,654
305,655
835,570
835,571
836,570
836,571
876,975
876,976
877,975
877,976
972,814
972,815
973,814
973,815
646,240
646,241
647,240
647,241
814,39
814,40
815,39
815,40
439,596
439,597
440,596
440,597
888,517
888,518
889,517
889,518
316,284
316,285
317,284
317,285
886,889
886,890
887,889
887,890
955,921
955,922
956,921
956,922
819,777
819,778
820,777
820,778
684,505
684,506
685,505
685,506
487,782
487,783
488,782
488,783
735,233
735,234
736,233
736,234
926,661
926,662
927,661
927,662
370,352
370,353
371,352
371,353
538,614
538,615
539,614
539,615
724,45
724,46
725,45
725,46
458,728
458,729
459,728
459,729
344,567
344,568
345,567
345,568
567,678
567,679
568,678
568,679
425,791
425,792
426,791
426,792
417,174
417,175
418,174
418,175
292,554
292,555
293,554
293,555
446,25
446,26
447,25
447,26
708,827
708,828
709,827
709,828
942,403
942,404
943,403
943,404
1000,154
1000,155
1001,154
1001,155
286,324
286,325
287,324
287,325
530,300
530,301
531,300
531,301
662,670
662,671
663,670
663,671
266,493
266,494
267,493
267,494
1010,968
1010,969
1011,968
1011,969
262,41
262,42
263,41
263,42
683,729
683,730
684,729
684,730
320,277
320,278
321,277
321,278
441,321
441,322
442,321
442,322
916,444
916,445
917,444
917,445
652,487
652,488
653,487
653,488
633,432
633,433
634,432
634,433
708,18
708,19
709,18
709,19
426,234
426,235
427,234
427,235
966,939
966,940
967,939
967,940
793,137
793,138
794,137
794,138
516,340
516,341
517,340
517,341
610,327
610,328
611,327
611,328
475,566
475,567
476,566
476,567
931,899
931,900
932,899
932,900
786,932
786,933
787,932
787,933
361,327
361,328
362,327
362,328
533,730
533,731
534,730
534,731
375,236
375,237
376,236
376,237
622,629
622,630
623,629
623,630
146,936
146,937
147,936
147,937
674,590
674,591
675,590
675,591
890,665
890,666
891,665
891,666
397,455
397,456
398,455
398,456
652,53
652,54
653,53
653,54
515,428
515,429
516,428
516,429
405,326
405,327
406,326
406,327
734,815
734,816
735,815
735,816
207,839
207,840
208,839
208,840
219,984
219,985
220,984
220,985
467,558
467,559
468,558
468,559
368,19
368,20
369,19
369,20
623,812
623,813
624,812
624,813
626,470
626,471
627,470
627,471
428,343
428,344
429,343
429,344
305,918
305,919
306,918
306,919
701,483
701,484
702,483
702,484
572,996
572,997
573,996
573,997
584,77
584,78
585,77
585,78
968,75
968,76
969,75
969,76
725,1
725,2
726,1
726,2
580,203
580,204
581,203
581,204
416,782
416,783
417,782
417,783
957,175
957,176
958,175
958,176
430,436
430,437
431,436
431,437
757,935
757,936
758,935
758,936
784,266
784,267
785,266
785,267
896,700
896,701
897,700
897,701
607,371
607,372
608,371
608,372
157,813
157,814
158,813
158,814
887,786
887,787
888,786
888,787
619,877
619,878
620,877
620,878
804,704
804,705
805,704
805,705
658,304
658,305
659,304
659,305
845,57
845,58
846,57
846,58
997,681
997,682
998,681
998,682
696,759
696,760
697,759
697,760
475,970
475,971
476,970
476,971
428,187
428,188
429,187
429,188
429,161
429,162
430,161
430,162
617,124
617,125
618,124
618,125
359,60
359,61
360,60
360,61
963,733
963,734
964,733
964,734
132,925
132,926
133,925
133,926
637,928
637,929
638,928
638,929
412,785
412,786
413,785
413,786
580,730
580,731
581,730
581,731
152,820
152,821
153,820
153,821
339,415
339,416
340,415
340,416
334,876
334,877
335,876
335,877
143,893
143,894
144,893
144,894
964,767
964,768
965,767
965,768
599,660
599,661
600,660
600,661
895,10
895,11
896,10
896,11
561,904
561,905
562,904
562,905
318,957
318,958
319,957
319,958
984,559
984,560
985,559
985,560
955,390
955,391
956,390
956,391
509,803
509,804
510,803
510,804
327,56
327,57
328,56
328,57
813,744
813,745
814,744
814,745
619,572
619,573
620,572
620,573
146,877
146,878
147,877
147,878
369,275
369,276
370,275
370,276
592,951
592,952
593,951
593,952
93,967
93,968
94,967
94,968
665,515
665,516
666,515
666,516
572,650
572,651
573,650
573,651
817,952
817,953
818,952
818,953
577,45
577,46
578,45
578,46
426,377
426,378
427,377
427,378
718,201
718,202
719,201
719,202
926,688
926,689
927,688
927,689
892,966
892,967
893,966
893,967
262,879
262,880
263,879
263,880
669,820
669,821
670,820
670,821
479,93
479,94
480,93
480,94
590,1002
590,1003
591,1002
591,1003
749,254
749,255
750,254
750,255
275,119
275,120
276,119
276,120
916,399
916,400
917,399
917,400
326,226
326,227
327,226
327,227
599,330
599,331
600,330
600,331
291,273
291,274
292,273
292,274
581,834
581,835
582,834
582,835
703,282
703,283
704,282
704,283
939,946
939,947
940,946
940,947
191,961
191,962
192,961
192,962
616,249
616,250
617,249
617,250
510,654
510,655
511,654
511,655
844,973
844,974
845,973
845,974
634,420
634,421
635,420
635,421
547,940
547,941
548,940
548,941
935,302
935,303
936,302
936,303
709,542
709,543
710,542
710,543
317,805
317,806
318,805
318,806
763,891
763,892
764,891
764,892
438,563
438,564
439,563
439,564
899,136
899,137
900,136
900,137
181,976
181,977
182,976
182,977
835,701
835,702
836,701
836,702
858,694
858,695
859,694
859,695
718,221
718,222
719,221
719,222
606,65
606,66
607,65
607,66
639,209
639,210
640,209
640,210
786,478
786,479
787,478
787,479
781,705
781,706
782,705
782,706
625,630
625,631
626,630
626,631
698,206
698,207
699,206
699,207
495,559
495,560
496,559
496,560
289,285
289,286
290,285
290,286
947,185
947,186
948,185
948,186
781,513
781,514
782,513
782,514
772,866
772,867
773,866
773,867
439,313
439,314
440,313
440,314
414,416
414,417
415,416
415,417
367,890
367,891
368,890
368,891
703,955
703,956
704,955
704,956
776,542
776,543
777,542
777,543
670,6
670,7
671,6
671,7
1023,60
1023,61
1024,60
1024,61
523,792
523,793
524,792
524,793
696,21
696,22
697,21
697,22
338,476
338,477
339,476
339,477
902,1001
902,1002
903,1001
903,1002
405,426
405,427
406,426
406,427
881,326
881,327
882,326
882,327
11,994
11,995
12,994
12,995
478,910
478,911
479,910
479,911
646,297
646,298
647,297
647,298
772,991
772,992
773,991
773,992
524,569
524,570
525,569
525,570
817,618
817,619
818,618
818,619
465,541
465,542
466,541
466,542
1000,55
1000,56
1001,55
1001,56
869,578
869,579
870,578
870,579
776,246
776,247
777,246
777,247
619,45
619,46
620,45
620,46
854,893
854,894
855,893
855,894
341,567
341,568
342,567
342,568
679,594
679,595
680,594
680,595
1020,878
1020,879
1021,878
1021,879
283,742
283,743
284,742
284,743
368,220
368,221
369,220
369,221
517,790
517,791
518,790
518,791
830,389
830,390
831,389
831,390
697,382
697,383
698,382
698,383
617,211
617,212
618,211
618,212
849,562
849,563
850,562
850,563
597,408
597,409
598,408
598,409
781,496
781,497
782,496
782,497
473,670
473,671
474,670
474,671
586,311
586,312
587,311
587,312
1002,664
1002,665
1003,664
1003,665
694,486
694,487
695,486
695,487
301,46
301,47
302,46
302,47
467,459
467,460
468,459
468,460
928,786
928,787
929,786
929,787
253,809
253,810
254,809
254,810
506,168
506,169
507,168
507,169
1003,672
1003,673
1004,672
1004,673
345,710
345,711
346,710
346,711
626,761
626,762
627,761
627,762
647,564
647,565
648,564
648,565
403,442
403,443
404,442
404,443
758,222
758,223
759,222
759,223
381,989
381,990
382,989
382,990
458,548
458,549
459,548
459,549
929,775
929,776
930,775
930,776
735,690
735,691
736,690
736,691
611,717
611,718
612,717
612,718
971,806
971,807
972,806
972,807
457,520
457,521
458,520
458,521
424,958
424,959
425,958
425,959
804,714
804,715
805,714
805,715
877,552
877,553
878,552
878,553
861,312
861,313
862,312
862,313
473,308
473,309
474,308
474,309
143,974
143,975
144,974
144,975
291,202
291,203
292,202
292,203
384,321
384,322
385,321
385,322
238,961
238,962
239,961
239,962
1014,90
1014,91
1015,90
1015,91
714,485
714,486
715,485
715,486
398,443
398,444
399,443
399,444
727,569
727,570
728,569
728,570
854,89
854,90
855,89
855,90
315,749
315,750
316,749
316,750
489,804
489,805
490,804
490,805
968,421
968,422
969,421
969,422
273,778
273,779
274,778
274,779
514,320
514,321
515,320
515,321
802,199
802,200
803,199
803,200
810,658
810,659
811,658
811,659
667,33
667,34
668,33
668,34
430,330
430,331
431,330
431,331
355,746
355,747
356,746
356,747
190,935
190,936
191,935
191,936
275,469
275,470
276,469
276,470
824,183
824,184
825,183
825,184
759,256
759,257
760,256
760,257
547,963
547,964
548,963
548,964
874,872
874,873
875,872
875,873
864,432
864,433
865,432
865,433
342,902
342,903
343,902
343,903
519,54
519,55
520,54
520,55
272,499
272,500
273,499
273,500
481,656
481,657
482,656
482,657
799,617
799,618
800,617
800,618
676,14
676,15
677,14
677,15
582,553
582,554
583,553
583,554
602,39
602,40
603,39
603,40
808,696
808,697
809,696
809,697
682,812
682,813
683,812
683,813
929,829
929,830
930,829
930,830
813,592
813,593
814,592
814,593
421,792
421,793
422,792
422,793
417,329
417,330
418,329
418,330
881,523
881,524
882,523
882,524
666,591
666,592
667,591
667,592
681,971
681,972
682,971
682,972
932,933
932,934
933,933
933,934
811,460
811,461
812,460
812,461
463,651
463,652
464,651
464,652
865,688
865,689
866,688
866,689
632,726
632,727
633,726
633,727
401,920
401,921
402,920
402,921
814,471
814,472
815,471
815,472
656,957
656,958
657,957
657,958
463,701
463,702
464,701
464,702
909,873
909,874
910,873
910,874
329,844
329,845
330,844
330,845
572,360
572,361
573,360
573,361
190,902
190,903
191,902
191,903
828,571
828,572
829,571
829,572
814,859
814,860
815,859
815,860
821,58
821,59
822,58
822,59
935,932
935,933
936,932
936,933
419,356
419,357
420,356
420,357
374,209
374,210
375,209
375,210
417,657
417,658
418,657
418,658
432,34
432,35
433,34
433,35
967,410
967,411
968,410
968,411
346,839
346,840
347,839
347,840
1001,120
1001,121
1002,120
1002,121
450,299
450,300
451,299
451,300
449,775
449,776
450,775
450,776
799,524
799,525
800,524
800,525
310,916
310,917
311,916
311,917
873,61
873,62
874,61
874,62
631,65
631,66
632,65
632,66
275,678
275,679
276,678
276,679
468,644
468,645
469,644
469,645
485,86
485,87
486,86
486,87
408,358
408,359
409,358
409,359
966,37
966,38
967,37
967,38
567,858
567,859
568,858
568,859
774,251
774,252
775,251
775,252
448,458
448,459
449,458
449,459
477,209
477,210
478,209
478,210
481,339
481,340
482,339
482,340
491,96
491,97
492,96
492,97
475,642
475,643
476,642
476,643
877,252
877,253
878,252
878,253
879,880
879,881
880,880
880,881
487,966
487,967
488,966
488,967
674,870
674,871
675,870
675,871
615,716
615,717
616,716
616,717
989,698
989,699
990,698
990,699
268,722
268,723
269,722
269,723
687,252
687,253
688,252
688,253
384,911
384,912
385,911
385,912
331,663
331,664
332,663
332,664
373,958
373,959
374,958
374,959
626,734
626,735
627,734
627,735
832,586
832,587
833,586
833,587
789,287
789,288
790,287
790,288
643,597
643,598
644,597
644,598
907,912
907,913
908,912
908,913
728,363
728,364
729,363
729,364
290,980
290,981
291,980
291,981
955,383
955,384
956,383
956,384
827,872
827,873
828,872
828,873
146,942
146,943
147,942
147,943
509,206
509,207
510,206
510,207
237,809
237,810
238,809
238,810
518,609
518,610
519,609
519,610
286,933
286,934
287,933
287,934
370,362
370,363
371,362
371,363
345,496
345,497
346,496
346,497
421,36
421,37
422,36
422,37
449,308
449,309
450,308
450,309
856,190
856,191
857,190
857,191
430,543
430,544
431,543
431,544
390,701
390,702
391,701
391,702
301,74
301,75
302,74
302,75
715,378
715,379
716,378
716,379
385,80
385,81
386,80
386,81
253,964
253,965
254,964
254,965
745,363
745,364
746,363
746,364
648,761
648,762
649,761
649,762
594,419
594,420
595,419
595,420
270,582
270,583
271,582
271,583
690,466
690,467
691,466
691,467
589,650
589,651
590,650
590,651
637,226
637,227
638,226
638,227
613,863
613,864
614,863
614,864
449,950
449,951
450,950
450,951
909,243
909,244
910,243
910,244
747,17
747,18
748,17
748,18
395,23
395,24
396,23
396,24
546,639
546,640
547,639
547,640
863,317
863,318
864,317
864,318
246,533
246,534
247,533
247,534
637,966
637,967
638,966
638,967
406,401
406,402
407,401
407,402
536,937
536,938
537,937
537,938
919,837
919,838
920,837
920,838
6,1015
6,1016
7,1015
7,1016
340,257
340,258
341,257
341,258
750,259
750,260
751,259
751,260
737,64
737,65
738,64
738,65
275,96
275,97
276,96
276,97
316,854
316,855
317,854
317,855
16,980
16,981
17,980
17,981
448,101
448,102
449,101
449,102
702,57
702,58
703,57
703,58
296,294
296,295
297,294
297,295
686,575
686,576
687,575
687,576
435,230
435,231
436,230
436,231
296,284
296,285
297,284
297,285
474,539
474,540
475,539
475,540
692,296
692,297
693,296
693,297
340,30
340,31
341,30
341,31
418,87
418,88
419,87
419,88
386,91
386,92
387,91
387,92
298,974
298,975
299,974
299,975
775,395
775,396
776,395
776,396
622,177
622,178
623,177
623,178
681,369
681,370
682,369
682,370
794,663
794,664
795,663
795,664
633,97
633,98
634,97
634,98
977,473
977,474
978,473
978,474
426,369
426,370
427,369
427,370
778,130
778,131
779,130
779,131
156,929
156,930
157,929
157,930
771,652
771,653
772,652
772,653
569,688
569,689
570,688
570,689
1023,77
1023,78
1024,77
1024,78
503,1018
503,1019
504,1018
504,1019
552,468
552,469
553,468
553,469
1006,470
1006,471
1007,470
1007,471
873,963
873,964
874,963
874,964
626,218
626,219
627,218
627,219
699,135
699,136
700,135
700,136
902,564
902,565
903,564
903,565
619,966
619,967
620,966
620,967
28,1017
28,1018
29,1017
29,1018
636,880
636,881
637,880
637,881
377,597
377,598
378,597
378,598
597,429
597,430
598,429
598,430
714,826
714,827
715,826
715,827
655,741
655,742
656,741
656,742
236,547
236,548
237,547
237,548
638,447
638,448
639,447
639,448
833,642
833,643
834,642
834,643
699,162
699,163
700,162
700,163
128,979
128,980
129,979
129,980
239,973
239,974
240,973
240,974
430,440
430,441
431,440
431,441
949,967
949,968
950,967
950,968
818,153
818,154
819,153
819,154
485,545
485,546
486,545
486,546
614,648
614,649
615,648
615,649
761,763
761,764
762,763
762,764
702,69
702,70
703,69
703,70
813,163
813,164
814,163
814,164
323,912
323,913
324,912
324,913
1023,705
1023,706
1024,705
1024,706
882,781
882,782
883,781
883,782
911,560
911,561
912,560
912,561
994,238
994,239
995,238
995,239
630,108
630,109
631,108
631,109
458,569
458,570
459,569
459,570
843,582
843,583
844,582
844,583
637,885
637,886
638,885
638,886
574,835
574,836
575,835
575,836
186,837
186,838
187,837
187,838
504,804
504,805
505,804
505,805
945,459
945,460
946,459
946,460
1014,225
1014,226
1015,225
1015,226
626,620
626,621
627,620
627,621
261,325
261,326
262,325
262,326
744,440
744,441
745,440
745,441
718,457
718,458
719,457
719,458
810,489
810,490
811,489
811,490
606,499
606,500
607,499
607,500
56,1010
56,1011
57,1010
57,1011
571,468
571,469
572,468
572,469
309,701
309,702
310,701
310,702
495,39
495,40
496,39
496,40
265,101
265,102
266,101
266,102
634,524
634,525
635,524
635,525
979,969
979,970
980,969
980,970
416,149
416,150
417,149
417,150
36,542
36,543
37,542
37,543
478,805
478,806
479,805
479,806
612,212
612,213
613,212
613,213
769,253
769,254
770,253
770,254
297,475
297,476
298,475
298,476
967,974
967,975
968,974
968,975
267,971
267,972
268,971
268,972
307,7
307,8
308,7
308,8
649,476
649,477
650,476
650,477
861,354
861,355
862,354
862,355
490,129
490,130
491,129
491,130
473,238
473,239
474,238
474,239
938,54
938,55
939,54
939,55
796,367
796,368
797,367
797,368
1013,522
1013,523
1014,522
1014,523
836,974
836,975
837,974
837,975
795,833
795,834
796,833
796,834
812,525
812,526
813,525
813,526
992,309
992,310
993,309
993,310
470,205
470,206
471,205
471,206
389,993
389,994
390,993
390,994
304,36
304,37
305,36
305,37
198,977
198,978
199,977
199,978
885,961
885,962
886,961
886,962
884,774
884,775
885,774
885,775
577,686
577,687
578,686
578,687
502,241
502,242
503,241
503,242
806,565
806,566
807,565
807,566
644,769
644,770
645,769
645,770
809,468
809,469
810,468
810,469
658,139
658,140
659,139
659,140
1021,318
1021,319
1022,318
1022,319
827,95
827,96
828,95
828,96
546,540
546,541
547,540
547,541
406,96
406,97
407,96
407,97
346,731
346,732
347,731
347,732
464,711
464,712
465,711
465,712
787,38
787,39
788,38
788,39
304,868
304,869
305,868
305,869
845,352
845,353
846,352
846,353
376,290
376,291
377,290
377,291
963,762
963,763
964,762
964,763
617,922
617,923
618,922
618,923
744,281
744,282
745,281
745,282
761,204
761,205
762,204
762,205
808,999
808,1000
809,999
809,1000
782,534
782,535
783,534
783,535
285,976
285,977
286,976
286,977
507,892
507,893
508,892
508,893
621,762
621,763
622,762
622,763
603,313
603,314
604,313
604,314
472,429
472,430
473,429
473,430
448,105
448,106
449,105
449,106
951,872
951,873
952,872
952,873
872,506
872,507
873,506
873,507
928,835
928,836
929,835
929,836
907,609
907,610
908,609
908,610
965,98
965,99
966,98
966,99
309,101
309,102
310,101
310,102
843,835
843,836
844,835
844,836
930,889
930,890
931,889
931,890
453,800
453,801
454,800
454,801
462,448
462,449
463,448
463,449
376,941
376,942
377,941
377,942
325,36
325,37
326,36
326,37
791,460
791,461
792,460
792,461
395,363
395,364
396,363
396,364
920,625
920,626
921,625
921,626
1008,97
1008,98
1009,97
1009,98
385,501
385,502
386,501
386,502
740,469
740,470
741,469
741,470
372,620
372,621
373,620
373,621
1013,199
1013,200
1014,199
1014,200
687,520
687,521
688,520
688,521
686,585
686,586
687,585
687,586
416,120
416,121
417,120
417,121
937,391
937,392
938,391
938,392
356,207
356,208
357,207
357,208
632,912
632,913
633,912
633,913
806,172
806,173
807,172
807,173
552,112
552,113
553,112
553,113
901,880
901,881
902,880
902,881
1022,936
1022,937
1023,936
1023,937
662,226
662,227
663,226
663,227
1023,99
1023,100
1024,99
1024,100
974,747
974,748
975,747
975,748
360,689
360,690
361,689
361,690
678,556
678,557
679,556
679,557
968,200
968,201
969,200
969,201
585,849
585,850
586,849
586,850
786,263
786,264
787,263
787,264
355,592
355,593
356,592
356,593
902,568
902,569
903,568
903,569
486,156
486,157
487,156
487,157
922,136
922,137
923,136
923,137
544,546
544,547
545,546
545,547
201,838
201,839
202,838
202,839
625,723
625,724
626,723
626,724
860,887
860,888
861,887
861,888
308,522
308,523
309,522
309,523
441,644
441,645
442,644
442,645
579,352
579,353
580,352
580,353
594,736
594,737
595,736
595,737
649,575
649,576
650,575
650,576
429,176
429,177
430,176
430,177
904,918
904,919
905,918
905,919
370,888
370,889
371,888
371,889
456,948
456,949
457,948
457,949
887,666
887,667
888,666
888,667
590,974
590,975
591,974
591,975
1011,644
1011,645
1012,644
1012,645
723,373
723,374
724,373
724,374
924,449
924,450
925,449
925,450
386,107
386,108
387,107
387,108
769,933
769,934
770,933
770,934
402,272
402,273
403,272
403,273
826,58
826,59
827,58
827,59
1012,496
1012,497
1013,496
1013,497
631,875
631,876
632,875
632,876
416,587
416,588
417,587
417,588
933,943
933,944
934,943
934,944
713,179
713,180
714,179
714,180
594,769
594,770
595,769
595,770
254,892
254,893
255,892
255,893
469,562
469,563
470,562
470,563
851,976
851,977
852,976
852,977
557,748
557,749
558,748
558,749
694,282
694,283
695,282
695,283
712,721
712,722
713,721
713,722
272,482
272,483
273,482
273,483
402,457
402,458
403,457
403,458
1010,326
1010,327
1011,326
1011,327
347,78
347,79
348,78
348,79
959,389
959,390
960,389
960,390
900,896
900,897
901,896
901,897
853,357
853,358
854,357
854,358
715,1022
715,1023
716,1022
716,1023
548,923
548,924
549,923
549,924
22,1017
22,1018
23,1017
23,1018
499,492
499,493
500,492
500,493
998,34
998,35
999,34
999,35
372,252
372,253
373,252
373,253
926,278
926,279
927,278
927,279
1017,993
1017,994
1018,993
1018,994
933,665
933,666
934,665
934,666
282,702
282,703
283,702
283,703
857,136
857,137
858,136
858,137
971,441
971,442
972,441
972,442
676,486
676,487
677,486
677,487
378,559
378,560
379,559
379,560
836,338
836,339
837,338
837,339
819,753
819,754
820,753
820,754
659,593
659,594
660,593
660,594
810,399
810,400
811,399
811,400
577,222
577,223
578,222
578,223
508,671
508,672
509,671
509,672
529,4
529,5
530,4
530,5
774,1012
774,1013
775,1012
775,1013
676,512
676,513
677,512
677,513
982,974
982,975
983,974
983,975
713,704
713,705
714,704
714,705
609,849
609,850
610,849
610,850
371,548
371,549
372,548
372,549
344,960
344,961
345,960
345,961
459,1008
459,1009
460,1008
460,1009
450,385
450,386
451,385
451,386
654,842
654,843
655,842
655,843
732,16
732,17
733,16
733,17
391,11
391,12
392,11
392,12
625,114
625,115
626,114
626,115
868,573
868,574
869,573
869,574
907,497
907,498
908,497
908,498
847,364
847,365
848,364
848,365
403,786
403,787
404,786
404,787
638,741
638,742
639,741
639,742
380,306
380,307
381,306
381,307
269,34
269,35
270,34
270,35
586,251
586,252
587,251
587,252
904,518
904,519
905,518
905,519
531,626
531,627
532,626
532,627
580,319
580,320
581,319
581,320
790,537
790,538
791,537
791,538
764,516
764,517
765,516
765,517
998,592
998,593
999,592
999,593
654,837
654,838
655,837
655,838
737,81
737,82
738,81
738,82
490,78
490,79
491,78
491,79
796,679
796,680
797,679
797,680
613,430
613,431
614,430
614,431
206,894
206,895
207,894
207,895
413,389
413,390
414,389
414,390
778,776
778,777
779,776
779,777
341,622
341,623
342,622
342,623
312,98
312,99
313,98
313,99
829,329
829,330
830,329
830,330
695,218
695,219
696,218
696,219
554,642
554,643
555,642
555,643
990,524
990,525
991,524
991,525
803,172
803,173
804,172
804,173
776,354
776,355
777,354
777,355
374,262
374,263
375,262
375,263
280,982
280,983
281,982
281,983
632,863
632,864
633,863
633,864
463,568
463,569
464,568
464,569
809,61
809,62
810,61
810,62
311,27
311,28
312,27
312,28
483,398
483,399
484,398
484,399
716,150
716,151
717,150
717,151
298,934
298,935
299,934
299,935
439,197
439,198
440,197
440,198
790,965
790,966
791,965
791,966
260,270
260,271
261,270
261,271
479,459
479,460
480,459
480,460
408,211
408,212
409,211
409,212
860,109
860,110
861,109
861,110
816,592
816,593
817,592
817,593
423,180
423,181
424,180
424,181
415,746
415,747
416,746
416,747
280,423
280,424
281,423
281,424
487,693
487,694
488,693
488,694
432,226
432,227
433,226
433,227
618,1011
618,1012
619,1011
619,1012
1005,992
1005,993
1006,992
1006,993
743,332
743,333
744,332
744,333
36,817
36,818
37,817
37,818
746,806
746,807
747,806
747,807
298,984
298,985
299,984
299,985
373,488
373,489
374,488
374,489
979,384
979,385
980,384
980,385
978,818
978,819
979,818
979,819
964,755
964,756
965,755
965,756
861,142
861,143
862,142
862,143
420,22
420,23
421,22
421,23
759,210
759,211
760,210
760,211
277,25
277,26
278,25
278,26
831,380
831,381
832,380
832,381
714,859
714,860
715,859
715,860
666,423
666,424
667,423
667,424
664,774
664,775
665,774
665,775
751,853
751,854
752,853
752,854
243,955
243,956
244,955
244,956
548,814
548,815
549,814
549,815
780,256
780,257
781,256
781,257
374,548
374,549
375,548
375,549
823,440
823,441
824,440
824,441
697,1011
697,1012
698,1011
698,1012
697,3
697,4
698,3
698,4
488,583
488,584
489,583
489,584
690,532
690,533
691,532
691,533
438,185
438,186
439,185
439,186
694,507
694,508
695,507
695,508
956,888
956,889
957,888
957,889
343,847
343,848
344,847
344,848
370,625
370,626
371,625
371,626
800,35
800,36
801,35
801,36
831,411
831,412
832,411
832,412
559,608
559,609
560,608
560,609
607,739
607,740
608,739
608,740
590,1011
590,1012
591,1011
591,1012
654,1012
654,1013
655,1012
655,1013
492,666
492,667
493,666
493,667
831,538
831,539
832,538
832,539
349,176
349,177
350,176
350,177
712,449
712,450
713,449
713,450
328,495
328,496
329,495
329,496
411,276
411,277
412,276
412,277
375,744
375,745
376,744
376,745
28,261
28,262
29,261
29,262
1015,419
1015,420
1016,419
1016,420
581,210
581,211
582,210
582,211
297,901
297,902
298,901
298,902
465,38
465,39
466,38
466,39
1016,260
1016,261
1017,260
1017,261
421,87
421,88
422,87
422,88
472,445
472,446
473,445
473,446
462,880
462,881
463,880
463,881
708,887
708,888
709,887
709,888
474,468
474,469
475,468
475,469
306,703
306,704
307,703
307,704
318,690
318,691
319,690
319,691
863,452
863,453
864,452
864,453
771,969
771,970
772,969
772,970
424,271
424,272
425,271
425,272
301,51
301,52
302,51
302,52
651,64
651,65
652,64
652,65
637,851
637,852
638,851
638,852
652,955
652,956
653,955
653,956
634,58
634,59
635,58
635,59
491,177
491,178
492,177
492,178
681,817
681,818
682,817
682,818
890,134
890,135
891,134
891,135
699,522
699,523
700,522
700,523
726,838
726,839
727,838
727,839
306,691
306,692
307,691
307,692
804,24
804,25
805,24
805,25
787,966
787,967
788,966
788,967
774,257
774,258
775,257
775,258
463,426
463,427
464,426
464,427
336,722
336,723
337,722
337,723
1006,734
1006,735
1007,734
1007,735
287,505
287,506
288,505
288,506
262,1016
262,1017
263,1016
263,1017
571,196
571,197
572,196
572,197
465,496
465,497
466,496
466,497
887,770
887,771
888,770
888,771
757,852
757,853
758,852
758,853
456,516
456,517
457,516
457,517
940,921
940,922
941,921
941,922
554,177
554,178
555,177
555,178
697,503
697,504
698,503
698,504
577,982
577,983
578,982
578,983
922,767
922,768
923,767
923,768
471,626
471,627
472,626
472,627
879,1001
879,1002
880,1001
880,1002
877,163
877,164
878,163
878,164
270,641
270,642
271,641
271,642
381,847
381,848
382,847
382,848
594,572
594,573
595,572
595,573
510,835
510,836
511,835
511,836
1006,754
1006,755
1007,754
1007,755
881,644
881,645
882,644
882,645
750,816
750,817
751,816
751,817
277,946
277,947
278,946
278,947
574,910
574,911
575,910
575,911
908,321
908,322
909,321
909,322
462,416
462,417
463,416
463,417
356,415
356,416
357,415
357,416
777,753
777,754
778,753
778,754
556,40
556,41
557,40
557,41
892,768
892,769
893,768
893,769
873,433
873,434
874,433
874,434
699,85
699,86
700,85
700,86
584,673
584,674
585,673
585,674
386,993
386,994
387,993
387,994
1020,330
1020,331
1021,330
1021,331
518,257
518,258
519,257
519,258
689,163
689,164
690,163
690,164
728,281
728,282
729,281
729,282
922,361
922,362
923,361
923,362
311,630
311,631
312,630
312,631