848,331
767,986
663,275
975,510
377,985
701,319
858,918
829,516
613,977
708,428
289,971
484,353
514,210
999,191
619,763
834,854
452,106
275,974
573,753
984,470
56,818
852,170
747,274
653,453
620,740
451,589
507,372
541,937
299,119
391,237
317,936
615,45
767,466
598,270
620,829
813,82
682,84
868,243
769,451
200,818
841,693
544,575
357,503
796,312
216,868
960,423
836,860
722,283
276,650
764,364
483,634
796,176
942,115
368,392
799,897
989,35
768,980
525,586
883,568
458,18
484,657
996,566
385,278
502,937
277,601
749,72
423,804
287,44
637,478
650,360
731,937
658,653
622,172
416,296
722,932
1007,131
529,688
510,938
889,341
680,310
1001,733
554,622
779,952
927,517
601,456
848,593
708,619
801,437
807,24
563,959
303,962
417,72
351,910
727,615
458,724
857,646
492,162
1011,190
386,294
810,324
204,921
810,247
933,654
988,540
849,391
997,319
281,1016
986,704
606,957
671,421
279,868
839,376
890,318
509,966
739,374
941,321
408,693
557,669
760,541
537,893
316,151
468,239
93,993
752,706
759,441
500,335
990,847
558,769
281,944
958,618
222,976
952,3
442,207
507,251
187,822
575,431
521,258
450,614
280,457
346,478
662,215
741,452
636,725
703,63
651,333
684,653
954,1
407,785
814,143
469,834
416,126
884,317
619,56
612,124
316,892
807,419
551,107
664,457
466,524
408,940
496,175
335,831
518,642
441,464
353,511
709,669
446,320
693,765
264,522
696,667
611,687
807,692
233,852
330,175
868,643
418,103
881,963
618,918
603,330
846,648
318,80
526,372
715,498
924,727
626,92
935,975
389,331
409,315
633,957
877,324
874,729
335,640
314,848
448,184
854,744
757,207
695,985
811,1014
446,600
568,732
556,965
420,273
578,621
368,576
695,189
382,553
850,981
731,997
228,833
442,561
510,119
537,719
750,230
969,895
888,714
589,234
679,790
441,804
555,187
522,323
1022,378
771,805
839,354
508,952
275,474
854,887
44,546
22,535
270,55
269,1007
945,3
242,260
357,607
435,5
836,965
696,995
940,558
407,80
263,18
866,95
815,618
524,750
273,547
411,977
281,243
381,206
851,57
755,16
275,612
319,660
458,59
636,763
609,381
778,573
930,856
259,358
681,72
606,328
962,969
594,890
19,985
457,756
674,426
1014,184
550,929
217,825
1000,411
298,968
397,203
307,550
915,428
159,956
80,816
626,10
814,247
467,870
337,975
279,993
400,419
226,895
891,375
809,379
791,44
861,846
399,606
944,980
317,153
408,425
577,304
561,143
821,737
367,484
493,56
797,59
634,212
593,672
845,243
312,641
832,1019
290,552
343,692
526,925
464,299
466,1000
1007,217
1017,210
589,716
351,560
611,65
455,450
165,905
773,948
436,34
710,920
409,616
680,50
453,878
914,509
374,701
275,644
28,1022
314,362
590,892
864,342
934,992
597,834
684,483
402,616
854,652
673,251
591,928
822,879
386,616
891,692
903,492
906,697
63,990
131,940
816,142
471,543
397,664
283,518
764,351
445,513
677,501
324,626
870,570
450,582
626,165
390,402
299,497
837,761
783,1011
873,549
954,900
831,450
340,605
270,274
896,412
499,790
756,240
396,828
678,8
510,491
547,71
850,367
377,229
890,735
938,275
1014,211
870,232
949,951
59,991
988,496
783,429
965,201
500,301
738,251
745,313
470,949
306,610
1003,71
260,448
795,72
687,313
313,273
735,26
903,525
525,343
427,281
1011,607
404,409
636,829
304,56
447,541
395,203
476,1018
644,18
760,229
790,1015
254,882
300,425
369,527
358,515
463,481
309,969
549,342
808,368
980,417
851,258
250,822
829,545
865,770
812,992
484,690
832,873
934,761
642,417
1008,919
384,633
909,807
897,730
761,259
419,482
332,849
985,502
922,581
364,604
943,339
363,41
343,709
699,506
891,451
386,260
992,14
716,305
282,463
228,937
478,641
590,999
921,323
761,216
458,416
614,18
786,2
627,488
966,934
225,849
296,454
654,924
1001,213
694,758
193,973
418,247
970,453
931,151
235,947
814,400
316,454
951,940
299,545
579,330
449,337
379,277
895,308
886,303
477,871
865,891
712,548
903,728
431,188
263,310
954,19
501,399
263,63
466,725
635,234
988,720
594,414
956,358
592,54
368,511
948,157
740,535
381,279
425,4
449,346
672,804
759,835
477,575
587,974
822,212
351,625
711,600
758,24
972,883
877,503
710,504
683,565
535,210
930,792
682,999
344,41
425,459
955,318
370,583
305,402
672,453
764,578
408,984
827,413
349,796
864,266
617,51
539,707
292,564
215,824
274,277
254,885
171,1000
722,209
239,956
844,211
668,722
312,592
783,889
342,551
374,186
435,636
551,249
547,607
355,239
572,628
731,793
768,28
771,965
419,206
722,846
882,655
759,453
811,197
870,604
362,48
327,34
286,281
416,576
994,364
988,775
439,322
790,88
67,531
715,479
827,85
4,952
488,63
491,57
435,664
366,18
457,778
374,307
695,492
546,700
285,752
935,55
310,652
820,715
514,926
402,688
322,809
973,956
716,896
1004,985
308,932
394,312
645,761
511,101
1024,307
344,978
1006,173
868,363
925,420
676,621
174,990
620,928
844,528
999,215
278,42
500,284
300,971
252,980
692,58
793,367
950,271
792,931
645,13
361,30
881,536
278,567
977,138
311,838
13,808
760,446
479,521
980,640
475,466
34,545
304,742
970,178
273,464
692,48
137,266
672,10
820,392
577,40
861,151
488,814
275,722
562,131
84,1023
933,1019
312,909
517,571
773,269
506,137
358,613
371,309
636,20
474,583
452,463
261,600
1017,139
307,822
259,182
512,583
938,564
327,845
864,14
492,75
1008,147
326,747
482,28
591,945
655,573
633,574
319,551
861,564
318,574
842,972
729,1009
541,571
641,561
691,995
342,222
460,399
634,694
347,910
484,814
369,208
629,564
381,941
913,729
216,807
710,908
456,483
367,753
312,580
432,88
347,275
877,932
640,1016
303,604
258,862
974,801
787,489
402,618
521,197
566,809
497,615
996,953
496,729
996,29
715,622
304,846
978,559
678,456
688,730
440,427
391,959
726,259
15,531
378,208
697,223
623,433
915,960
905,727
155,830
756,847
292,431
967,151
311,563
671,255
931,880
563,154
336,896
227,822
610,906
671,430
634,174
888,779
563,405
702,998
717,848
905,957
670,804
809,385
904,610
316,597
9,1017
98,1024
421,326
607,295
510,117
904,660
781,867
432,921
618,451
797,399
451,587
711,804
686,593
836,137
756,908
933,528
283,1015
835,143
1016,352
284,187
682,232
35,537
486,353
1023,65
530,694
636,486
840,569
855,520
890,532
503,520
877,520
629,931
1006,81
981,81
676,720
382,616
957,640
837,896
271,777
340,585
527,551
606,38
475,894
432,665
425,337
788,532
808,888
564,630
409,78
1024,789
892,151
432,133
489,237
585,678
779,507
708,941
842,535
596,856
860,525
530,682
726,834
427,238
916,412
354,581
619,866
909,576
823,163
545,778
2,980
885,666
297,808
517,713
566,759
667,346
466,63
650,278
582,185
670,558
322,589
778,771
250,548
406,24
836,103
900,280
232,548
940,964
839,85
1018,342
784,24
929,528
844,819
449,517
303,902
433,286
269,675
640,588
828,857
983,158
515,67
447,672
791,630
690,624
995,12
571,957
376,636
648,22
681,822
878,888
491,463
429,615
28,808
894,750
987,178
1017,944
442,950
699,468
448,588
810,110
655,278
583,849
1012,616
638,955
895,191
911,708
735,1016
1011,962
496,742
891,729
498,175
299,841
425,473
729,18
952,134
714,508
971,921
832,804
614,226
823,282
1011,901
700,587
361,21
283,720
1013,222
675,530
313,340
666,974
1008,266
451,490
7,988
887,40
608,929
83,548
980,393
77,817
579,188
605,735
923,690
932,801
616,424
275,453
693,64
865,309
776,518
605,536
981,443
769,199
802,365
721,983
666,166
704,767
1021,1024
860,786
509,75
514,335
562,1023
676,202
884,610
123,980
417,335
323,845
700,512
695,973
747,83
556,696
963,771
432,335
218,896
401,360
861,332
743,68
835,147
360,623
834,646
686,591
655,891
358,925
635,578
751,5
697,238
263,921
699,189
717,194
698,1015
342,338
672,306
879,109
922,623
680,774
151,978
519,352
336,6
910,573
749,236
552,217
397,242
617,784
777,487
775,896
1005,71
1012,938
768,269
302,747
713,262
330,735
439,635
958,383
402,147
814,587
281,200
674,857
464,271
845,916
352,77
614,37
323,434
615,314
445,338
694,529
771,291
636,513
953,714
596,292
195,895
930,588
479,136
334,557
681,298
683,625
805,462
488,167
212,974
338,589
740,282
264,889
461,443
696,524
282,516
913,786
658,769
454,873
634,14
689,658
276,556
400,985
376,658
954,154
202,910
727,257
277,48
672,296
791,1008
961,324
523,443
299,108
356,559
246,812
685,981
910,134
661,253
1022,23
268,500
527,574
438,777
125,268
895,664
283,221
752,197
443,776
300,408
613,622
882,651
693,761
436,323
1,809
474,621
597,456
279,447
757,990
58,537
599,220
104,968
271,685
745,105
501,28
931,518
363,919
294,969
304,64
615,983
508,4
491,561
641,861
445,473
746,778
898,959
642,866
1012,89
284,419
285,28
1017,170
923,847
449,1020
655,517
629,699
317,201
867,90
619,981
298,327
972,161
447,418
484,211
121,980
980,893
966,260
840,572
570,179
488,142
571,136
779,284
560,137
538,933
508,1001
750,586
180,544
843,890
266,702
486,627
424,464
1007,957
215,846
646,55
836,170
465,380
988,436
873,395
717,820
872,385
279,574
458,880
617,34
279,919
892,833
1008,196
417,55
321,336
536,45
425,227
611,386
779,804
381,661
279,524
765,57
872,143
375,691
523,771
481,723
274,10
921,278
630,590
347,555
787,550
484,195
844,194
904,459
820,108
665,159
471,326
548,551
1018,303
843,266
272,119
144,904
454,444
678,682
780,985
721,818
381,344
975,156
830,105
605,625
21,1012
761,912
610,74
357,141
342,938
382,655
462,431
804,453
457,476
586,327
322,605
317,480
875,504
255,941
719,864
1009,935
726,11
848,905
817,371
478,23
664,231
543,37
241,976
520,142
780,754
684,833
658,146
496,550
1024,393
49,534
963,668
881,541
258,859
874,297
423,821
641,35
526,705
717,348
655,880
109,1018
772,313
796,274
305,923
415,383
647,208
275,486
771,586
790,866
308,728
650,629
498,71
13,263
652,980
987,112
147,847
908,13
474,271
537,28
548,277
977,237
679,381
315,656
995,145
683,413
761,900
265,462
630,995
653,243
827,479
343,571
968,96
343,874
934,971
953,73
612,852
989,1011
528,37
928,654
452,779
882,671
830,400
581,739
252,842
787,210
740,517
19,527
323,631
366,79
325,46
730,587
658,392
961,777
850,895
747,860
953,868
424,574
524,4
520,187
260,24
973,19
311,355
2,968
681,768
944,442
1010,113
501,815
477,560
618,69
415,29
253,876
782,583
387,353
702,989
640,222
931,790
972,184
857,333
204,893
444,462
858,530
424,777
918,306
517,336
996,266
688,346
1007,168
920,350
622,827
481,810
576,249
1010,705
344,940
482,784
511,190
698,305
727,499
313,519
558,133
993,178
693,820
39,979
377,1024
749,77
873,571
261,1022
335,311
437,28
291,338
976,313
406,457
591,435
12,532
282,834
497,82
365,478
542,722
924,387
925,605
502,700
372,636
693,825
220,978
965,980
818,333
944,349
980,931
920,77
764,950
496,494
496,181
855,312
816,376
701,40
870,872
975,654
686,991
518,646
828,428
1023,717
282,874
259,737
437,899
838,574
543,924
59,532
207,826
1000,717
923,929
325,686
708,454
357,508
766,992
989,869
585,92
969,966
417,201
968,8
471,308
288,51
1011,522
498,799
99,548
701,80
631,485
971,917
305,598
1024,904
602,607
451,156
446,454
799,885
102,953
1024,668
669,240
738,524
288,942
445,306
355,771
690,229
884,327
742,12
1009,189
677,1000
1021,981
875,444
1014,478
985,743
945,808
722,1
403,365
570,567
778,197
774,21
269,286
256,902
266,12
730,817
765,510
345,813
812,532
700,304
348,7
677,924
854,169
866,682
259,771
492,650
494,7
433,127
522,48
867,616
479,270
359,606
334,6
995,599
604,618
483,721
472,915
410,702
506,81
580,943
318,31
331,202
325,566
835,312
775,904
656,578
162,964
312,597
938,783
589,887
413,780
636,858
669,45
742,833
415,690
269,697
377,991
484,693
365,616
623,488
758,868
314,804
696,298
740,151
407,85
272,602
773,898
188,833
817,515
91,266
760,254
395,307
754,853
161,955
344,687
667,219
1008,245
260,46
819,344
778,48
846,715
653,443
935,724
270,576
774,59
780,1006
177,1015
528,798
419,108
275,437
687,29
683,227
1024,832
605,832
308,927
411,692
557,539
557,926
691,683
334,702
1023,154
310,931
893,575
1015,216
863,518
582,674
331,883
281,473
528,776
664,1019
312,553
660,335
844,381
978,543
290,322
816,340
189,817
18,807
1007,103
511,265
910,315
341,14
476,604
932,907
727,317
506,596
840,644
897,488
285,23
851,834
1000,158
584,28
557,939
336,548
747,34
762,517
158,899
331,640
375,646
355,212
882,973
35,954
997,648
847,232
284,461
284,412
996,986
696,798
785,500
388,989
162,969
775,940
446,309
918,356
483,591
444,600
409,155
419,847
849,258
1003,1012
804,754
350,154
586,765
647,843
499,138
836,520
642,56
428,976
262,258
972,267
439,788
513,225
546,124
382,607
955,402
1001,242
922,871
576,736
720,228
691,962
388,204
772,49
199,878
960,115
714,739
563,700
890,593
406,424
516,533
377,10
1023,125
310,380
486,725
474,587
760,490
814,148
589,557
735,240
207,871
622,572
678,40
850,483
904,689
48,983
631,825
943,793
704,429
510,178
705,225
157,954
340,36
712,481
468,654
896,77
371,758
633,781
866,370
374,182
682,619
634,287
860,545
960,401
189,941
438,734
452,237
1024,634
288,275
392,77
424,978
401,185
889,539
766,281
796,596
730,40
489,742
553,699
813,334
789,931
394,477
530,678
707,717
445,572
814,848
932,8
26,951
808,511
922,541
890,567
487,119
1009,771
811,137
339,10
987,754
825,496
637,234
902,930
543,224
827,474
225,838
836,865
713,452
261,973
688,180
954,115
737,41
527,634
307,583
352,56
756,618
685,413
318,22
710,253
494,167
730,454
592,276
376,612
626,899
854,856
25,262
652,19
853,629
158,890
351,686
761,890
452,702
748,38
827,551
590,606
272,477
1017,521
880,573
874,849
664,16
269,706
799,354
979,514
843,331
820,853
878,729
1017,335
849,545
511,124
860,206
997,1009
587,952
1023,817
833,970
752,252
806,441
266,914
335,591
140,970
452,840
676,851
662,982
146,970
692,42
776,573
558,319
582,905
811,417
636,950
832,406
850,230
506,321
776,47
334,546
979,153
877,779
324,56
526,731
351,761
799,273
268,713
446,234
476,784
104,1019
970,890
965,617
624,915
745,855
710,831
397,376
680,237
581,297
460,800
460,481
357,104
317,260
623,401
337,509
559,260
551,858
1004,684
777,464
597,917
657,177
341,693
551,84
936,280
624,932
988,173
658,320
473,895
639,34
996,637
614,75
828,440
825,117
580,372
915,384
676,651
394,958
362,304
800,672
497,120
300,715
873,533
259,955
941,888
695,1005
917,587
883,737
719,857
370,592
704,1005
874,1019
518,637
984,991
424,245
269,630
496,538
441,881
594,277
317,173
297,832
724,795
461,810
731,28
419,42
716,547
861,857
553,999
659,954
954,271
717,238
933,319
961,37
551,173
352,659
802,567
262,91
907,512
796,43
991,534
389,625
545,301
569,727
228,837
721,839
1019,915
288,78
728,658
435,270
709,234
846,69
898,734
961,328
34,949
873,495
509,47
830,363
888,693
866,578
611,832
384,30
443,688
844,447
899,1001
768,931
342,563
985,268
696,372
516,63
448,539
374,817
716,217
1023,801
722,243
372,685
1003,822
421,361
668,757
967,771
484,184
346,474
475,707
851,631
446,692
469,726
138,825
675,605
827,122
822,195
574,249
469,495
511,686
869,720
589,934
588,360
849,435
800,370
525,797
553,691
409,402
623,220
345,7
183,986
566,931
696,320
866,677
90,967
298,301
615,922
819,737
376,701
502,591
826,594
969,352
572,134
698,221
577,90
490,955
480,579
455,690
635,820
742,846
440,253
822,64
655,304
932,779
356,602
269,98
411,663
282,587
726,664
427,286
811,1002
442,201
279,464
819,892
517,658
571,760
463,898
443,326
882,639
302,332
883,693
100,954
559,84
647,204
589,701
309,681
944,639
89,266
679,3
318,70
261,555
751,794
1007,151
686,465
132,990
611,1011
299,755
585,98
21,1014
643,1003
291,251
536,736
903,507
461,28
188,980
767,66
899,499
696,375
315,569
944,996
890,802
884,358
982,306
751,421
540,70
979,38
467,556
803,133
812,241
300,946
356,17
512,97
620,1005
849,324
655,35
270,115
287,221
942,350
942,585
512,550
663,253
877,527
1003,239
567,296
917,549
822,830
394,360
214,890
825,194
409,111
692,124
466,300
418,60
3,541
292,606
1015,457
709,251
552,731
161,1014
469,490
944,1001
558,1024
363,78
664,818
761,226
674,656
966,924
402,179
671,64
843,146
368,839
480,399
328,1013
758,912
369,883
873,544
649,510
774,661
458,478
513,139
735,64
1016,375
804,857
787,802
628,919
225,855
764,441
851,714
617,146
569,202
510,617
560,625
437,306
445,913
823,108
863,671
357,190
980,657
277,682
1021,341
277,902
995,249
267,711
619,856
358,436
26,1017
756,1011
447,484
557,105
807,429
1010,223
864,555
280,814
720,155
228,920
317,465
821,398
798,207
45,1022
649,313
417,552
365,500
306,660
683,1020
882,776
991,283
284,423
876,404
927,19
519,794
921,585
102,981
435,784
309,922
807,573
384,261
42,1012
480,148
634,919
981,406
881,509
1019,268
794,968
690,257
969,320
192,980
760,464
918,520
520,224
852,164
389,307
723,594
438,230
260,319
373,910
548,864
301,440
772,372
792,498
396,383
572,951
574,556
920,384
823,470
943,343
132,870
661,822
1016,411
1011,935
359,48
616,725
6,983
707,882
918,555
364,309
291,256
369,57
294,279
377,623
711,689
917,778
468,862
847,584
572,53
327,660
857,586
701,556
532,719
613,79
999,675
379,318
318,567
893,840
685,621
604,597
801,710
721,320
982,652
438,44
349,241
424,513
780,594
769,263
556,156
723,347
986,120
670,694
1007,726
986,134
1004,55
821,239
703,691
368,226
653,764
694,496
585,910
717,873
869,194
393,658
980,241
67,968
259,30
384,507
951,934
348,844
730,831
940,185
814,930
323,907
868,346
573,760
277,656
321,579
432,478
624,28
691,498
764,572
767,1
397,1006
262,955
970,418
649,700
447,489
689,220
688,509
206,844
400,455
546,891
188,891
404,304
616,856
831,417
595,928
463,611
884,354
994,34
453,828
820,553
715,671
289,149
424,36
622,942
544,464
155,836
719,376
955,953
656,321
978,533
545,962
304,19
756,244
281,918
630,502
329,509
361,37
933,652
464,645
270,892
932,277
856,236
1015,390
685,231
999,663
397,5
812,428
557,686
795,377
316,983
931,243
717,836
580,888
325,978
17,991
1022,750
971,434
824,135
419,765
852,586
271,502
327,696
615,327
991,35
525,963
980,323
888,823
741,374
339,876
28,266
784,368
828,149
776,898
359,876
944,419
939,938
574,748
853,714
529,539
906,435
352,44
233,837
286,703
201,899
1017,917
458,461
457,368
349,576
497,198
934,905
18,949
884,709
267,471
495,225
958,12
569,195
298,229
420,1012
600,991
374,180
964,295
810,121
838,619
432,346
308,818
576,605
551,940
206,882
859,953
935,642
710,625
714,465
378,595
860,534
360,312
370,817
435,57
604,385
634,666
630,33
934,696
359,847
331,635
1009,764
347,30
585,15
872,280
883,747
725,817
360,322
337,520
858,592
354,527
316,80
482,639
660,813
324,419
941,925
486,956
821,572
783,856
782,223
253,984
537,637
920,378
491,543
448,237
805,255
623,126
643,915
362,271
720,708
728,576
773,89
359,87
1015,134
368,631
568,294
1016,13
665,763
1019,44
612,435
670,294
868,550
300,336
215,967
601,701
725,210
362,749
958,549
819,354
722,944
267,22
199,899
990,239
478,626
320,837
814,538
875,768
985,526
260,434
744,395
833,631
763,653
305,226
554,631
837,848
441,442
597,976
867,554
429,299
268,455
343,35
764,894
10,977
534,961
713,568
975,729
563,783
573,46
930,971
287,334
359,634
439,488
324,221
895,614
804,139
877,516
653,802
987,743
890,610
891,329
809,592
276,717
594,956
880,338
860,266
488,4
738,282
282,412
924,432
756,794
481,669
368,253
497,871
655,1005
215,896
494,719
820,1018
965,983
541,647
656,650
581,998
820,657
355,760
904,617
807,802
472,611
884,584
1000,433
891,922
740,206
874,774
369,693
647,460
617,877
520,109
536,566
924,765
452,161
387,42
57,545
592,63
820,618
855,844
898,532
276,737
604,67
843,25
790,602
695,221
694,572
1003,953
323,786
757,168
353,795
891,856
306,993
986,496
603,932
864,896
633,447
168,810
256,868
259,473
253,902
288,697
857,897
356,874
411,61
672,514
544,195
736,14
517,663
949,237
385,584
329,493
557,654
586,103
612,924
640,1021
710,508
315,526
735,376
787,44
352,308
568,893
544,318
983,1001
862,310
945,178
282,785
818,459
794,416
879,509
854,933
1000,653
551,150
1018,89
421,454
434,805
929,797
975,326
439,805
480,284
375,461
163,977
627,646
727,104
741,878
866,704
851,872
314,10
813,362
359,881
740,199
561,126
473,188
417,81
277,60
924,832
533,249
282,872
484,783
581,220
935,483
909,686
756,809
974,687
645,416
819,985
950,708
832,199
318,605
563,93
1015,243
713,789
319,48
834,974
144,881
421,140
818,973
400,338
866,600
298,770
60,268
285,258
820,660
722,204
675,320
355,1024
894,971
975,134
896,137
771,691
744,34
579,511
1009,304
947,615
532,212
997,8
459,662
926,656
1011,856
288,686
630,679
777,672
345,512
835,1018
429,226
152,967
398,410
358,821
647,870
575,402
513,495
666,7
744,73
78,1024
391,641
354,975
892,265
780,206
682,450
906,673
351,888
754,832
390,275
783,664
1007,1017
566,546
19,987
409,30
180,829
714,47
825,735
314,606
436,668
265,259
372,555
481,898
691,21
327,812
501,799
875,859
717,705
460,469
889,308
980,1019
1021,291
191,947
318,745
865,440
733,356
769,456
628,306
461,530
365,545
340,583
652,59
568,300
886,513
696,1001
586,963
2,951
719,1011
504,323
77,532
512,89
403,840
815,466
971,215
902,887
556,79
824,205
102,949
958,1003
807,337
365,550
622,287
628,814
448,118
415,284
954,127
976,154
417,847
783,752
316,256
710,207
539,209
340,249
90,1023
1003,191
266,39
629,608
518,938
165,974
221,812
546,97
839,848
49,994
919,470
693,80
652,525
874,235
827,567
964,940
303,912
554,91
781,352
792,488
915,494
396,1012
963,974
223,822
845,40
281,442
472,540
305,986
489,627
429,1015
275,1017
875,932
571,128
324,998
373,575
592,814
458,497
296,717
147,886
644,525
468,518
285,553
385,316
655,869
614,651
770,865
792,771
630,557
675,195
994,522
71,530
1009,508
374,904
756,764
826,308
606,1012
416,110
472,573
993,987
378,570
354,229
837,267
533,353
768,516
26,988
852,643
545,392
794,329
282,250
302,326
671,322
1021,192
450,683
158,839
382,332
283,194
910,879
523,302
998,38
450,446
826,545
511,474
217,875
734,273
609,831
416,427
854,952
446,431
594,961
811,182
1012,195
658,982
653,514
420,711
316,498
904,186
432,101
291,493
429,593
625,554
395,241
566,722
350,565
688,204
157,885
921,898
536,966
649,684
272,99
481,623
258,907
824,578
308,641
991,294
503,493
622,422
917,1019
485,107
701,994
506,594
262,96
980,328
1017,50
493,967
775,947
264,560
261,182
50,1006
782,266
657,179
761,561
390,445
172,535
654,21
758,267
370,33
78,954
474,517
364,91
541,678
1018,226
281,440
1010,217
430,320
685,767
629,847
766,954
692,973
144,833
512,715
470,584
1,997
664,181
377,504
890,883
700,1015
902,481
965,121
644,218
460,805
450,369
610,918
751,717
898,974
647,10
406,459
189,909
803,91
430,353
430,911
483,300
309,658
687,319
293,197
629,404
686,482
668,453
733,258
811,286
1024,75
832,769
391,428
824,523
463,212
453,241
205,544
969,354
618,718
586,992
839,596
679,484
293,444
49,261
926,677
188,853
919,541
260,490
974,998
374,1024
822,408
956,13
571,725
680,1014
762,884
666,986
722,276
877,236
496,99
348,605
390,636
365,67
356,585
645,208
840,378
489,118
723,895
860,250
927,322
760,846
557,1021
300,277
798,503
709,613
978,241
740,261
680,998
821,103
922,744
458,898
897,340
999,429
572,841
807,249
421,236
480,767
311,110
66,989
940,581
278,770
871,68
786,1008
1009,52
332,943
823,593
158,927
761,368
660,763
822,354
814,492
950,29
523,349
565,678
570,715
1020,241
402,994
932,894
962,280
357,557
79,992
511,151
341,704
803,993
616,468
386,562
615,385
441,5
652,1018
759,733
972,1015
398,179
707,297
338,562
265,243
296,175
798,268
624,198
480,782
792,516
749,970
848,736
943,814
849,516
963,228
981,203
5,1018
595,851
369,636
716,232
716,262
339,573
635,814
997,822
674,322
822,377
969,29
930,3
689,197
376,519
254,548
798,849
301,709
827,965
284,467
261,951
348,976
629,409
1013,141
963,684
822,578
967,124
585,925
767,380
823,397
788,527
487,875
532,927
602,894
705,210
791,565
486,617
467,234
649,723
959,111
418,160
805,598
882,728
827,380
662,992
203,824
797,20
314,915
824,468
433,117
870,680
921,853
66,262
271,565
71,1006
808,834
956,1003
874,966
337,984
375,558
124,965
742,1021
590,961
969,978
607,305
887,853
681,62
351,855
711,1000
654,1000
596,719
694,595
652,295
638,757
612,1016
260,249
671,990
832,998
724,824
603,471
933,681
491,490
627,212
499,127
777,454
935,520
286,254
1010,256
891,484
599,423
983,113
373,821
513,133
645,379
564,651
509,864
88,1017
375,762
988,930
769,246
707,839
1010,158
833,735
941,137
684,555
554,79
468,418
618,423
597,56
489,727
907,725
702,649
867,68
1014,260
780,990
785,532
318,924
969,704
975,652
1000,646
653,1022
701,63
869,310
301,70
726,658
965,996
985,255
938,280
875,867
423,427
626,360
928,802
732,447
448,757
310,133
411,1024
841,211
602,306
854,788
982,175
877,761
732,848
916,433
700,144
489,687
494,620
995,681
459,592
586,967
610,278
319,481
627,87
738,227
379,821
992,18
864,698
510,8
635,757
630,49
666,1009
551,622
299,245
619,232
581,734
550,506
289,133
634,530
74,966
465,728
305,621
190,819
932,571
331,746
351,883
413,959
880,570
960,382
723,445
386,533
639,36
542,932
802,753
712,832
134,544
696,792
803,879
646,684
720,716
271,508
51,534
654,561
655,939
544,809
628,16
365,688
32,955
378,701
475,742
974,299
868,369
996,867
388,693
620,287
822,522
894,702
933,325
611,573
322,53
259,562
60,996
599,68
580,122
639,247
304,858
288,88
398,805
346,484
627,728
328,723
643,900
376,180
1015,358
690,231
427,298
292,318
311,521
690,958
740,944
651,617
282,593
722,380
887,643
861,531
554,107
725,8
450,117
492,68
303,907
209,909
407,774
754,33
388,982
390,433
499,208
1018,1008
419,147
403,908
805,451
704,730
297,10
195,956
626,455
298,1022
839,130
1006,929
369,701
391,302
670,82
592,732
158,818
269,1019
495,46
981,186
200,862
399,936
877,897
780,517
550,218
906,720
480,104
278,875
323,467
952,14
584,700
1014,566
291,328
830,692
296,244
408,193
729,394
754,300
915,379
991,244
148,842
796,300
813,290
698,480
965,376
889,922
52,260
302,944
415,176
556,68
476,676
294,32
985,731
378,536
384,993
302,376
632,990
684,192
486,776
752,661
522,225
320,960
351,752
950,982
683,189
979,519
843,57
847,819
881,515
679,451
906,700
303,709
379,912
850,329
614,556
134,895
812,576
37,997
376,1013
491,61
624,94
625,56
972,895
450,63
955,320
795,782
936,318
630,688
346,917
868,308
1006,98
660,879
974,145
368,758
552,316
261,737
824,63
713,174
457,559
632,941
425,534
446,195
312,920
641,515
473,24
637,604
527,234
695,469
893,564
873,708
688,723
510,698
15,533
307,527
807,17
706,996
454,30
486,792
485,684
450,139
638,294
105,816
298,486
697,451
388,287
763,489
740,156
199,845
500,319
678,590
318,244
286,757
380,881
274,518
690,997
970,905
799,465
823,545
850,769
340,618
720,791
865,326
144,980
624,837
29,988
299,737
305,434
329,511
461,285
455,899
922,667
611,994
397,192
985,563
860,797
744,46
552,683
709,54
512,205
497,608
941,329
289,662
92,1020
885,562
329,614
618,928
239,260
714,1007
582,778
307,171
449,501
311,23
922,5
896,389
590,354
995,692
270,943
391,483
104,1024
893,648
923,688
837,16
470,776
358,601
956,7
475,800
687,477
1000,1009
417,384
330,1013
584,976
492,325
454,777
816,409
314,690
759,479
750,291
780,994
946,890
447,452
708,730
904,465
446,660
721,221
403,213
924,821
913,254
722,122
523,520
670,27
820,693
645,38
955,230
1015,143
680,1010
513,112
42,547
435,399
5,1012
976,172
316,557
514,592
907,572
669,1017
978,323
309,215
751,733
424,544
578,291
421,476
324,255
333,301
265,467
416,131
667,187
290,220
329,384
868,702
963,278
652,646
207,855
681,688
1017,200
561,669
585,904
565,891
742,128
713,1022
612,108
406,101
320,902
451,494
963,269
289,57
643,247
693,91
671,761
573,770
913,308
535,724
892,751
835,180
331,361
732,892
661,994
430,513
295,564
463,196
711,836
814,409
576,1021
349,745
791,520
791,664
217,884
585,734
267,66
58,949
831,532
671,591
695,989
348,123
996,608
654,299
37,1010
830,477
833,109
888,758
743,39
814,833
790,39
479,453
533,967
849,494
413,641
745,342
700,819
416,34
998,160
324,250
410,320
730,617
618,172
764,446
292,247
838,236
761,1016
747,653
601,997
594,753
82,530
820,865
447,785
765,95
659,600
232,827
613,654
779,266
1017,275
1014,730
658,332
986,934
808,493
688,1019
808,247
281,222
731,969
752,296
695,649
987,502
922,891
467,585
520,159
541,690
275,503
328,960
1005,185
369,439
550,265
203,917
439,985
495,531
792,673
350,548
909,664
872,741
784,473
683,991
309,40
818,92
1021,947
276,841
991,873
956,914
431,456
865,442
899,510
899,948
657,468
288,166
315,125
399,920
401,235
1003,497
668,734
937,374
509,710
726,691
408,45
373,11
545,964
986,469
418,33
653,68
219,543
536,653
115,994
827,132
682,1003
591,93
1007,69
601,736
499,73
392,539
372,559
954,970
582,192
434,614
992,995
986,989
386,46
1012,30
1020,987
316,847
589,279
865,20
842,365
282,456
874,714
720,429
394,60
986,978
352,377
904,671
848,598
710,897
425,951
932,916
981,312
601,761
349,998
796,1017
191,923
650,524
928,490
537,40
349,423
698,259
430,496
694,475
1013,472
969,469
800,64
286,209
867,647
788,418
382,595
151,535
559,997
289,651
444,1006
628,926
940,229
511,134
582,1014
999,669
979,367
458,49
343,341
327,895
994,358
976,818
278,736
369,742
441,613
997,631
593,354
794,158
651,821
667,154
702,978
177,825
501,59
215,978
702,380
968,413
400,614
869,385
962,634
620,923
666,794
648,333
301,979
472,46
335,510
285,232
328,434
789,373
874,516
350,221
590,485
608,486
697,583
436,876
396,328
934,285
840,819
844,484
626,443
978,204
338,772
816,93
292,22
699,255
762,364
259,385
722,195
571,85
858,639
1012,287
969,451
421,157
966,969
413,101
794,88
902,458
719,157
467,426
421,644
759,249
526,715
882,92
408,183
597,28
867,583
981,230
472,948
1007,482
691,739
633,360
332,937
935,49
360,810
775,344
613,836
482,969
389,221
1012,637
1023,71
379,262
411,89
449,46
490,139
1008,348
632,561
320,634
489,730
847,266
779,113
452,342
550,891
1019,564
175,544
737,26
267,510
518,774
364,644
800,782
777,217
590,333
412,440
591,842
288,22
742,484
995,348
317,635
398,272
578,72
416,456
298,501
485,721
416,503
862,21
976,999
849,833
304,812
966,601
554,715
280,467
759,539
864,601
339,569
271,795
859,630
892,323
344,655
1010,69
932,581
445,557
550,994
281,461
442,474
452,846
841,332
889,144
617,129
465,506
1017,511
379,657
431,390
418,163
598,998
1005,1001
631,572
539,291
383,941
599,608
387,359
647,631
837,628
376,617
909,501
295,973
995,182
567,289
457,340
689,322
92,978
500,576
835,499
603,826
441,693
550,628
461,477
729,821
83,991
785,445
360,585
666,1013
510,645
969,228
870,904
435,308
147,871
842,977
953,917
854,138
34,817
258,940
700,687
920,535
253,909
407,385
728,411
660,320
833,186
918,313
843,617
557,182
842,610
440,526
444,481
816,892
653,618
942,967
433,194
710,61
323,452
793,480
399,229
329,209
492,167
1000,171
635,716
357,771
829,232
787,499
453,461
278,1021
804,617
867,916
947,272
380,634
589,956
393,692
614,896
258,966
404,387
555,906
502,586
1019,104
654,30
343,205
772,1017
471,681
943,754
441,712
997,598
270,449
287,1
576,666
915,7
692,102
893,975
793,296
564,625
870,747
988,458
282,512
391,231
198,527
627,432
580,697
322,901
699,58
801,966
482,179
159,966
955,372
732,305
1000,258
746,751
851,511
953,882
520,526
315,82
565,963
55,954
1003,154
229,831
678,588
499,258
402,645
467,59
671,811
11,988
855,514
655,371
487,785
961,313
837,329
939,285
282,863
918,335
728,94
673,535
346,435
283,440
863,457
848,861
561,553
825,1000
953,260
338,17
628,36
826,752
648,483
319,57
794,119
698,299
335,849
430,516
289,236
389,199
819,513
851,712
6,1000
882,627
357,711
255,859
624,319
747,290
474,571
624,756
276,85
877,832
740,217
616,896
437,943
872,406
281,737
282,971
584,777
778,223
417,530
819,481
535,923
882,1001
695,519
316,107
580,224
825,967
644,854
617,889
437,16
875,363
773,71
707,981
989,1021
446,245
290,224
296,278
313,953
234,979
340,632
867,237
430,282
333,286
1023,328
676,188
916,599
801,113
81,262
410,74
696,201
706,375
583,116
874,477
958,268
694,31
532,639
1023,672
6,994
555,677
651,86
607,951
536,630
796,573
398,302
395,762
930,478
16,1019
347,797
891,521
792,1002
999,87
432,620
689,684
560,619
284,200
755,41
952,304
312,48
728,274
817,378
903,530
447,951
324,932
573,297
632,842
261,8
844,407
810,131
715,821
879,525
842,594
842,278
281,414
65,991
289,363
940,311
937,558
794,553
890,600
669,306
765,708
679,829
269,1009
577,740
858,21
846,64
385,979
571,676
655,339
533,534
351,922
733,454
829,895
296,699
988,119
416,454
377,17
404,96
393,537
924,715
228,986
317,114
411,604
328,211
416,581
811,290
259,337
372,701
1021,27
473,680
711,21
1010,13
896,335
354,44
347,439
481,208
635,228
469,173
1006,782
727,613
641,685
1000,263
691,333
897,191
599,204
297,879
482,460
334,576
527,540
338,706
858,819
727,478
317,15
1013,119
264,478
858,361
363,129
848,918
827,472
499,120
645,385
283,632
483,706
716,990
113,955
545,995
798,782
723,961
569,317
829,110
705,1002