744,301
744,302
745,301
492,22
492,23
493,22
908,711
909,711
909,712
885,861
886,861
886,862
444,301
445,300
445,301
944,427
944,428
945,428
604,344
605,344
605,345
615,990
616,989
616,990
455,620
456,619
456,620
526,1021
526,1022
527,1021
157,917
157,918
158,918
293,602
294,601
294,602
757,182
757,183
758,182
628,800
628,801
629,800
842,784
843,784
843,785
388,282
389,281
389,282
736,18
737,18
737,19
652,574
653,573
653,574
625,128
626,128
626,129
420,121
420,122
421,121
581,653
581,654
582,654
327,982
328,981
328,982
887,842
888,842
888,843
147,816
147,817
148,817
297,740
297,741
298,740
871,897
872,897
872,898
595,233
596,232
596,233
419,339
419,340
420,340
965,362
966,362
966,363
448,607
449,607
449,608
908,255
909,254
909,255
659,245
660,244
660,245
342,559
343,559
343,560
801,888
801,889
802,888
141,821
141,822
142,822
788,675
789,674
789,675
985,139
986,139
986,140
190,938
191,938
191,939
921,946
922,945
922,946
713,370
713,371
714,371
709,552
709,553
710,553
588,910
588,911
589,910
922,878
922,879
923,878
747,771
747,772
748,771
923,751
924,750
924,751
480,790
481,790
481,791
878,874
879,874
879,875
385,589
385,590
386,590
687,377
688,377
688,378
857,376
857,377
858,377
359,609
359,610
360,609
644,202
644,203
645,203
609,445
609,446
610,445
806,617
806,618
807,617
363,567
364,566
364,567
588,965
588,966
589,965
359,520
359,521
360,520
400,308
401,308
401,309
288,75
289,75
289,76
794,386
795,386
795,387
884,550
884,551
885,551
280,734
281,734
281,735
595,630
596,630
596,631
410,309
411,308
411,309
533,265
533,266
534,266
779,233
779,234
780,234
514,782
515,782
515,783
279,215
280,215
280,216
345,449
346,449
346,450
518,103
518,104
519,103
316,155
317,155
317,156
801,628
801,629
802,629
691,477
691,478
692,478
464,378
465,377
465,378
962,1023
962,1024
963,1024
596,888
597,888
597,889
672,606
672,607
673,607
15,983
16,983
16,984
997,659
997,660
998,660
765,574
765,575
766,574
864,975
865,975
865,976
302,15
302,16
303,16
959,135
960,135
960,136
977,487
978,487
978,488
327,962
328,962
328,963
1011,641
1012,641
1012,642
929,13
929,14
930,14
264,564
264,565
265,564
563,739
564,738
564,739
968,400
969,400
969,401
976,470
976,471
977,470
914,948
914,949
915,949
806,1022
807,1021
807,1022
356,911
357,911
357,912
522,42
522,43
523,42
394,324
394,325
395,325
224,868
225,867
225,868
480,194
480,195
481,194
833,79
834,78
834,79
253,814
254,814
254,815
816,848
817,847
817,848
863,405
864,404
864,405
254,959
255,958
255,959
1010,201
1011,200
1011,201
860,297
861,297
861,298
420,198
421,198
421,199
751,21
751,22
752,22
606,434
607,434
607,435
818,17
818,18
819,17
654,335
654,336
655,335
768,928
769,928
769,929
379,543
380,542
380,543
653,700
653,701
654,701
720,142
720,143
721,142
314,845
315,844
315,845
327,797
327,798
328,798
4,533
5,533
5,534
821,1010
821,1011
822,1011
1014,67
1014,68
1015,68
331,358
332,358
332,359
845,537
845,538
846,537
684,762
684,763
685,763
269,579
270,579
270,580
501,907
502,907
502,908
721,180
722,179
722,180
918,511
918,512
919,511
310,984
310,985
311,984
476,199
476,200
477,200
581,227
582,226
582,227
1022,895
1022,896
1023,895
380,740
381,740
381,741
202,880
202,881
203,880
328,929
329,929
329,930
207,934
208,934
208,935
349,898
350,898
350,899
980,47
981,47
981,48
918,482
919,481
919,482
386,634
387,633
387,634
454,908
455,908
455,909
340,659
340,660
341,659
627,419
627,420
628,419
785,229
786,229
786,230
650,815
650,816
651,816
362,619
362,620
363,619
585,997
586,996
586,997
492,345
493,345
493,346
837,151
837,152
838,151
798,478
798,479
799,478
317,593
317,594
318,593
696,1024
697,1023
697,1024
502,726
503,726
503,727
727,522
728,522
728,523
45,540
45,541
46,540
435,419
435,420
436,419
669,652
669,653
670,653
923,718
924,717
924,718
314,795
314,796
315,795
12,1000
13,999
13,1000
539,686
540,685
540,686
768,583
769,582
769,583
880,358
881,358
881,359
335,989
335,990
336,989
937,376
937,377
938,376
677,576
678,576
678,577
410,18
411,17
411,18
380,290
380,291
381,291
269,918
269,919
270,918
811,388
811,389
812,389
283,229
283,230
284,229
641,51
641,52
642,52
691,281
692,281
692,282
424,191
424,192
425,191
411,342
411,343
412,343
860,519
861,518
861,519
384,624
385,624
385,625
342,333
343,332
343,333
871,305
871,306
872,305
506,338
507,337
507,338
1013,890
1013,891
1014,891
367,644
368,643
368,644
826,481
826,482
827,481
810,987
811,986
811,987
475,611
475,612
476,611
408,91
409,91
409,92
294,440
295,440
295,441
405,600
406,599
406,600
1001,138
1001,139
1002,139
307,546
307,547
308,546
284,1017
285,1017
285,1018
569,701
570,700
570,701
581,749
582,749
582,750
914,334
914,335
915,335
394,358
395,357
395,358
258,952
259,952
259,953
330,922
331,922
331,923
709,964
709,965
710,965
349,414
349,415
350,414
808,397
809,396
809,397
448,585
448,586
449,585
948,312
949,312
949,313
990,547
990,548
991,547
644,452
645,451
645,452
884,323
885,322
885,323
984,74
984,75
985,74
631,844
632,844
632,845
238,976
239,976
239,977
864,589
865,588
865,589
534,301
534,302
535,301
469,616
469,617
470,617
359,857
359,858
360,857
821,97
821,98
822,98
820,364
821,364
821,365
327,204
327,205
328,205
756,964
756,965
757,964
969,728
969,729
970,728
361,544
361,545
362,544
658,685
659,685
659,686
630,380
630,381
631,380
783,242
783,243
784,243
851,659
852,658
852,659
277,273
277,274
278,274
763,493
764,493
764,494
979,378
979,379
980,379
1015,500
1015,501
1016,501
775,594
775,595
776,594
933,598
933,599
934,599
720,410
721,409
721,410
443,540
443,541
444,541
569,176
569,177
570,176
551,493
552,493
552,494
357,588
358,588
358,589
274,804
275,803
275,804
1,988
1,989
2,988
423,658
424,658
424,659
613,418
614,418
614,419
408,365
409,364
409,365
379,361
379,362
380,362
663,698
663,699
664,699
476,1005
477,1005
477,1006
907,563
908,563
908,564
837,57
838,57
838,58
807,109
807,110
808,109
289,176
290,175
290,176
681,709
681,710
682,710
874,753
875,753
875,754
858,235
859,234
859,235
803,246
804,246
804,247
815,776
815,777
816,777
149,990
149,991
150,991
323,885
324,884
324,885
1010,1023
1011,1023
1011,1024
993,274
994,274
994,275
671,369
672,369
672,370
381,48
382,47
382,48
616,736
617,735
617,736
756,652
756,653
757,652
1014,29
1014,30
1015,30
912,961
913,960
913,961
593,214
594,214
594,215
644,238
645,237
645,238
445,577
445,578
446,578
971,879
971,880
972,880
789,313
790,312
790,313
821,136
821,137
822,137
411,469
412,469
412,470
618,756
618,757
619,756
605,75
605,76
606,76
604,990
604,991
605,991
627,29
627,30
628,29
714,580
715,579
715,580
996,324
996,325
997,325
553,158
553,159
554,158
850,595
851,595
851,596
282,638
283,637
283,638
330,853
330,854
331,853
171,528
172,528
172,529
273,822
274,821
274,822
91,1017
91,1018
92,1018
595,39
596,39
596,40
954,138
954,139
955,139
888,975
889,975
889,976
355,742
356,742
356,743
917,375
918,375
918,376
190,873
191,873
191,874
447,475
448,474
448,475
282,758
282,759
283,759
904,664
904,665
905,664
494,130
495,129
495,130
674,1011
675,1010
675,1011
838,41
838,42
839,41
762,354
762,355
763,355
473,667
474,667
474,668
562,89
562,90
563,90
644,654
644,655
645,654
133,902
133,903
134,903
632,31
632,32
633,32
756,932
757,931
757,932
388,158
388,159
389,158
772,84
773,84
773,85
20,966
20,967
21,966
581,29
582,28
582,29
613,902
613,903
614,903
621,228
622,228
622,229
850,654
850,655
851,655
413,420
414,420
414,421
343,31
343,32
344,32
366,228
366,229
367,229
884,235
884,236
885,235
2,528
2,529
3,528
797,483
798,483
798,484
904,706
904,707
905,707
394,636
395,635
395,636
557,140
558,139
558,140
215,981
215,982
216,981
534,677
534,678
535,678
683,792
684,791
684,792
727,74
728,73
728,74
993,98
993,99
994,98
855,133
856,132
856,133
664,431
664,432
665,431
368,550
368,551
369,551
7,265
8,265
8,266
698,370
699,369
699,370
986,724
987,724
987,725
1013,266
1013,267
1014,267
766,262
766,263
767,262
690,575
690,576
691,576
922,942
922,943
923,942
486,609
487,609
487,610
589,922
590,922
590,923
421,162
421,163
422,163
463,341
463,342
464,341
695,767
696,767
696,768
416,187
417,186
417,187
1022,347
1023,346
1023,347
641,754
641,755
642,754
285,243
286,242
286,243
654,934
654,935
655,935
451,81
452,81
452,82
594,470
594,471
595,471
445,225
446,225
446,226
283,499
283,500
284,499
408,58
409,57
409,58
486,807
486,808
487,807
289,282
290,282
290,283
482,646
482,647
483,647
569,89
569,90
570,89
463,441
464,441
464,442
835,165
835,166
836,166
369,580
369,581
370,580
439,476
439,477
440,477
315,91
315,92
316,91
264,305
265,304
265,305
373,640
374,640
374,641
842,367
842,368
843,367
399,449
399,450
400,450
625,868
626,867
626,868
460,371
460,372
461,372
548,904
548,905
549,904
392,369
392,370
393,370
577,863
577,864
578,864
719,195
720,194
720,195
808,473
809,472
809,473
190,870
190,871
191,871
992,494
993,494
993,495
368,662
369,662
369,663
427,609
427,610
428,610
462,462
462,463
463,462
961,630
961,631
962,631
434,364
434,365
435,364
963,285
964,284
964,285
384,613
385,613
385,614
732,377
732,378
733,378
337,439
337,440
338,439
828,675
829,674
829,675
906,477
907,477
907,478
762,980
762,981
763,980
317,707
318,706
318,707
1015,186
1016,186
1016,187
363,290
364,290
364,291
425,446
426,445
426,446
725,64
726,64
726,65
590,775
590,776
591,776
970,973
971,972
971,973
356,491
357,491
357,492
334,645
334,646
335,646
613,512
613,513
614,513
428,223
428,224
429,224
631,55
632,54
632,55
951,645
951,646
952,645
746,374
746,375
747,375
872,450
873,449
873,450
429,206
430,205
430,206
648,834
649,834
649,835
464,914
465,913
465,914
410,272
411,272
411,273
942,720
942,721
943,720
486,569
487,568
487,569
372,41
372,42
373,41
415,40
416,39
416,40
826,505
826,506
827,505
624,893
625,892
625,893
913,554
913,555
914,555
732,725
733,725
733,726
706,975
706,976
707,976
438,639
439,639
439,640
758,397
758,398
759,398
278,221
279,221
279,222
271,285
271,286
272,286
400,438
400,439
401,439
988,43
988,44
989,44
510,567
511,566
511,567
692,72
692,73
693,72
793,1021
793,1022
794,1021
320,61
320,62
321,61
938,592
938,593
939,593
963,47
964,47
964,48
488,105
488,106
489,105
331,692
331,693
332,692
816,577
816,578
817,577
804,968
804,969
805,968
803,420
804,419
804,420
354,186
354,187
355,187
767,549
767,550
768,550
872,538
873,537
873,538
1017,1005
1018,1004
1018,1005
839,714
840,714
840,715
682,826
682,827
683,826
425,590
425,591
426,591
625,476
625,477
626,477
955,353
955,354
956,353
477,380
478,379
478,380
426,432
427,431
427,432
884,533
884,534
885,534
934,601
934,602
935,601
342,587
343,587
343,588
890,575
891,575
891,576
482,642
483,641
483,642
684,605
684,606
685,606
912,493
913,493
913,494
657,975
658,975
658,976
638,834
638,835
639,835
571,116
571,117
572,116
369,285
369,286
370,286
261,321
261,322
262,322
351,747
352,746
352,747
638,360
638,361
639,360
257,880
257,881
258,881
494,1018
495,1018
495,1019
318,687
318,688
319,688
606,445
607,444
607,445
690,554
691,553
691,554
820,467
821,467
821,468
884,255
885,254
885,255
479,101
479,102
480,101
899,566
899,567
900,566
877,820
877,821
878,821
846,372
847,372
847,373
768,534
769,533
769,534
526,927
526,928
527,927
821,565
822,565
822,566
616,234
617,233
617,234
356,216
356,217
357,216
443,603
443,604
444,603
916,804
917,804
917,805
916,371
917,371
917,372
286,250
287,250
287,251
509,662
510,662
510,663
449,281
449,282
450,282
626,698
626,699
627,698
306,827
306,828
307,827
517,540
518,540
518,541
562,662
563,661
563,662
674,445
675,445
675,446
590,48
591,47
591,48
467,1006
467,1007
468,1007
599,631
600,630
600,631
431,550
431,551
432,551
633,984
633,985
634,985
800,1011
801,1010
801,1011
274,477
275,477
275,478
567,656
568,655
568,656
649,578
650,578
650,579
430,245
430,246
431,245
646,840
647,840
647,841
355,992
356,991
356,992
825,66
826,66
826,67
875,230
875,231
876,231
884,893
884,894
885,893
351,992
351,993
352,993
806,19
806,20
807,20
98,991
99,991
99,992
712,522
712,523
713,522
623,927
623,928
624,928
466,631
466,632
467,631
980,319
981,318
981,319
452,321
453,320
453,321
560,777
560,778
561,778
868,265
868,266
869,266
276,882
276,883
277,882
676,326
676,327
677,327
753,828
754,827
754,828
647,647
647,648
648,648
744,355
745,355
745,356
766,529
767,529
767,530
967,921
968,921
968,922
975,76
975,77
976,76
272,111
273,110
273,111
303,220
303,221
304,221
871,830
871,831
872,830
861,358
861,359
862,358
361,301
362,300
362,301
313,719
314,718
314,719
553,64
554,63
554,64
992,114
993,114
993,115
967,1002
967,1003
968,1002
1011,586
1011,587
1012,586
215,856
216,856
216,857
799,597
799,598
800,597
270,741
270,742
271,742
282,624
283,624
283,625
580,106
581,105
581,106
158,946
158,947
159,946
565,354
566,354
566,355
543,54
544,53
544,54
512,573
513,572
513,573
229,824
229,825
230,824
415,898
415,899
416,899
801,110
802,110
802,111
819,471
820,470
820,471
370,977
370,978
371,978
851,891
851,892
852,891
215,926
216,925
216,926
839,233
839,234
840,234
699,22
700,22
700,23
842,192
843,191
843,192
312,856
313,855
313,856
985,478
986,477
986,478
620,512
621,511
621,512
869,376
870,376
870,377
695,718
695,719
696,718
448,433
449,433
449,434
744,1022
745,1021
745,1022
746,57
746,58
747,58
829,1000
830,999
830,1000
378,587
378,588
379,588
283,573
284,572
284,573
587,854
587,855
588,855
380,230
381,230
381,231
910,969
911,969
911,970
922,910
923,909
923,910
796,619
797,618
797,619
404,635
405,634
405,635
959,72
959,73
960,73
559,546
559,547
560,546
355,686
356,685
356,686
732,592
733,592
733,593
245,967
246,966
246,967
146,889
147,888
147,889
327,618
327,619
328,618
781,918
782,917
782,918
557,292
557,293
558,293
280,880
280,881
281,881
675,173
676,172
676,173
350,602
350,603
351,602
441,188
442,188
442,189
39,992
40,991
40,992
407,438
408,438
408,439
690,167
690,168
691,167
920,565
921,564
921,565
1023,724
1023,725
1024,724
689,979
689,980
690,980
807,198
807,199
808,199
816,454
817,453
817,454
400,415
400,416
401,416
729,376
729,377
730,376
312,365
312,366
313,365
407,244
407,245
408,245
156,821
156,822
157,821
709,967
710,967
710,968
719,212
720,211
720,212
972,908
972,909
973,908
819,219
820,218
820,219
343,795
343,796
344,795
1010,717
1011,717
1011,718
633,555
633,556
634,555
812,354
813,354
813,355
658,165
658,166
659,165
392,341
392,342
393,342
283,452
283,453
284,453
815,522
816,521
816,522
412,457
413,456
413,457
493,639
493,640
494,639
455,586
455,587
456,587
892,391
892,392
893,392
315,291
315,292
316,291
393,464
394,464
394,465
535,752
536,751
536,752
700,525
700,526
701,525
465,876
466,876
466,877
726,821
726,822
727,821
15,537
15,538
16,538
509,558
510,557
510,558
504,72
505,72
505,73
546,652
547,651
547,652
260,21
260,22
261,21
597,973
597,974
598,973
282,977
282,978
283,978
807,343
808,342
808,343
202,852
203,851
203,852
343,695
343,696
344,695
924,411
925,411
925,412
328,933
329,932
329,933
799,251
799,252
800,252
561,856
561,857
562,857
326,924
326,925
327,924
617,831
618,831
618,832
415,341
416,340
416,341
850,886
850,887
851,886
161,972
161,973
162,972
822,86
822,87
823,87
679,489
679,490
680,490
918,522
918,523
919,522
684,3
685,3
685,4
902,10
903,9
903,10
699,158
700,157
700,158
346,492
347,492
347,493
441,417
442,416
442,417
456,610
456,611
457,610
565,939
566,939
566,940
366,506
366,507
367,507
371,366
372,366
372,367
451,99
451,100
452,99
698,32
698,33
699,33
951,628
952,628
952,629
708,724
708,725
709,725
880,740
881,740
881,741
640,215
640,216
641,216
541,736
542,735
542,736
468,271
469,270
469,271
218,973
218,974
219,974
789,369
789,370
790,370
340,940
340,941
341,941
642,252
642,253
643,253
260,187
261,187
261,188
974,286
974,287
975,287
571,620
572,620
572,621
1023,681
1023,682
1024,681
701,251
702,251
702,252
366,329
366,330
367,329
11,983
11,984
12,984
267,504
267,505
268,505
797,587
798,586
798,587
208,866
208,867
209,867
444,1020
444,1021
445,1020
496,480
496,481
497,480
509,42
510,41
510,42
848,168
848,169
849,168
268,895
268,896
269,895
830,15
830,16
831,15
1012,1
1012,2
1013,1
880,853
880,854
881,854
431,424
432,423
432,424
634,851
634,852
635,852
829,503
830,503
830,504
635,231
635,232
636,231
609,915
609,916
610,915
607,408
607,409
608,408
677,239
678,238
678,239
698,970
699,970
699,971
300,8
301,7
301,8
573,750
574,750
574,751
964,714
964,715
965,714
564,299
565,299
565,300
708,865
708,866
709,866
156,854
157,853
157,854
832,932
833,931
833,932
994,203
995,203
995,204
373,983
373,984
374,983
307,908
308,908
308,909
283,800
284,800
284,801
392,310
392,311
393,310
942,313
943,312
943,313
551,685
551,686
552,685
809,448
809,449
810,448
385,27
385,28
386,27
319,231
319,232
320,231
352,953
352,954
353,954
519,202
519,203
520,202
868,358
869,357
869,358
925,838
925,839
926,838
765,544
765,545
766,545
614,961
614,962
615,962
443,783
444,782
444,783
314,898
315,897
315,898
856,684
856,685
857,685
890,716
891,715
891,716
804,312
804,313
805,312
271,39
271,40
272,40
583,312
583,313
584,313
770,949
770,950
771,950
799,450
800,450
800,451
265,723
265,724
266,723
838,578
838,579
839,579
761,816
761,817
762,816
335,857
336,857
336,858
308,847
308,848
309,847
772,98
772,99
773,99
361,692
362,692
362,693
854,677
854,678
855,677
582,934
582,935
583,934
275,105
276,105
276,106
478,551
479,551
479,552
379,685
380,685
380,686
778,238
778,239
779,238
487,1001
488,1000
488,1001
391,555
391,556
392,556
636,901
637,900
637,901
549,351
550,350
550,351
760,931
760,932
761,931
709,523
709,524
710,523
305,760
306,760
306,761
815,110
816,109
816,110
849,250
850,250
850,251
989,509
990,508
990,509
577,841
578,841
578,842
888,633
888,634
889,634
838,658
839,657
839,658
810,209
810,210
811,210
561,195
562,195
562,196
418,958
418,959
419,959
1015,459
1016,459
1016,460
837,734
838,734
838,735
863,334
864,333
864,334
756,434
757,434
757,435
919,372
919,373
920,373
328,598
328,599
329,599
391,51
392,50
392,51
795,714
795,715
796,714
381,898
381,899
382,899
887,865
888,865
888,866
975,497
976,497
976,498
617,900
617,901
618,901
663,719
664,718
664,719
308,588
309,587
309,588
881,613
881,614
882,614
1003,501
1004,501
1004,502
721,836
721,837
722,837
291,847
292,847
292,848
801,534
801,535
802,535
595,625
595,626
596,625
302,229
303,229
303,230
894,409
895,409
895,410
325,909
326,909
326,910
756,926
756,927
757,926
674,523
674,524
675,524
880,681
880,682
881,681
360,97
360,98
361,98
780,848
781,847
781,848
580,962
581,962
581,963
962,308
963,308
963,309
931,512
932,511
932,512
383,346
383,347
384,346
920,618
920,619
921,619
213,807
214,807
214,808
646,800
646,801
647,801
295,221
296,221
296,222
709,569
709,570
710,570
750,2
751,2
751,3
592,361
593,360
593,361
622,781
622,782
623,781
808,223
808,224
809,223
523,803
524,803
524,804
358,758
359,758
359,759
350,584
351,583
351,584
856,802
857,802
857,803
366,465
366,466
367,465
666,824
666,825
667,824
866,843
867,843
867,844
130,951
130,952
131,952
331,932
331,933
332,933
403,656
404,655
404,656
631,832
632,831
632,832
658,202
659,202
659,203
754,252
754,253
755,253
767,967
767,968
768,967
497,67
498,66
498,67
617,78
617,79
618,79
857,774
858,774
858,775
617,205
617,206
618,206
759,926
760,926
760,927
710,853
710,854
711,853
473,178
474,177
474,178
819,166
820,166
820,167
351,13
351,14
352,13
201,945
202,944
202,945
74,546
75,545
75,546
910,338
911,337
911,338
624,935
625,935
625,936
559,688
560,688
560,689
373,587
374,586
374,587
541,392
542,392
542,393
494,176
494,177
495,177
391,942
391,943
392,943
823,463
823,464
824,464
488,283
489,282
489,283
829,452
829,453
830,453
718,218
719,217
719,218
891,466
892,466
892,467
823,917
823,918
824,918
359,989
359,990
360,990
907,474
907,475
908,475
452,501
453,500
453,501
327,549
328,548
328,549
276,15
276,16
277,16
274,461
274,462
275,461
479,477
480,476
480,477
385,656
385,657
386,656
761,377
762,376
762,377
458,1021
459,1021
459,1022
549,937
549,938
550,937
903,455
904,454
904,455
267,26
267,27
268,26
645,857
646,856
646,857
644,782
645,782
645,783
807,407
807,408
808,408
473,199
474,198
474,199
908,761
909,760
909,761
1006,963
1007,962
1007,963
285,980
286,980
286,981
722,218
723,217
723,218
509,651
509,652
510,651
444,190
444,191
445,191
113,991
113,992
114,991
454,371
454,372
455,371
814,533
814,534
815,533
146,892
146,893
147,893
657,211
658,210
658,211
394,399
395,399
395,400
1014,504
1015,504
1015,505
454,544
454,545
455,545
700,233
700,234
701,234
848,163
848,164
849,163
674,845
675,845
675,846
868,349
869,348
869,349
403,846
403,847
404,847
392,57
392,58
393,58
880,578
881,578
881,579
268,610
269,609
269,610
217,871
218,871
218,872
803,492
804,491
804,492
860,779
860,780
861,779
785,526
785,527
786,527
318,868
318,869
319,869
845,694
846,693
846,694
1006,978
1006,979
1007,979
275,983
275,984
276,983
437,1014
438,1013
438,1014
294,993
294,994
295,993
730,222
731,222
731,223
806,897
806,898
807,897
736,39
737,38
737,39
144,825
145,825
145,826
477,967
477,968
478,967
509,202
510,201
510,202
524,786
524,787
525,786
379,935
379,936
380,936
917,153
917,154
918,154
485,109
486,109
486,110
1001,726
1002,726
1002,727
459,474
459,475
460,474
764,771
764,772
765,771
426,208
427,208
427,209
552,996
553,996
553,997
269,930
269,931
270,931
614,294
614,295
615,295
518,776
518,777
519,776
277,494
278,494
278,495
991,222
991,223
992,223
141,964
141,965
142,965
817,443
817,444
818,444
1008,750
1008,751
1009,751
317,811
317,812
318,811
958,968
959,968
959,969
426,685
427,685
427,686
646,218
646,219
647,219
713,145
714,145
714,146
343,752
343,753
344,753
335,941
335,942
336,942
338,424
338,425
339,424
684,256
685,256
685,257
398,1011
399,1011
399,1012
815,231
816,231
816,232
368,247
368,248
369,248
419,688
420,688
420,689
610,223
611,222
611,223
290,506
290,507
291,506
847,152
848,152
848,153
776,949
777,949
777,950
792,584
792,585
793,584
503,482
504,481
504,482
535,721
535,722
536,721
911,329
911,330
912,329
881,319
882,319
882,320
721,886
721,887
722,886
829,657
830,657
830,658
349,732
350,732
350,733
374,563
374,564
375,564
318,608
319,608
319,609
212,827
213,827
213,828
715,808
715,809
716,809
828,540
829,539
829,540
962,1020
962,1021
963,1020
407,409
408,409
408,410
765,507
766,506
766,507
188,814
189,814
189,815
350,927
350,928
351,928
594,1001
594,1002
595,1001
554,671
554,672
555,672
549,783
550,782
550,783
352,797
353,797
353,798
288,638
289,638
289,639
776,963
776,964
777,964
775,407
776,407
776,408
284,725
285,724
285,725
710,410
711,409
711,410
972,820
973,820
973,821
287,28
287,29
288,29
376,489
376,490
377,489
300,274
301,274
301,275
451,423
451,424
452,424
698,739
699,738
699,739
336,934
336,935
337,934
763,715
764,714
764,715
639,621
639,622
640,622
945,815
946,814
946,815
361,27
362,26
362,27
283,959
283,960
284,959
681,32
681,33
682,32
695,479
695,480
696,480
489,774
489,775
490,775
402,219
403,219
403,220
341,234
341,235
342,235
235,951
235,952
236,952
524,549
525,548
525,549
407,420
408,420
408,421
271,512
271,513
272,512
816,930
816,931
817,931
396,200
397,200
397,201
567,566
567,567
568,566
798,454
798,455
799,455
714,302
715,301
715,302
727,832
728,832
728,833
446,171
446,172
447,171
914,321
914,322
915,321
468,587
469,587
469,588
323,824
323,825
324,825
920,318
920,319
921,319
749,833
750,832
750,833
602,939
602,940
603,939
860,493
861,492
861,493
361,927
361,928
362,927
216,535
216,536
217,536
773,332
774,332
774,333
485,431
486,430
486,431
780,854
781,853
781,854
400,854
401,853
401,854
1001,3
1001,4
1002,3
891,511
892,510
892,511
415,275
415,276
416,276
615,55
616,55
616,56
691,757
692,757
692,758
853,299
853,300
854,299
378,26
378,27
379,27
292,419
292,420
293,419
404,448
405,447
405,448
444,445
445,445
445,446
817,830
817,831
818,830
713,23
714,22
714,23
847,710
847,711
848,711
698,470
698,471
699,470
336,602
336,603
337,603
919,136
919,137
920,137
713,29
714,28
714,29
668,842
668,843
669,842
8,983
8,984
9,984
1007,181
1008,181
1008,182
937,982
937,983
938,983
675,555
675,556
676,555
791,389
791,390
792,390
866,192
867,192
867,193
370,856
371,855
371,856
572,630
573,630
573,631
238,969
239,969
239,970
955,425
955,426
956,425
259,778
259,779
260,778
841,134
841,135
842,135
372,602
372,603
373,603
330,156
331,155
331,156
207,921
207,922
208,922
479,507
480,507
480,508
225,932
225,933
226,933
314,29
314,30
315,29
663,765
664,765
664,766
808,14
808,15
809,15
618,725
618,726
619,726
1002,46
1003,45
1003,46
260,786
261,785
261,786
311,623
311,624
312,624
518,319
518,320
519,320
315,73
316,73
316,74
747,23
748,22
748,23
949,991
950,990
950,991
361,761
362,761
362,762
833,550
833,551
834,550
990,837
991,837
991,838
681,979
682,978
682,979
956,330
957,329
957,330
870,64
871,64
871,65
273,82
274,81
274,82
917,626
918,625
918,626
490,110
491,110
491,111
631,587
631,588
632,587
862,101
862,102
863,102
416,475
417,475
417,476
293,499
294,498
294,499
580,994
581,993
581,994
400,744
401,743
401,744
993,831
993,832
994,831
635,508
635,509
636,509
689,213
690,212
690,213
269,525
269,526
270,525
562,638
562,639
563,638
887,377
887,378
888,377
357,119
357,120
358,120
366,885
367,884
367,885
1011,956
1011,957
1012,957
731,48
732,48
732,49
717,832
717,833
718,833
665,214
665,215
666,215
555,211
555,212
556,212
751,58
752,58
752,59
821,404
822,403
822,404
478,427
478,428
479,428
336,954
336,955
337,954
275,602
275,603
276,603
922,780
923,780
923,781
379,270
379,271
380,270
458,872
458,873
459,873
655,514
655,515
656,514
538,721
539,721
539,722
641,848
641,849
642,848
763,524
763,525
764,524
646,516
647,515
647,516
1006,198
1006,199
1007,198
878,500
878,501
879,500
897,378
897,379
898,379
665,451
665,452
666,452
443,612
443,613
444,613
726,51
727,50
727,51
487,196
487,197
488,197
479,872
479,873
480,873
556,217
557,216
557,217
675,582
675,583
676,582
1012,309
1012,310
1013,310
405,744
406,743
406,744
297,959
297,960
298,959
603,857
604,857
604,858
689,984
689,985
690,984
121,817
122,816
122,817
461,508
461,509
462,509
951,299
951,300
952,300
919,572
920,572
920,573
854,352
854,353
855,353
825,660
826,659
826,660
392,328
392,329
393,329
359,641
360,640
360,641
688,967
689,967
689,968
447,16
447,17
448,16
510,130
510,131
511,131
560,893
561,892
561,893
714,847
714,848
715,848
311,557
311,558
312,557
985,35
986,35
986,36
704,14
705,13
705,14
842,854
843,854
843,855
353,608
354,607
354,608
963,38
964,37
964,38
886,688
887,687
887,688
922,308
923,308
923,309
761,455
762,455
762,456
416,157
416,158
417,157
851,775
852,774
852,775
470,685
470,686
471,685
410,160
411,159
411,160
429,603
429,604
430,603
671,625
671,626
672,625
625,577
626,576
626,577
446,438
446,439
447,438
430,370
431,369
431,370
308,600
309,599
309,600
614,945
614,946
615,946
51,981
51,982
52,981
918,424
918,425
919,424
804,448
805,447
805,448
838,1012
839,1011
839,1012
616,536
617,535
617,536
215,919
216,919
216,920
395,341
395,342
396,342
465,447
465,448
466,448
677,520
678,520
678,521
592,940
592,941
593,941
326,820
326,821
327,820
544,550
545,550
545,551
928,735
928,736
929,736
753,36
753,37
754,36
519,99
520,98
520,99
1001,1002
1001,1003
1002,1003
267,927
267,928
268,928
440,647
441,647
441,648
783,355
783,356
784,355
497,6
498,5
498,6
861,551
861,552
862,552
700,959
700,960
701,959
578,573
579,573
579,574
17,263
17,264
18,264
474,609
475,608
475,609
404,69
404,70
405,70
523,778
524,777
524,778
659,996
660,996
660,997
515,808
516,808
516,809
609,654
609,655
610,654
402,228
403,227
403,228
412,354
412,355
413,354
1006,418
1007,418
1007,419
886,329
886,330
887,329
987,920
987,921
988,920
670,696
670,697
671,696
764,23
764,24
765,24
834,769
834,770
835,769
694,582
694,583
695,582
836,775
837,775
837,776
261,295
262,295
262,296
47,978
47,979
48,979
315,128
315,129
316,128
940,555
940,556
941,555
585,305
585,306
586,305
492,634
492,635
493,634
944,606
944,607
945,607
1020,1019
1020,1020
1021,1020
633,966
633,967
634,967
846,191
846,192
847,191
889,562
890,562
890,563
922,682
923,682
923,683
555,299
556,298
556,299
908,698
908,699
909,699
665,427
666,426
666,427
423,527
423,528
424,527
983,17
984,16
984,17
388,853
389,853
389,854
867,804
868,804
868,805
439,543
440,542
440,543
487,529
488,528
488,529
568,266
568,267
569,267
375,513
375,514
376,514
399,226
399,227
400,226
839,367
840,366
840,367
541,652
541,653
542,653
621,819
622,818
622,819
832,890
832,891
833,890
923,630
924,630
924,631
586,419
586,420
587,419
289,630
290,629
290,630
1010,1013
1011,1013
1011,1014
913,738
914,738
914,739
338,450
338,451
339,450
835,85
835,86
836,85
601,723
602,722
602,723
753,663
753,664
754,664
633,454
633,455
634,454
279,871
280,871
280,872
1002,324
1002,325
1003,325
362,509
362,510
363,510
409,337
410,336
410,337
827,580
828,580
828,581
882,859
883,858
883,859
804,187
805,187
805,188
277,816
278,816
278,817
314,979
314,980
315,980
776,332
776,333
777,333
297,726
297,727
298,727
354,565
354,566
355,566
529,810
530,809
530,810
767,497
767,498
768,497
344,202
344,203
345,202
689,797
689,798
690,797
965,224
965,225
966,225
386,112
387,111
387,112
712,25
712,26
713,25
1020,271
1020,272
1021,271
314,276
315,276
315,277
351,572
352,572
352,573
947,267
947,268
948,268
605,1014
605,1015
606,1015
392,990
393,990
393,991
255,875
256,874
256,875
485,136
485,137
486,137
700,741
700,742
701,742
329,901
330,901
330,902
447,477
447,478
448,477
430,692
431,691
431,692
640,764
641,763
641,764
536,610
536,611
537,611
644,681
644,682
645,682
762,540
763,539
763,540
282,771
283,771
283,772
762,581
763,581
763,582
693,34
694,33
694,34
449,786
450,785
450,786
531,685
532,685
532,686
913,575
913,576
914,576
957,624
958,624
958,625
531,604
531,605
532,605
314,943
315,942
315,943
277,570
278,570
278,571
332,1002
332,1003
333,1003
424,481
424,482
425,482
799,661
799,662
800,662
931,547
932,547
932,548
986,105
987,105
987,106
420,640
420,641
421,641
69,533
70,533
70,534
192,1003
192,1004
193,1003
1015,63
1016,62
1016,63
275,617
275,618
276,618
431,540
432,540
432,541
872,401
873,400
873,401
915,505
915,506
916,506
312,90
312,91
313,90
1003,18
1003,19
1004,18
950,863
951,862
951,863
810,101
810,102
811,101
947,783
948,783
948,784
1001,220
1001,221
1002,221
767,771
768,771
768,772
273,956
274,956
274,957
547,726
547,727
548,727
210,967
210,968
211,967
512,809
513,808
513,809
421,151
421,152
422,152
174,819
175,818
175,819
882,603
883,602
883,603
828,771
828,772
829,771
393,480
394,480
394,481
846,659
846,660
847,660
749,374
749,375
750,374
481,690
482,689
482,690
828,143
828,144
829,143
268,444
269,443
269,444
692,969
692,970
693,970
697,688
698,687
698,688
781,894
781,895
782,894
668,273
668,274
669,274
303,822
303,823
304,822
721,882
721,883
722,882
739,370
740,369
740,370
624,445
624,446
625,446
480,468
480,469
481,468
769,376
769,377
770,376
767,485
768,485
768,486
361,82
362,81
362,82
713,282
714,282
714,283
523,835
523,836
524,835
526,465
526,466
527,466
215,861
216,861
216,862
737,274
737,275
738,274
742,43
743,42
743,43
426,252
427,252
427,253
822,518
822,519
823,519
511,638
511,639
512,639
616,623
617,623
617,624
442,634
442,635
443,635
758,178
758,179
759,179
493,672
494,671
494,672
523,810
524,809
524,810
289,182
289,183
290,183
377,244
377,245
378,244
737,354
737,355
738,355
686,240
686,241
687,240
208,861
209,860
209,861
622,212
622,213
623,212
557,93
557,94
558,93
329,685
329,686
330,686
828,181
829,181
829,182
265,887
266,887
266,888
326,766
326,767
327,766
864,658
865,658
865,659
708,243
709,242
709,243
595,512
595,513
596,513
421,990
421,991
422,991
1008,703
1008,704
1009,703
560,172
560,173
561,173
502,646
502,647
503,647
254,919
254,920
255,920
577,725
578,724
578,725
670,78
670,79
671,78
604,917
604,918
605,917
746,406
746,407
747,407
549,810
550,809
550,810
900,469
900,470
901,469
924,328
924,329
925,329
871,349
872,349
872,350
813,252
813,253
814,253
426,204
427,204
427,205
882,884
882,885
883,884
59,955
60,954
60,955
303,660
304,659
304,660
283,984
284,984
284,985
440,669
441,668
441,669
491,669
491,670
492,669
849,354
850,353
850,354
1020,731
1020,732
1021,731
789,379
789,380
790,380
634,251
634,252
635,252
530,64
530,65
531,65
205,958
206,958
206,959
630,304
630,305
631,304
342,521
342,522
343,521
311,303
312,302
312,303
671,511
671,512
672,511
315,909
316,908
316,909
619,903
619,904
620,903
67,1018
67,1019
68,1019
210,540
211,540
211,541
372,605
372,606
373,605
581,134
582,133
582,134
732,7
732,8
733,7
787,277
788,276
788,277
490,197
491,197
491,198
680,430
680,431
681,431
468,580
469,580
469,581
968,368
969,368
969,369
503,965
504,964
504,965
960,488
960,489
961,489
402,158
403,157
403,158
760,448
760,449
761,449
158,950
159,949
159,950
853,987
853,988
854,988
508,680
508,681
509,680
996,1002
996,1003
997,1002
723,315
724,314
724,315
591,699
591,700
592,700
688,581
689,580
689,581
706,35
707,34
707,35
328,807
328,808
329,808
591,735
591,736
592,735
951,52
951,53
952,53
277,466
277,467
278,466
441,606
441,607
442,607
451,426
451,427
452,426
809,897
810,897
810,898
355,899
356,899
356,900
791,94
792,93
792,94
282,447
282,448
283,448
288,964
288,965
289,965
968,12
968,13
969,12
493,689
493,690
494,689
1003,296
1004,295
1004,296
464,822
465,822
465,823
458,681
458,682
459,681
550,703
550,704
551,704
398,641
399,640
399,641
927,464
927,465
928,465
295,545
295,546
296,546
768,873
769,872
769,873
451,163
451,164
452,163
702,20
703,19
703,20
278,921
278,922
279,921
699,996
700,996
700,997
823,1020
824,1020
824,1021
372,240
373,240
373,241
302,696
302,697
303,696
787,452
787,453
788,452
856,151
857,151
857,152
466,984
466,985
467,985
658,608
658,609
659,608
855,185
856,185
856,186
411,660
412,659
412,660
990,688
991,687
991,688
561,721
561,722
562,721
803,918
804,917
804,918
602,628
603,628
603,629
718,399
719,398
719,399
705,241
705,242
706,241
298,811
299,811
299,812
724,283
725,282
725,283
827,648
828,647
828,648
166,264
167,264
167,265
891,644
892,643
892,644
693,604
694,604
694,605
356,22
356,23
357,23
697,684
698,684
698,685
920,206
920,207
921,206
27,537
28,537
28,538
934,513
934,514
935,513
49,542
50,542
50,543
984,96
985,96
985,97
928,317
929,316
929,317
726,428
726,429
727,429
263,301
264,301
264,302
511,301
512,301
512,302
922,395
923,394
923,395
633,891
633,892
634,892
495,932
495,933
496,933
686,422
687,421
687,422
764,252
765,252
765,253
34,996
34,997
35,996
200,858
201,857
201,858
908,1002
909,1001
909,1002
397,213
397,214
398,214
197,985
197,986
198,985
955,1016
956,1015
956,1016
188,861
189,860
189,861
787,57
787,58
788,58
458,531
458,532
459,532
327,63
327,64
328,64
434,342
435,341
435,342
890,344
890,345
891,344
481,806
482,806
482,807
417,243
417,244
418,243
412,311
413,311
413,312
775,450
776,449
776,450
301,373
301,374
302,373
320,304
320,305
321,305
306,631
306,632
307,632
456,324
457,323
457,324
799,486
800,485
800,486
894,692
894,693
895,693
553,660
554,659
554,660
634,876
635,876
635,877
477,895
477,896
478,895
280,956
280,957
281,957
494,92
494,93
495,92
218,819
219,818
219,819
794,438
794,439
795,439
488,906
488,907
489,907
341,190
342,189
342,190
842,324
843,324
843,325
1018,288
1019,288
1019,289
761,399
761,400
762,399
955,731
956,731
956,732
52,542
52,543
53,542
955,337
956,336
956,337
709,217
709,218
710,217
662,360
662,361
663,360
622,106
623,106
623,107
1012,293
1012,294
1013,294
697,526
697,527
698,526
600,229
601,229
601,230
683,173
683,174
684,173
366,42
367,41
367,42
421,99
422,98
422,99
788,986
788,987
789,987
728,259
728,260
729,260
355,751
355,752
356,752
457,839
457,840
458,840
498,566
499,565
499,566
410,912
410,913
411,913
68,996
68,997
69,997
373,476
373,477
374,477
891,339
892,339
892,340
596,934
597,933
597,934
394,296
394,297
395,297
345,602
346,602
346,603
749,398
750,398
750,399
841,221
842,221
842,222
391,744
392,744
392,745
759,658
759,659
760,658
779,181
780,181
780,182
413,238
414,238
414,239
275,812
275,813
276,812
780,968
781,967
781,968
592,857
592,858
593,858
939,584
939,585
940,584
323,487
324,487
324,488
627,970
628,970
628,971
580,402
581,401
581,402
349,183
350,182
350,183
696,192
697,192
697,193
710,1009
711,1009
711,1010
992,990
993,990
993,991
793,848
794,847
794,848
632,979
632,980
633,980
417,420
417,421
418,420
516,343
517,343
517,344
379,562
379,563
380,563
827,256
828,256
828,257
450,523
450,524
451,524
944,269
945,268
945,269
533,393
534,393
534,394
700,657
701,657
701,658
631,860
632,859
632,860
490,784
491,784
491,785
540,893
540,894
541,894
907,302
908,302
908,303
739,559
740,559
740,560
406,640
407,640
407,641
25,543
26,542
26,543
402,451
402,452
403,451
722,64
723,63
723,64
629,943
630,942
630,943
558,277
559,277
559,278
971,809
972,809
972,810
569,630
570,629
570,630
836,183
837,183
837,184
496,783
496,784
497,783
831,703
832,702
832,703
540,624
540,625
541,625
326,703
327,702
327,703
588,752
588,753
589,752
820,288
820,289
821,289
800,462
800,463
801,463
194,825
195,824
195,825
788,463
789,463
789,464
818,137
819,136
819,137
710,636
711,635
711,636
386,50
387,50
387,51
410,299
411,299
411,300
561,77
562,76
562,77
679,55
679,56
680,55
647,215
648,215
648,216
723,319
724,318
724,319
311,291
311,292
312,292
384,275
385,275
385,276
399,291
399,292
400,291
322,898
323,898
323,899
644,820
645,820
645,821
345,552
345,553
346,552
703,310
703,311
704,310
774,888
774,889
775,889
376,584
376,585
377,585
990,51
990,52
991,52
317,477
318,477
318,478
475,577
475,578
476,578
820,647
820,648
821,647
262,54
262,55
263,54
200,903
200,904
201,903
638,530
639,529
639,530
272,315
272,316
273,315
873,318
873,319
874,319
790,435
790,436
791,435
786,835
787,834
787,835
395,846
395,847
396,846
532,643
533,642
533,643
320,631
321,631
321,632
883,336
883,337
884,337
687,210
687,211
688,210
410,991
411,991
411,992
224,881
224,882
225,881
909,306
909,307
910,306
301,209
302,209
302,210
792,972
793,971
793,972
1010,142
1010,143
1011,142
327,52
328,51
328,52
980,594
980,595
981,594
973,5
973,6
974,5
560,725
560,726
561,725
23,965
23,966
24,965
409,100
409,101
410,101
815,888
816,887
816,888
328,912
329,912
329,913
1007,988
1007,989
1008,988
575,721
576,720
576,721
508,141
509,140
509,141
884,642
884,643
885,642
738,498
738,499
739,498
762,663
763,663
763,664
862,965
862,966
863,965
381,355
382,354
382,355
860,334
860,335
861,335
930,563
930,564
931,563
965,936
965,937
966,937
351,987
351,988
352,988
415,983
416,982
416,983
858,583
859,583
859,584
1014,288
1015,287
1015,288
428,642
428,643
429,643
349,544
349,545
350,545
204,832
204,833
205,833
368,786
369,785
369,786
350,616
351,615
351,616
624,615
624,616
625,615
733,805
733,806
734,806
858,89
859,89
859,90
355,1002
355,1003
356,1003
255,926
255,927
256,926
464,615
465,615
465,616
583,95
584,94
584,95
474,12
475,11
475,12
201,937
201,938
202,938
924,685
925,684
925,685
1010,139
1011,139
1011,140
323,410
324,410
324,411
1018,292
1019,291
1019,292
854,581
855,580
855,581
898,966
899,965
899,966
350,980
351,980
351,981
735,251
736,250
736,251
464,634
464,635
465,635
396,452
396,453
397,452
580,206
581,206
581,207
611,181
612,180
612,181
410,138
411,137
411,138
394,424
395,424
395,425
536,398
536,399
537,398
436,642
436,643
437,643
869,777
869,778
870,777
630,443
630,444
631,444
633,700
633,701
634,701
743,873
744,872
744,873
486,645
486,646
487,646
735,594
735,595
736,594
899,462
900,461
900,462
293,571
294,570
294,571
340,811
341,811
341,812
973,151
974,150
974,151
834,538
835,537
835,538
669,1001
669,1002
670,1002
475,224
475,225
476,224
858,866
858,867
859,867
785,535
786,534
786,535
624,133
624,134
625,133
977,34
977,35
978,35
292,580
293,579
293,580
361,44
362,44
362,45
591,722
591,723
592,723
323,448
324,447
324,448
998,132
999,131
999,132
267,48
268,48
268,49
315,938
315,939
316,938
941,575
941,576
942,576
393,386
393,387
394,386
622,737
623,737
623,738
607,28
608,28
608,29
288,674
288,675
289,675
764,63
764,64
765,64
665,997
665,998
666,998
578,758
578,759
579,759
342,930
343,930
343,931
502,643
502,644
503,643
304,937
304,938
305,937
561,292
562,291
562,292
147,905
148,905
148,906
276,290
277,289
277,290
319,88
319,89
320,88
850,235
851,235
851,236
567,48
568,47
568,48
538,645
538,646
539,645
971,941
972,941
972,942
347,42
347,43
348,42
649,433
650,432
650,433
675,771
676,770
676,771
760,264
761,264
761,265
702,47
703,46
703,47
702,9
703,8
703,9
813,952
813,953
814,953
577,751
577,752
578,752
398,889
399,889
399,890
460,521
461,520
461,521
874,94
874,95
875,95
319,252
320,251
320,252
614,878
615,878
615,879
952,945
952,946
953,946
554,864
555,863
555,864
739,585
740,585
740,586
756,715
756,716
757,716
1008,240
1009,239
1009,240
1019,726
1020,726
1020,727
581,759
582,759
582,760
665,649
666,648
666,649
783,985
784,985
784,986
864,716
865,715
865,716
337,465
338,464
338,465
593,211
593,212
594,212
990,833
990,834
991,833
538,963
538,964
539,964
684,15
684,16
685,15
827,892
828,892
828,893
590,401
591,401
591,402
598,782
599,782
599,783
540,904
541,903
541,904
561,747
562,747
562,748
262,568
262,569
263,568
397,183
398,183
398,184
796,370
796,371
797,371
842,647
842,648
843,647
855,735
856,734
856,735
873,756
873,757
874,757
668,524
669,524
669,525
419,473
420,473
420,474
531,349
531,350
532,349
335,512
336,512
336,513
648,589
649,589
649,590
498,835
498,836
499,835
913,742
913,743
914,742
554,569
554,570
555,569
620,919
620,920
621,919
734,52
734,53
735,52
673,16
674,15
674,16
296,981
297,981
297,982
775,586
776,585
776,586
293,982
294,982
294,983
753,725
754,725
754,726
61,817
61,818
62,818
678,443
678,444
679,443
645,510
645,511
646,511
891,299
891,300
892,299
280,811
280,812
281,811
560,69
561,69
561,70
337,694
337,695
338,695
877,840
877,841
878,840
939,111
940,111
940,112
622,137
622,138
623,138
779,201
779,202
780,202
989,111
990,111
990,112
994,288
994,289
995,288
266,562
267,562
267,563
790,897
790,898
791,898
342,898
343,898
343,899
816,219
816,220
817,220
287,32
287,33
288,32
746,399
747,399
747,400
650,457
651,457
651,458
931,1023
932,1023
932,1024
957,960
958,959
958,960
1017,85
1017,86
1018,85
829,44
829,45
830,44
670,60
670,61
671,61
407,848
408,847
408,848
782,830
782,831
783,831
625,172
626,171
626,172
476,619
476,620
477,620
847,142
848,142
848,143
356,44
357,43
357,44
913,981
913,982
914,982
491,679
491,680
492,679
91,531
92,530
92,531
1023,747
1024,747
1024,748
608,744
608,745
609,745
904,13
905,13
905,14
769,975
769,976
770,976
601,841
602,841
602,842
563,553
563,554
564,554
394,524
394,525
395,524
272,13
273,12
273,13
884,625
885,625
885,626
312,345
312,346
313,346
540,928
541,927
541,928
332,759
333,759
333,760
659,682
659,683
660,683
117,954
118,953
118,954
316,55
317,54
317,55
855,712
856,711
856,712
370,1002
370,1003
371,1003
445,876
446,875
446,876
662,238
663,238
663,239
340,607
340,608
341,608
714,512
714,513
715,512
604,647
605,646
605,647
795,337
795,338
796,337
984,205
985,205
985,206
292,525
292,526
293,526
898,151
898,152
899,151
253,871
254,871
254,872
267,890
268,890
268,891
882,823
882,824
883,823
834,191
834,192
835,192
722,240
723,240
723,241
259,393
260,392
260,393
851,555
852,554
852,555
599,647
599,648
600,648
992,74
993,73
993,74
374,517
375,516
375,517
365,928
366,927
366,928
411,1012
412,1012
412,1013
709,844
709,845
710,845
298,895
298,896
299,895
541,575
542,574
542,575
320,499
321,499
321,500
808,95
809,94
809,95
297,889
297,890
298,889
864,392
865,391
865,392
976,733
976,734
977,733
811,555
812,554
812,555
384,618
385,618
385,619
655,423
655,424
656,423
339,39
340,39
340,40
674,334
675,334
675,335
602,943
602,944
603,944
979,2
980,1
980,2
564,67
565,67
565,68
308,19
309,18
309,19
591,752
592,752
592,753
657,334
658,334
658,335
776,213
776,214
777,214
607,252
607,253
608,253
267,18
268,17
268,18
958,8
959,8
959,9
162,961
163,961
163,962
675,825
676,824
676,825
310,645
311,645
311,646
790,872
790,873
791,873
984,522
985,522
985,523
897,471
898,470
898,471
464,593
464,594
465,593
318,591
319,590
319,591
602,956
602,957
603,956
1017,8
1018,7
1018,8
248,980
248,981
249,981
992,160
993,160
993,161
654,883
654,884
655,883
215,818
216,818
216,819
450,880
451,879
451,880
387,847
387,848
388,848
325,984
326,984
326,985
624,670
624,671
625,670
616,429
616,430
617,430
266,706
266,707
267,706
780,212
780,213
781,213
270,654
270,655
271,654
512,182
513,182
513,183
496,618
497,618
497,619
607,330
608,329
608,330
931,764
932,763
932,764
570,933
570,934
571,933
982,293
983,293
983,294
296,472
297,471
297,472
663,743
664,743
664,744
402,432
402,433
403,433
822,328
823,327
823,328
1020,8
1021,8
1021,9
368,984
369,984
369,985
797,499
798,499
798,500
451,486
452,485
452,486
799,554
799,555
800,554
455,660
456,660
456,661
520,207
520,208
521,207
333,772
334,771
334,772
462,247
463,246
463,247
776,510
777,509
777,510
943,304
944,304
944,305
812,434
812,435
813,435
823,628
823,629
824,629
777,1012
777,1013
778,1013
348,888
348,889
349,889
664,757
664,758
665,758
892,403
892,404
893,403
722,967
722,968
723,968
986,450
987,450
987,451
361,646
362,645
362,646
768,518
768,519
769,518
485,668
485,669
486,668
794,867
795,866
795,867
519,144
519,145
520,145
969,752
969,753
970,752
384,598
385,598
385,599
846,745
846,746
847,745
837,246
838,245
838,246
861,904
861,905
862,904
646,726
646,727
647,726
563,540
563,541
564,540
832,520
832,521
833,521
887,1018
888,1018
888,1019
933,677
933,678
934,677
292,209
292,210
293,210
563,261
563,262
564,261
287,238
287,239
288,239
423,477
423,478
424,477
790,540
791,540
791,541
654,908
654,909
655,908
890,551
890,552
891,551
504,797
505,797
505,798
766,513
766,514
767,513
259,945
259,946
260,946
392,979
392,980
393,979
852,324
853,323
853,324
650,425
650,426
651,426
682,617
683,616
683,617
306,683
306,684
307,683
502,690
503,689
503,690
516,4
517,4
517,5
138,822
138,823
139,822
504,787
504,788
505,788
815,440
816,440
816,441
691,503
692,502
692,503
563,182
564,181
564,182
839,22
840,22
840,23
835,511
835,512
836,511
919,29
919,30
920,29
476,168
477,168
477,169
357,34
357,35
358,34
752,263
753,262
753,263
674,827
674,828
675,827
930,968
931,967
931,968
925,698
926,698
926,699
1007,11
1008,10
1008,11
705,949
706,948
706,949
399,295
399,296
400,296
848,753
848,754
849,754
808,243
809,242
809,243
927,683
927,684
928,684
17,1021
17,1022
18,1021
259,443
259,444
260,443
371,382
371,383
372,382
370,52
371,52
371,53
560,163
561,163
561,164
698,374
698,375
699,375
519,249
519,250
520,249
367,539
368,538
368,539
867,93
868,93
868,94
853,594
854,594
854,595
312,32
312,33
313,33
1009,168
1010,167
1010,168
1018,218
1018,219
1019,218
309,956
310,956
310,957
904,715
904,716
905,716
292,798
293,798
293,799
537,350
538,350
538,351
145,990
145,991
146,990
428,323
429,323
429,324
713,495
714,495
714,496
988,55
989,54
989,55
982,977
983,977
983,978
805,513
806,512
806,513
422,11
423,11
423,12
993,81
994,81
994,82
268,281
268,282
269,281
830,322
831,322
831,323
796,579
796,580
797,580
475,757
476,756
476,757
793,478
794,477
794,478
439,491
440,491
440,492
495,534
496,533
496,534
455,726
456,726
456,727
608,783
609,782
609,783
554,646
554,647
555,646
348,522
349,521
349,522
954,173
954,174
955,173
743,19
743,20
744,20
455,593
456,592
456,593
930,756
931,756
931,757
31,260
31,261
32,261
349,234
349,235
350,234
782,1022
783,1021
783,1022
694,1015
694,1016
695,1015
709,687
709,688
710,687
479,247
480,246
480,247
644,867
644,868
645,868
662,346
662,347
663,347
391,529
392,529
392,530
357,480
357,481
358,481
272,468
273,468
273,469
308,876
308,877
309,877
743,672
744,671
744,672
599,604
599,605
600,605
458,627
458,628
459,627
330,146
331,146
331,147
572,730
572,731
573,731
682,523
682,524
683,524
611,737
611,738
612,738
384,43
385,42
385,43
356,222
356,223
357,222
751,247
752,246
752,247
395,601
396,601
396,602
281,577
281,578
282,578
489,985
490,984
490,985
391,420
392,419
392,420
795,517
796,517
796,518
587,763
588,763
588,764
381,504
382,503
382,504
984,774
985,774
985,775
868,1001
868,1002
869,1001
309,611
310,610
310,611
142,969
142,970
143,970
857,392
858,392
858,393
317,652
317,653
318,652
734,216
734,217
735,216
35,259
35,260
36,260
852,638
852,639
853,638
389,289
390,289
390,290
425,606
425,607
426,607
348,594
349,593
349,594
877,772
878,771
878,772
865,888
866,888
866,889
794,467
795,467
795,468
23,987
24,987
24,988
715,718
715,719
716,718
624,223
625,223
625,224
987,462
987,463
988,462
854,365
854,366
855,365
188,930
188,931
189,931
861,775
861,776
862,775
774,968
775,967
775,968
831,617
831,618
832,617
597,497
597,498
598,497
655,966
655,967
656,967
426,241
427,241
427,242
793,1015
794,1014
794,1015
154,832
154,833
155,832
615,937
615,938
616,937
886,578
886,579
887,579
303,548
304,548
304,549
788,616
788,617
789,616
464,509
465,508
465,509
709,261
710,261
710,262
277,896
278,895
278,896
381,17
382,16
382,17
390,480
391,479
391,480
703,788
704,788
704,789
497,300
498,300
498,301
884,713
885,713
885,714
625,895
625,896
626,895
495,595
495,596
496,595
616,621
617,620
617,621
387,645
387,646
388,645
406,21
407,20
407,21
964,467
965,467
965,468
447,550
447,551
448,551
203,952
203,953
204,952
783,1007
783,1008
784,1007
452,1021
452,1022
453,1022
726,573
727,573
727,574
506,94
506,95
507,94
996,264
997,263
997,264
941,360
941,361
942,361
566,275
567,275
567,276
333,331
334,331
334,332
332,580
333,579
333,580
851,648
852,647
852,648
740,544
740,545
741,545
796,575
796,576
797,576
748,81
749,81
749,82
785,1016
785,1017
786,1016
547,702
547,703
548,702
325,641
325,642
326,641
316,752
317,752
317,753
309,53
310,53
310,54
1014,572
1014,573
1015,573
939,344
939,345
940,345
432,299
433,298
433,299
543,291
544,290
544,291
624,422
625,421
625,422
640,244
640,245
641,245
395,286
396,285
396,286
556,693
557,693
557,694
682,326
682,327
683,326
468,603
469,603
469,604
321,689
321,690
322,690
529,549
529,550
530,549
670,573
670,574
671,574
579,102
580,102
580,103
271,479
272,479
272,480
280,859
281,858
281,859
894,686
894,687
895,687
546,268
547,267
547,268
927,694
927,695
928,695
542,890
543,890
543,891
740,906
741,905
741,906
288,575
288,576
289,576
876,965
876,966
877,966
473,523
473,524
474,523
482,803
483,803
483,804
283,21
283,22
284,21
674,459
675,458
675,459
618,64
619,64
619,65
998,44
998,45
999,45
855,858
855,859
856,858
884,932
885,932
885,933
352,735
352,736
353,736
334,691
335,690
335,691
752,212
752,213
753,212
157,902
158,902
158,903
270,295
270,296
271,296
692,99
693,98
693,99
269,593
269,594
270,594
533,618
533,619
534,618
852,705
853,705
853,706
334,494
335,493
335,494
298,957
299,956
299,957
377,839
378,839
378,840
649,738
649,739
650,739
844,1011
845,1010
845,1011
766,436
767,436
767,437
316,578
316,579
317,578
631,81
631,82
632,82
633,997
633,998
634,997
392,27
392,28
393,27
1010,904
1010,905
1011,904
626,982
627,982
627,983
724,394
725,394
725,395
498,8
498,9
499,8
633,868
633,869
634,869
869,624
869,625
870,624
352,620
353,619
353,620
634,274
635,273
635,274
648,838
649,837
649,838
149,953
150,953
150,954
969,745
970,745
970,746
457,424
458,424
458,425
666,308
666,309
667,309
423,554
424,553
424,554
411,453
411,454
412,453
494,109
494,110
495,109
315,711
316,710
316,711
802,95
802,96
803,96
782,232
782,233
783,233
635,670
635,671
636,671
880,656
880,657
881,657
682,474
682,475
683,474
935,744
936,744
936,745
828,407
828,408
829,408
344,230
344,231
345,230
520,966
521,965
521,966
369,329
369,330
370,330
985,749
985,750
986,750
740,618
741,618
741,619
742,52
742,53
743,53
658,220
658,221
659,221
707,822
707,823
708,823
808,216
808,217
809,217
993,684
994,684
994,685
961,319
962,319
962,320
613,827
614,826
614,827
310,382
311,382
311,383
227,843
227,844
228,844
660,619
661,619
661,620
324,580
325,580
325,581
340,731
340,732
341,731
779,26
779,27
780,27
199,864
200,864
200,865
786,447
786,448
787,447
510,187
511,187
511,188
674,381
675,380
675,381
872,780
873,780
873,781
359,657
359,658
360,657
382,692
382,693
383,692
868,278
869,278
869,279
555,972
555,973
556,973
553,1024
554,1023
554,1024
322,568
322,569
323,569
33,533
33,534
34,534
321,256
322,255
322,256
665,572
666,572
666,573
361,72
362,72
362,73
476,780
477,780
477,781
472,552
473,551
473,552
933,489
933,490
934,490
323,575
324,575
324,576
626,273
626,274
627,274
802,783
803,783
803,784
1002,287
1003,287
1003,288
358,976
359,975
359,976
680,228
681,227
681,228
737,709
737,710
738,710
516,69
517,69
517,70
789,489
789,490
790,490
322,641
322,642
323,641
469,462
469,463
470,463
899,551
900,551
900,552
872,378
873,378
873,379
361,278
361,279
362,279
909,1018
910,1018
910,1019
697,812
697,813
698,812
562,995
562,996
563,995
667,719
668,718
668,719
1006,410
1006,411
1007,411
775,263
775,264
776,264
334,323
334,324
335,324
631,553
631,554
632,553
877,277
877,278
878,277
882,539
883,539
883,540
299,745
300,745
300,746
1011,556
1012,555
1012,556
300,506
300,507
301,507
992,498
993,498
993,499
606,225
607,224
607,225
824,240
825,239
825,240
777,342
778,342
778,343
941,161
941,162
942,161
340,261
340,262
341,262
688,215
688,216
689,215
12,817
12,818
13,818
910,277
910,278
911,277
695,556
695,557
696,557
652,590
653,589
653,590
577,716
577,717
578,716
698,178
699,177
699,178
490,564
490,565
491,564
585,834
585,835
586,834
798,584
799,583
799,584
364,602
365,601
365,602
609,230
609,231
610,231
280,206
280,207
281,207
651,977
651,978
652,977
430,711
430,712
431,711
927,494
927,495
928,494
418,456
419,455
419,456
561,67
562,66
562,67
848,1011
848,1012
849,1012
700,541
701,541
701,542
881,674
882,673
882,674
856,358
857,357
857,358
260,360
260,361
261,360
953,959
953,960
954,959
867,856
867,857
868,857
397,274
397,275
398,275
388,154
388,155
389,154
887,344
887,345
888,344
379,609
379,610
380,609
722,245
722,246
723,245
555,114
556,114
556,115
558,404
559,404
559,405
440,792
440,793
441,792
971,410
972,410
972,411
704,588
704,589
705,589
485,153
486,152
486,153
649,369
649,370
650,369
913,357
913,358
914,358
206,807
206,808
207,807
633,915
633,916
634,915
632,598
633,598
633,599
740,871
740,872
741,871
873,797
873,798
874,797
465,564
466,563
466,564
666,16
666,17
667,17
408,748
408,749
409,749
179,990
180,990
180,991
415,137
416,136
416,137
505,48
506,47
506,48
628,816
628,817
629,817
360,100
360,101
361,100
408,236
409,236
409,237
267,77
267,78
268,78
518,686
519,685
519,686
341,199
341,200
342,199
671,76
672,75
672,76
312,939
312,940
313,939
706,706
706,707
707,707
784,497
785,497
785,498
431,606
432,606
432,607
891,853
891,854
892,853
483,629
483,630
484,630
510,717
510,718
511,717
440,1011
440,1012
441,1012
933,551
934,550
934,551
688,186
689,185
689,186
918,309
918,310
919,309
916,604
916,605
917,604
436,19
437,19
437,20
262,332
263,332
263,333
288,615
289,614
289,615
650,16
650,17
651,17
980,265
981,264
981,265
692,457
693,457
693,458
892,12
892,13
893,13
396,230
396,231
397,231
537,792
537,793
538,792
620,783
620,784
621,784
986,519
986,520
987,520
1008,121
1009,121
1009,122
670,593
671,593
671,594
390,234
391,233
391,234
330,896
331,896
331,897
980,280
981,279
981,280
513,1000
513,1001
514,1001
794,97
795,97
795,98
571,893
571,894
572,893
219,830
220,829
220,830
587,729
588,729
588,730
983,967
984,967
984,968
426,913
427,912
427,913
526,700
527,699
527,700
746,835
746,836
747,836
402,291
403,291
403,292
853,523
853,524
854,523
538,47
539,46
539,47
916,330
916,331
917,330
301,285
302,285
302,286
690,949
691,949
691,950
215,826
215,827
216,827
622,174
622,175
623,174
996,151
997,150
997,151
295,240
295,241
296,241
878,66
879,65
879,66
451,21
452,21
452,22
976,678
977,678
977,679
865,230
866,230
866,231
786,753
786,754
787,754
364,313
365,313
365,314
933,136
934,136
934,137
341,344
342,344
342,345
728,1022
728,1023
729,1022
873,370
873,371
874,370
687,527
687,528
688,528
950,850
950,851
951,851
745,586
745,587
746,587
748,851
749,850
749,851
921,151
922,151
922,152
934,541
935,541
935,542
774,200
775,200
775,201
490,801
490,802
491,801
778,519
778,520
779,520
793,619
794,618
794,619
884,830
884,831
885,831
311,822
312,821
312,822
1001,713
1001,714
1002,714
277,279
278,279
278,280
547,288
547,289
548,289
618,819
618,820
619,820
975,294
976,294
976,295
1013,176
1014,176
1014,177
637,47
638,46
638,47
455,671
456,671
456,672
610,55
610,56
611,56
672,686
672,687
673,686
987,414
987,415
988,415
474,502
474,503
475,502
913,724
913,725
914,725
899,536
900,535
900,536
456,502
457,502
457,503
782,990
783,989
783,990
840,576
841,575
841,576
620,653
620,654
621,654
510,298
510,299
511,299
853,606
854,606
854,607
527,649
527,650
528,650
362,282
363,281
363,282
834,258
835,257
835,258
26,528
26,529
27,529
739,580
739,581
740,580
895,404
895,405
896,404
987,981
988,980
988,981
488,177
488,178
489,178
974,827
974,828
975,827
459,861
460,860
460,861
774,275
775,274
775,275
632,855
633,855
633,856
669,380
669,381
670,380
780,399
781,398
781,399
489,94
489,95
490,94
652,501
652,502
653,502
500,460
500,461
501,461
853,506
854,506
854,507
661,563
661,564
662,563
613,69
614,68
614,69
489,971
490,971
490,972
997,120
998,120
998,121
637,909
637,910
638,909
625,178
626,178
626,179
386,85
386,86
387,86
794,58
794,59
795,58
973,982
973,983
974,983
271,1008
271,1009
272,1009
794,512
795,512
795,513
515,805
515,806
516,805
852,904
852,905
853,905
776,894
777,894
777,895
670,724
670,725
671,724
841,130
842,129
842,130
687,812
688,812
688,813
225,841
226,840
226,841
957,373
958,372
958,373
1007,24
1008,24
1008,25
550,569
551,568
551,569
662,513
663,512
663,513
802,657
802,658
803,657
373,748
373,749
374,748
1001,175
1001,176
1002,176
676,299
677,298
677,299
298,554
299,554
299,555
564,36
565,36
565,37
374,526
374,527
375,527
749,370
749,371
750,370
262,874
262,875
263,874
543,928
543,929
544,928
821,105
821,106
822,105
432,1007
432,1008
433,1007
288,37
289,37
289,38
527,569
527,570
528,569
507,575
507,576
508,575
463,780
464,780
464,781
393,353
394,353
394,354
7,527
8,527
8,528
407,912
408,911
408,912
317,784
317,785
318,784
884,661
885,660
885,661
272,555
273,554
273,555
492,321
493,321
493,322
356,386
357,386
357,387
619,48
619,49
620,48
600,972
601,972
601,973
689,200
690,200
690,201
273,613
273,614
274,614
734,705
734,706
735,706
837,691
838,690
838,691
783,860
783,861
784,860
818,976
819,975
819,976
830,800
830,801
831,801
723,229
724,229
724,230
815,265
815,266
816,265
661,741
662,740
662,741
628,723
629,722
629,723
891,456
891,457
892,457
655,428
656,428
656,429
744,24
744,25
745,25
133,848
134,848
134,849
817,490
817,491
818,490
290,293
290,294
291,293
276,597
276,598
277,597
825,91
826,90
826,91
654,962
654,963
655,963
569,143
569,144
570,143
478,532
479,531
479,532
680,553
681,553
681,554
813,279
813,280
814,280
599,314
600,313
600,314
468,199
468,200
469,199
310,691
310,692
311,692
644,831
645,831
645,832
617,329
617,330
618,329
823,257
824,257
824,258
619,735
620,734
620,735
922,924
922,925
923,925
741,674
742,674
742,675
309,889
309,890
310,890
784,998
784,999
785,999
280,195
281,194
281,195
423,570
424,570
424,571
816,296
817,295
817,296
774,954
775,954
775,955
548,573
548,574
549,574
697,789
698,789
698,790
650,460
650,461
651,461
343,260
344,259
344,260
795,854
795,855
796,855
729,988
729,989
730,988
888,793
888,794
889,793
918,438
918,439
919,439
969,424
969,425
970,425
926,311
927,310
927,311
494,76
495,76
495,77
328,438
328,439
329,439
318,455
319,454
319,455
562,396
563,395
563,396
833,323
834,322
834,323
754,1016
754,1017
755,1016
464,910
464,911
465,910
850,931
850,932
851,931
338,594
338,595
339,595
499,342
500,342
500,343
436,52
437,51
437,52
291,467
291,468
292,468
325,732
325,733
326,732
1022,311
1022,312
1023,312
935,960
935,961
936,961
763,1006
763,1007
764,1007
375,232
376,232
376,233
494,646
495,646
495,647
405,596
406,596
406,597
641,485
642,484
642,485
518,40
519,39
519,40
425,328
425,329
426,328
438,227
438,228
439,227
293,181
293,182
294,182
376,506
377,506
377,507
964,678
964,679
965,679
362,322
363,321
363,322
857,786
857,787
858,786
420,293
420,294
421,293
752,242
752,243
753,243
522,320
522,321
523,320
552,189
553,188
553,189
399,1006
400,1005
400,1006
882,699
882,700
883,700
495,695
495,696
496,695
828,351
828,352
829,352
599,674
600,674
600,675
698,553
699,553
699,554
865,630
866,630
866,631
486,1021
486,1022
487,1021
294,1016
295,1016
295,1017
963,7
964,7
964,8
686,999
687,999
687,1000
392,396
393,395
393,396
643,68
644,68
644,69
313,583
314,582
314,583
799,691
800,690
800,691
447,872
447,873
448,872
949,624
949,625
950,624
382,544
383,544
383,545
921,888
922,888
922,889
779,270
779,271
780,270
603,224
603,225
604,225
871,191
871,192
872,191
998,177
998,178
999,178
662,723
662,724
663,724
640,18
640,19
641,19
627,950
628,950
628,951
165,960
165,961
166,960
969,697
969,698
970,698
535,429
535,430
536,430
555,999
556,998
556,999
626,684
627,683
627,684
872,530
873,530
873,531
777,545
777,546
778,546
626,677
626,678
627,677
586,931
587,930
587,931
497,908
498,908
498,909
486,159
487,159
487,160
644,332
644,333
645,332
463,242
464,241
464,242
721,972
722,971
722,972
969,928
969,929
970,929
998,585
998,586
999,585
608,211
609,211
609,212
702,256
702,257
703,256
669,1004
670,1004
670,1005
443,346
444,345
444,346
571,430
571,431
572,431
833,744
833,745
834,745
924,426
924,427
925,427
883,303
884,303
884,304
271,491
272,491
272,492
399,976
399,977
400,976
973,140
974,139
974,140
713,61
714,61
714,62
938,604
939,603
939,604
309,84
309,85
310,85
24,532
24,533
25,532
691,1002
691,1003
692,1003
475,337
475,338
476,337
700,956
700,957
701,957
79,951
79,952
80,951
805,745
805,746
806,745
567,360
567,361
568,361
276,869
276,870
277,870
651,22
652,21
652,22
806,435
806,436
807,436
717,839
718,839
718,840
537,393
537,394
538,393
518,814
518,815
519,814
585,960
586,959
586,960
832,308
833,307
833,308
883,516
884,516
884,517
366,244
366,245
367,245
857,830
857,831
858,830
561,107
562,107
562,108
267,979
268,979
268,980
330,917
330,918
331,917
767,510
767,511
768,511
887,592
887,593
888,592
206,891
207,891
207,892
202,931
202,932
203,932
600,961
600,962
601,962
312,572
313,572
313,573
807,148
807,149
808,149
499,548
500,547
500,548
679,469
680,468
680,469
655,942
656,942
656,943
42,539
43,539
43,540
418,12
419,11
419,12
382,995
382,996
383,996
348,590
348,591
349,590
1006,263
1006,264
1007,263
860,651
861,650
861,651
983,310
983,311
984,311
477,320
478,319
478,320
585,74
586,74
586,75
708,796
709,795
709,796
489,619
490,619
490,620
512,249
512,250
513,250
30,998
30,999
31,998
763,585
764,585
764,586
312,927
313,926
313,927
260,16
261,15
261,16
556,159
556,160
557,159
726,538
726,539
727,539
418,177
419,177
419,178
559,814
559,815
560,814
751,1016
752,1016
752,1017
969,682
970,681
970,682
889,957
890,957
890,958
598,468
598,469
599,469
341,524
341,525
342,525
773,442
773,443
774,442
384,556
384,557
385,557
943,818
944,818
944,819
872,423
872,424
873,424
451,450
451,451
452,450
383,560
383,561
384,560
859,713
859,714
860,713
1012,487
1013,487
1013,488
426,991
426,992
427,991
988,483
989,483
989,484
227,912
228,912
228,913
216,912
217,911
217,912
519,806
519,807
520,807
786,529
786,530
787,530
463,685
464,684
464,685
397,589
398,589
398,590
873,824
873,825
874,824
612,849
612,850
613,849
283,485
283,486
284,486
574,621
575,620
575,621
667,456
667,457
668,457
528,521
529,521
529,522
612,40
613,40
613,41
524,540
525,540
525,541
802,525
803,525
803,526
909,870
909,871
910,870
695,612
695,613
696,613
517,652
517,653
518,653
408,107
409,106
409,107
397,334
397,335
398,335
276,574
277,573
277,574
698,463
698,464
699,464
981,314
982,314
982,315
573,605
574,604
574,605
342,640
342,641
343,640
979,990
979,991
980,990
892,368
892,369
893,369
957,215
958,214
958,215
144,847
145,847
145,848
262,935
263,935
263,936
553,721
554,720
554,721
811,746
811,747
812,747
467,321
468,320
468,321
802,569
803,569
803,570
181,963
182,963
182,964
822,969
822,970
823,969
356,658
356,659
357,658
976,464
976,465
977,464
253,913
254,912
254,913
55,994
56,994
56,995
354,617
355,617
355,618
273,565
273,566
274,565
30,809
31,808
31,809
700,28
700,29
701,28
734,221
734,222
735,221
339,462
340,462
340,463
437,785
437,786
438,785
108,992
109,992
109,993
370,344
370,345
371,344
944,367
945,366
945,367
944,399
945,398
945,399
706,380
707,379
707,380
168,1002
169,1001
169,1002
495,675
495,676
496,676
611,225
612,225
612,226
783,709
783,710
784,710
581,922
581,923
582,923
792,582
793,581
793,582
598,751
598,752
599,752
214,880
214,881
215,881
842,44
843,43
843,44
832,696
832,697
833,697
818,415
818,416
819,416
456,379
456,380
457,380
879,755
879,756
880,756
530,798
530,799
531,799
368,382
369,382
369,383
430,157
430,158
431,157
774,976
775,975
775,976
565,925
565,926
566,926
724,587
724,588
725,588
813,1002
814,1001
814,1002
473,791
474,790
474,791
605,892
605,893
606,893
526,45
526,46
527,45
968,982
968,983
969,983
311,352
311,353
312,352
298,272
299,271
299,272
770,441
770,442
771,441
1010,279
1010,280
1011,279
566,960
566,961
567,960
802,474
802,475
803,475
411,461
411,462
412,462
866,189
867,188
867,189
587,720
587,721
588,720
952,201
953,200
953,201
688,589
689,589
689,590
459,171
460,170
460,171
709,704
709,705
710,704
981,155
982,155
982,156