492,949
493,948
223,437
224,436
652,680
653,679
687,820
688,819
833,121
834,122
174,336
175,337
715,666
716,667
883,927
884,926
639,55
640,54
220,806
221,807
829,246
830,245
206,618
207,617
122,379
123,380
987,555
988,554
78,978
79,977
1021,1014
1022,1015
617,532
618,531
159,620
160,619
718,933
719,934
565,80
566,79
30,986
31,985
182,678
183,677
141,697
142,698
261,18
262,19
399,387
400,386
711,1006
712,1005
31,770
32,771
324,401
325,402
592,562
593,563
74,575
75,574
284,885
285,886
493,303
494,304
419,377
420,378
631,102
632,101
599,495
600,496
711,900
712,899
622,929
623,928
22,515
23,516
823,729
824,728
367,751
368,752
54,784
55,785
998,299
999,298
289,971
290,972
483,721
484,720
457,827
458,826
154,854
155,853
884,331
885,332
910,213
911,212
613,577
614,576
91,29
92,28
148,26
149,25
262,617
263,618
682,806
683,805
772,906
773,905
154,384
155,383
932,176
933,175
358,969
359,970
917,470
918,471
18,87
19,88
1001,771
1002,770
452,799
453,798
356,396
357,395
858,546
859,547
247,711
248,710
177,768
178,767
923,63
924,62
573,753
574,754
930,78
931,79
25,687
26,688
1017,362
1018,361
613,400
614,399
534,297
535,298
46,678
47,679
267,898
268,897
761,929
762,930
704,749
705,748
187,937
188,938
814,492
815,491
369,258
370,257
934,127
935,126
832,186
833,185
903,922
904,921
690,881
691,882
445,797
446,798
769,269
770,270
481,311
482,310
265,488
266,489
379,216
380,215
60,995
61,994
792,825
793,824
905,990
906,991
628,862
629,861
252,686
253,685
974,374
975,375
836,694
837,695
63,534
64,533
773,603
774,604
830,435
831,436
273,827
274,828
87,605
88,604
935,207
936,206
604,677
605,676
317,294
318,293
309,163
310,162
417,937
418,938
420,122
421,121
785,868
786,869
884,539
885,540
939,959
940,960
298,825
299,826
726,672
727,671
938,989
939,988
744,523
745,524
1011,980
1012,979
630,684
631,685
213,947
214,948
279,732
280,733
612,599
613,598
1008,424
1009,425
724,945
725,946
789,690
790,689
755,151
756,150
375,962
376,961
1017,794
1018,793
246,866
247,865
786,370
787,371
52,986
53,985
588,803
589,802
41,857
42,856
824,805
825,804
13,280
14,281
642,16
643,15
904,254
905,253
407,317
408,316
421,763
422,762
674,556
675,557
781,967
782,968
472,101
473,102
825,391
826,392
787,506
788,507
762,25
763,26
594,659
595,658
383,847
384,848
780,813
781,812
880,79
881,78
12,856
13,857
52,885
53,886
304,403
305,404
828,471
829,472
947,547
948,548
17,18
18,19
674,107
675,106
969,876
970,875
393,31
394,30
822,469
823,470
323,341
324,342
404,365
405,366