641,266
641,267
641,268
641,269
641,270
641,271
641,272
641,273
641,274
641,275
641,276
641,277
641,278
641,279
641,280
641,281
641,282
641,283
641,284
641,285
641,286
641,287
641,288
641,289
641,290
641,291
641,292
641,293
641,294
641,295
641,296
641,297
641,298
641,299
641,300
641,301
641,302
641,303
641,304
641,305
641,306
641,307
641,308
641,309
641,310
641,311
641,312
641,313
641,314
641,315
641,316
641,317
641,318
641,319
641,320
641,321
641,322
641,323
641,324
641,325
641,326
641,327
641,328
641,329
641,330
641,331
641,332
641,333
641,334
641,335
641,336
641,337
641,338
641,339
641,340
641,341
641,342
641,343
641,344
641,345
641,346
641,347
641,348
641,349
641,350
641,351
641,352
641,353
641,354
641,355
641,356
641,357
641,358
641,359
641,360
641,361
641,362
641,363
641,364
641,365
641,366
641,367
641,368
641,369
641,370
641,371
641,372
641,373
641,374
641,375
641,376
641,377
641,378
641,379
641,380
641,381
641,382
641,383
641,384
641,385
641,386
641,387
641,388
641,389
641,390
641,391
641,392
641,393
638,356
639,356
640,356
642,356
643,356
644,356
645,356
646,356
647,356
648,356
649,356
650,356
651,356
652,356
653,356
654,356
655,356
656,356
657,356
658,356
659,356
660,356
661,356
662,356
663,356
664,356
665,356
666,356
667,356
668,356
669,356
670,356
671,356
672,356
673,356
674,356
675,356
676,356
677,356
678,356
679,356
680,356
681,356
682,356
683,356
684,356
685,356
686,356
687,356
688,356
689,356
690,356
691,356
692,356
693,356
694,356
695,356
696,356
697,356
698,356
699,356
700,356
701,356
702,356
703,356
704,356
705,356
706,356
707,356
708,356
709,356
710,356
711,356
712,356
713,356
714,356
715,356
716,356
717,356
718,356
719,356
720,356
721,356
722,356
723,356
724,356
725,356
726,356
727,356
728,356
729,356
730,356
731,356
732,356
733,356
734,356
735,356
736,356
737,356
738,356
739,356
740,356
741,356
742,356
743,356
744,356
745,356
746,356
747,356
748,356
749,356
750,356
751,356
752,356
753,356
754,356
755,356
756,356
757,356
758,356
759,356
760,356
761,356
762,356
763,356
764,356
765,356
69,402
69,403
69,404
69,405
69,406
69,407
69,408
69,409
69,410
69,411
69,412
69,413
69,414
69,415
69,416
69,417
69,418
69,419
69,420
69,421
69,422
69,423
69,424
69,425
69,426
69,427
69,428
69,429
69,430
69,431
69,432
69,433
69,434
69,435
69,436
69,437
69,438
69,439
69,440
69,441
69,442
69,443
69,444
69,445
69,446
69,447
69,448
69,449
69,450
69,451
69,452
69,453
69,454
69,455
69,456
69,457
69,458
69,459
69,460
69,461
69,462
69,463
69,464
69,465
69,466
69,467
69,468
69,469
69,470
69,471
69,472
69,473
69,474
69,475
69,476
69,477
69,478
69,479
69,480
69,481
69,482
69,483
69,484
69,485
69,486
69,487
69,488
69,489
69,490
69,491
69,492
69,493
69,494
69,495
69,496
69,497
69,498
69,499
69,500
69,501
69,502
69,503
69,504
69,505
69,506
69,507
69,508
69,509
69,510
69,511
69,512
69,513
69,514
69,515
69,516
69,517
69,518
69,519
69,520
69,521
69,522
69,523
69,524
69,525
69,526
69,527
69,528
69,529
35,520
36,520
37,520
38,520
39,520
40,520
41,520
42,520
43,520
44,520
45,520
46,520
47,520
48,520
49,520
50,520
51,520
52,520
53,520
54,520
55,520
56,520
57,520
58,520
59,520
60,520
61,520
62,520
63,520
64,520
65,520
66,520
67,520
68,520
70,520
71,520
72,520
73,520
74,520
75,520
76,520
77,520
78,520
79,520
80,520
81,520
82,520
83,520
84,520
85,520
86,520
87,520
88,520
89,520
90,520
91,520
92,520
93,520
94,520
95,520
96,520
97,520
98,520
99,520
100,520
101,520
102,520
103,520
104,520
105,520
106,520
107,520
108,520
109,520
110,520
111,520
112,520
113,520
114,520
115,520
116,520
117,520
118,520
119,520
120,520
121,520
122,520
123,520
124,520
125,520
126,520
127,520
128,520
129,520
130,520
131,520
132,520
133,520
134,520
135,520
136,520
137,520
138,520
139,520
140,520
141,520
142,520
143,520
144,520
145,520
146,520
147,520
148,520
149,520
150,520
151,520
152,520
153,520
154,520
155,520
156,520
157,520
158,520
159,520
160,520
161,520
162,520
505,120
505,121
505,122
505,123
505,124
505,125
505,126
505,127
505,128
505,129
505,130
505,131
505,132
505,133
505,134
505,135
505,136
505,137
505,138
505,139
505,140
505,141
505,142
505,143
505,144
505,145
505,146
505,147
505,148
505,149
505,150
505,151
505,152
505,153
505,154
505,155
505,156
505,157
505,158
505,159
505,160
505,161
505,162
505,163
505,164
505,165
505,166
505,167
505,168
505,169
505,170
505,171
505,172
505,173
505,174
505,175
505,176
505,177
505,178
505,179
505,180
505,181
505,182
505,183
505,184
505,185
505,186
505,187
505,188
505,189
505,190
505,191
505,192
505,193
505,194
505,195
505,196
505,197
505,198
505,199
505,200
505,201
505,202
505,203
505,204
505,205
505,206
505,207
505,208
505,209
505,210
505,211
505,212
505,213
505,214
505,215
505,216
505,217
505,218
505,219
505,220
505,221
505,222
505,223
505,224
505,225
505,226
505,227
505,228
505,229
505,230
505,231
505,232
505,233
505,234
505,235
505,236
505,237
505,238
505,239
505,240
505,241
505,242
505,243
505,244
505,245
505,246
505,247
438,124
439,124
440,124
441,124
442,124
443,124
444,124
445,124
446,124
447,124
448,124
449,124
450,124
451,124
452,124
453,124
454,124
455,124
456,124
457,124
458,124
459,124
460,124
461,124
462,124
463,124
464,124
465,124
466,124
467,124
468,124
469,124
470,124
471,124
472,124
473,124
474,124
475,124
476,124
477,124
478,124
479,124
480,124
481,124
482,124
483,124
484,124
485,124
486,124
487,124
488,124
489,124
490,124
491,124
492,124
493,124
494,124
495,124
496,124
497,124
498,124
499,124
500,124
501,124
502,124
503,124
504,124
506,124
507,124
508,124
509,124
510,124
511,124
512,124
513,124
514,124
515,124
516,124
517,124
518,124
519,124
520,124
521,124
522,124
523,124
524,124
525,124
526,124
527,124
528,124
529,124
530,124
531,124
532,124
533,124
534,124
535,124
536,124
537,124
538,124
539,124
540,124
541,124
542,124
543,124
544,124
545,124
546,124
547,124
548,124
549,124
550,124
551,124
552,124
553,124
554,124
555,124
556,124
557,124
558,124
559,124
560,124
561,124
562,124
563,124
564,124
565,124