1001,58
1001,59
174,687
174,688
393,378
393,379
569,809
569,810
527,740
527,741
460,707
460,708
17,95
17,96
490,872
490,873
273,337
273,338
640,605
640,606
555,470
555,471
746,888
746,889
546,789
546,790
214,635
214,636
147,9
147,10
874,453
874,454
735,432
735,433
136,645
136,646
436,212
436,213
532,211
532,212
1022,292
1022,293
374,120
374,121
881,141
881,142
19,295
19,296
588,501
588,502
945,652
945,653
471,79
471,80
337,918
337,919
864,522
864,523
576,29
576,30
201,748
201,749
269,865
269,866
534,762
534,763
576,115
576,116
512,1016
512,1017
810,618
810,619
747,101
747,102
432,1016
432,1017
660,579
660,580
206,373
206,374
62,949
62,950
855,423
855,424
1011,726
1011,727
391,313
391,314
649,980
649,981
191,476
191,477
306,390
306,391
123,4
123,5
208,17
208,18
894,407
894,408
761,500
761,501
270,459
270,460
721,207
721,208
765,753
765,754
47,712
47,713
913,814
913,815
168,532
168,533
4,682
4,683
802,232
802,233
250,854
250,855
558,453
558,454
67,2
67,3
170,626
170,627
182,995
182,996
541,967
541,968
423,913
423,914
297,31
297,32
211,921
211,922
784,629
784,630
675,26
675,27
500,726
500,727
935,928
935,929
578,652
578,653
133,649
133,650
975,756
975,757
383,1012
383,1013
359,747
359,748
967,384
967,385
381,799
381,800
621,821
621,822
625,321
625,322
912,186
912,187
641,398
641,399
442,829
442,830
398,73
398,74
210,843
210,844
505,58
505,59
746,963
746,964
472,303
472,304
31,679
31,680
1,945
1,946
278,20
278,21
804,686
804,687
362,306
362,307
1017,592
1017,593
751,220
751,221
290,1022
290,1023
624,152
624,153
594,223
594,224
24,945
24,946
140,366
140,367
576,77
576,78
46,614
46,615
982,568
982,569
707,37
707,38
78,366
78,367
775,755
775,756
439,885
439,886
340,316
340,317
165,763
165,764
4,977
4,978
735,445
735,446
130,305
130,306
414,391
414,392
877,289
877,290
254,856
254,857
446,876
446,877
229,564
229,565
579,957
579,958
24,889
24,890
401,108
401,109
304,795
304,796
372,22
372,23
47,610
47,611
888,262
888,263
141,340
141,341
136,989
136,990
830,798
830,799
749,841
749,842
192,931
192,932
501,712
501,713
38,374
38,375
863,922
863,923
394,240
394,241
95,711
95,712
347,786
347,787
954,532
954,533
149,978
149,979
305,281
305,282
728,482
728,483
804,367
804,368
593,311
593,312
781,719
781,720
499,73
499,74
882,930
882,931
106,729
106,730