789,727
790,727
98,1024
99,1024
107,5
108,5
980,473
981,473
316,363
317,363
255,959
256,959
662,427
663,427
980,782
981,782
392,33
393,33
690,609
691,609
678,470
679,470
400,280
401,280
668,866
669,866
901,967
902,967
927,328
928,328
29,40
30,40
906,864
907,864
849,620
850,620
251,704
252,704
259,342
260,342
742,91
743,91
178,741
179,741
29,694
30,694
734,418
735,418
834,998
835,998
223,967
224,967
19,449
20,449
815,157
816,157
168,886
169,886
944,113
945,113
620,217
621,217
58,5
59,5
864,454
865,454
593,816
594,816
1010,509
1011,509
192,331
193,331
911,975
912,975
711,474
712,474
566,448
567,448
422,119
423,119
390,824
391,824
170,416
171,416
816,190
817,190
855,532
856,532
363,164
364,164
456,86
457,86
169,773
170,773
321,1003
322,1003
209,868
210,868
885,734
886,734
364,769
365,769
519,721
520,721
466,264
467,264
61,830
62,830
874,350
875,350
36,555
37,555
887,831
888,831
244,856
245,856
640,745
641,745
696,1016
697,1016
984,482
985,482
559,295
560,295
717,717
718,717
369,223
370,223
922,154
923,154
762,993
763,993
830,760
831,760
824,201
825,201
11,473
12,473
1007,310
1008,310
685,911
686,911
815,920
816,920
842,784
843,784
202,569
203,569
888,348
889,348
44,940
45,940
844,817
845,817
802,97
803,97
629,645
630,645
101,585
102,585
1014,247
1015,247
759,617
760,617
916,149
917,149
352,379
353,379
508,118
509,118
240,678
241,678
926,58
927,58
197,347
198,347
573,367
574,367
465,780
466,780
771,884
772,884
757,137
758,137
91,869
92,869
507,822
508,822
781,515
782,515
890,692
891,692
603,930
604,930
249,519
250,519
491,978
492,978
712,649
713,649
992,216
993,216
492,314
493,314
693,940
694,940
628,859
629,859
567,486
568,486
104,543
105,543
529,5
530,5
602,811
603,811
456,11
457,11
635,529
636,529
677,10
678,10
91,1014
92,1014
70,717
71,717
665,402
666,402
381,357
382,357
86,573
87,573
804,297
805,297
623,367
624,367
377,397
378,397
977,359
978,359
838,879
839,879
45,25
46,25
734,170
735,170
210,294
211,294
261,522
262,522
913,146
914,146
403,222
404,222
780,747
781,747
379,228
380,228
604,87
605,87
14,670
15,670
281,759
282,759
410,392
411,392
892,598
893,598
959,126
960,126
700,527
701,527
637,567
638,567
305,841
306,841
700,870
701,870
94,12
95,12
462,690
463,690
992,507
993,507
488,696
489,696
56,1022
57,1022
433,38
434,38