339,913
339,914
340,913
340,914
725,972
725,973
726,972
726,973
572,532
572,533
573,532
573,533
906,779
906,780
907,779
907,780
710,154
710,155
711,154
711,155
791,48
791,49
792,48
792,49
907,346
907,347
908,346
908,347
767,986
767,987
768,986
768,987
356,690
356,691
357,690
357,691
832,578
832,579
833,578
833,579
1019,817
1019,818
1020,817
1020,818
341,903
341,904
342,903
342,904
703,894
703,895
704,894
704,895
613,953
613,954
614,953
614,954
961,106
961,107
962,106
962,107
587,316
587,317
588,316
588,317
346,704
346,705
347,704
347,705
878,661
878,662
879,661
879,662
1004,648
1004,649
1005,648
1005,649
509,317
509,318
510,317
510,318
831,824
831,825
832,824
832,825
323,709
323,710
324,709
324,710
447,16
447,17
448,16
448,17
62,331
62,332
63,331
63,332
469,1019
469,1020
470,1019
470,1020
834,228
834,229
835,228
835,229
815,224
815,225
816,224
816,225
3,722
3,723
4,722
4,723
572,656
572,657
573,656
573,657
768,133
768,134
769,133
769,134
427,832
427,833
428,832
428,833
664,214
664,215
665,214
665,215
41,648
41,649
42,648
42,649
63,928
63,929
64,928
64,929
10,715
10,716
11,715
11,716
168,558
168,559
169,558
169,559
655,516
655,517
656,516
656,517
547,445
547,446
548,445
548,446
776,877
776,878
777,877
777,878
187,369
187,370
188,369
188,370
1011,578
1011,579
1012,578
1012,579
908,359
908,360
909,359
909,360
702,544
702,545
703,544
703,545
975,714
975,715
976,714
976,715
473,705
473,706
474,705
474,706
703,998
703,999
704,998
704,999
437,764
437,765
438,764
438,765
171,809
171,810
172,809
172,810
526,958
526,959
527,958
527,959
851,986
851,987
852,986
852,987
7,791
7,792
8,791
8,792
1,409
1,410
2,409
2,410
46,323
46,324
47,323
47,324
266,293
266,294
267,293
267,294
842,306
842,307
843,306
843,307
604,712
604,713
605,712
605,713
45,718
45,719
46,718
46,719
486,400
486,401
487,400
487,401
937,1023
937,1024
938,1023
938,1024
573,352
573,353
574,352
574,353
606,935
606,936
607,935
607,936
694,882
694,883
695,882
695,883
926,252
926,253
927,252
927,253
600,820
600,821
601,820
601,821
215,697
215,698
216,697
216,698
875,990
875,991
876,990
876,991
94,927
94,928
95,927
95,928
560,825
560,826
561,825
561,826
601,817
601,818
602,817
602,818
402,30
402,31
403,30
403,31
380,858
380,859
381,858
381,859
131,864
131,865
132,864
132,865
25,875
25,876
26,875
26,876
230,834
230,835
231,834
231,835
778,993
778,994
779,993
779,994
5,6
5,7
6,6
6,7
565,799
565,800
566,799
566,800
564,494
564,495
565,494
565,495
122,374
122,375
123,374
123,375
787,97
787,98
788,97
788,98
166,521
166,522
167,521
167,522
810,919
810,920
811,919
811,920
758,882
758,883
759,882
759,883
488,896
488,897
489,896
489,897
166,615
166,616
167,615
167,616
1000,4
1000,5
1001,4
1001,5
46,745
46,746
47,745
47,746
983,329
983,330
984,329
984,330
927,873
927,874
928,873
928,874
201,685
201,686
202,685
202,686
580,161
580,162
581,161
581,162
597,613
597,614
598,613
598,614
624,984
624,985
625,984
625,985
408,288
408,289
409,288
409,289
799,904
799,905
800,904
800,905
872,703
872,704
873,703
873,704
965,679
965,680
966,679
966,680
840,513
840,514
841,513
841,514
122,608
122,609
123,608
123,609
364,958
364,959
365,958
365,959
883,146
883,147
884,146
884,147
1020,263
1020,264
1021,263
1021,264
330,19
330,20
331,19
331,20
559,19
559,20
560,19
560,20
246,912
246,913
247,912
247,913
1008,842
1008,843
1009,842
1009,843
443,826
443,827
444,826
444,827
749,134
749,135
750,134
750,135
194,1005
194,1006
195,1005
195,1006
82,968
82,969
83,968
83,969
638,992
638,993
639,992
639,993
238,626
238,627
239,626
239,627
289,844
289,845
290,844
290,845
980,646
980,647
981,646
981,647
595,252
595,253
596,252
596,253
903,138
903,139
904,138
904,139
992,232
992,233
993,232
993,233
241,293
241,294
242,293
242,294
435,233
435,234
436,233
436,234
485,970
485,971
486,970
486,971
9,186
9,187
10,186
10,187
415,304
415,305
416,304
416,305
164,702
164,703
165,702
165,703
493,357
493,358
494,357
494,358
983,628
983,629
984,628
984,629
286,671
286,672
287,671
287,672
1009,81
1009,82
1010,81
1010,82
845,942
845,943
846,942
846,943
559,893
559,894
560,893
560,894
352,721
352,722
353,721
353,722
921,780
921,781
922,780
922,781
258,994
258,995
259,994
259,995
382,363
382,364
383,363
383,364
79,999
79,1000
80,999
80,1000
324,794
324,795
325,794
325,795
592,775
592,776
593,775
593,776
606,306
606,307
607,306
607,307
804,100
804,101
805,100
805,101
346,839
346,840
347,839
347,840
583,833
583,834
584,833
584,834
666,183
666,184
667,183
667,184
22,529
22,530
23,529
23,530
600,684
600,685
601,684
601,685
269,686
269,687
270,686
270,687