959,124
274,297
185,848
268,972
493,260
372,231
280,585
922,883
355,139
504,742
823,434
988,894
235,627
604,642
992,517
554,984
283,906
961,966
3,661
117,793
999,269
306,338
222,332
716,2
325,50
90,817
1007,409
15,842
953,960
918,294
326,234
875,787
844,397
547,944
346,337
1016,876
532,62
566,82
344,750
615,989
460,54
242,919
52,342
130,321
825,494
672,536
290,707
950,281
933,232
25,533
608,742
270,535
627,903
1008,787
885,715
45,532
351,679
243,854
33,539
624,438
239,493
388,681
269,415
551,114
572,883
984,367
852,170
680,257
767,339
724,888
260,810
154,603
461,41
749,957
279,446
895,898
547,20
838,104
885,462
526,43
837,689
174,1002
383,348
292,842
936,900
538,708
986,1018
346,40
784,114
301,1000
8,234
989,32
944,119
462,384
625,128
981,140
917,514
287,519
239,913
728,656
762,859
358,1023
279,337
641,100
357,991
222,608
345,1013
860,769
859,968
702,90
617,710
31,13
647,538
554,410
871,897
395,281
710,623
596,78
190,713
885,11
48,561
979,145
246,729
802,451
202,736
125,1007
336,975
413,104
120,627
836,766
788,471
347,919
169,340
587,620
549,41
333,1021