134,319
135,319
136,319
137,319
138,319
139,319
140,319
141,319
142,319
143,319
144,319
145,319
146,319
147,319
148,319
149,319
150,319
151,319
152,319
153,319
154,319
155,319
156,319
157,319
158,319
159,319
160,319
161,319
162,319
163,319
164,319
165,319
166,319
167,319
168,319
169,319
170,319
171,319
172,319
173,319
174,319
175,319
176,319
177,319
178,319
179,319
180,319
181,319
182,319
183,319
184,319
185,319
186,319
187,319
188,319
189,319
190,319
191,319
192,319
193,319
194,319
195,319
196,319
197,319
198,319
199,319
200,319
201,319
202,319
203,319
204,319
205,319
206,319
207,319
208,319
209,319
210,319
211,319
212,319
213,319
214,319
215,319
216,319
217,319
218,319
219,319
220,319
221,319
222,319
223,319
224,319
225,319
226,319
227,319
228,319
229,319
230,319
231,319
232,319
233,319
234,319
235,319
236,319
237,319
238,319
239,319
240,319
241,319
242,319
243,319
244,319
245,319
246,319
247,319
248,319
249,319
250,319
251,319
252,319
253,319
254,319
255,319
256,319
257,319
258,319
259,319
260,319
261,319
482,49
483,49
484,49
485,49
486,49
487,49
488,49
489,49
490,49
491,49
492,49
493,49
494,49
495,49
496,49
497,49
498,49
499,49
500,49
501,49
502,49
503,49
504,49
505,49
506,49
507,49
508,49
509,49
510,49
511,49
512,49
513,49
514,49
515,49
516,49
517,49
518,49
519,49
520,49
521,49
522,49
523,49
524,49
525,49
526,49
527,49
528,49
529,49
530,49
531,49
532,49
533,49
534,49
535,49
536,49
537,49
538,49
539,49
540,49
541,49
542,49
543,49
544,49
545,49
546,49
547,49
548,49
549,49
550,49
551,49
552,49
553,49
554,49
555,49
556,49
557,49
558,49
559,49
560,49
561,49
562,49
563,49
564,49
565,49
566,49
567,49
568,49
569,49
570,49
571,49
572,49
573,49
574,49
575,49
576,49
577,49
578,49
579,49
580,49
581,49
582,49
583,49
584,49
585,49
586,49
587,49
588,49
589,49
590,49
591,49
592,49
593,49
594,49
595,49
596,49
597,49
598,49
599,49
600,49
601,49
602,49
603,49
604,49
605,49
606,49
607,49
608,49
609,49
156,693
157,693
158,693
159,693
160,693
161,693
162,693
163,693
164,693
165,693
166,693
167,693
168,693
169,693
170,693
171,693
172,693
173,693
174,693
175,693
176,693
177,693
178,693
179,693
180,693
181,693
182,693
183,693
184,693
185,693
186,693
187,693
188,693
189,693
190,693
191,693
192,693
193,693
194,693
195,693
196,693
197,693
198,693
199,693
200,693
201,693
202,693
203,693
204,693
205,693
206,693
207,693
208,693
209,693
210,693
211,693
212,693
213,693
214,693
215,693
216,693
217,693
218,693
219,693
220,693
221,693
222,693
223,693
224,693
225,693
226,693
227,693
228,693
229,693
230,693
231,693
232,693
233,693
234,693
235,693
236,693
237,693
238,693
239,693
240,693
241,693
242,693
243,693
244,693
245,693
246,693
247,693
248,693
249,693
250,693
251,693
252,693
253,693
254,693
255,693
256,693
257,693
258,693
259,693
260,693
261,693
262,693
263,693
264,693
265,693
266,693
267,693
268,693
269,693
270,693
271,693
272,693
273,693
274,693
275,693
276,693
277,693
278,693
279,693
280,693
281,693
282,693
283,693
761,974
762,974
763,974
764,974
765,974
766,974
767,974
768,974
769,974
770,974
771,974
772,974
773,974
774,974
775,974
776,974
777,974
778,974
779,974
780,974
781,974
782,974
783,974
784,974
785,974
786,974
787,974
788,974
789,974
790,974
791,974
792,974
793,974
794,974
795,974
796,974
797,974
798,974
799,974
800,974
801,974
802,974
803,974
804,974
805,974
806,974
807,974
808,974
809,974
810,974
811,974
812,974
813,974
814,974
815,974
816,974
817,974
818,974
819,974
820,974
821,974
822,974
823,974
824,974
825,974
826,974
827,974
828,974
829,974
830,974
831,974
832,974
833,974
834,974
835,974
836,974
837,974
838,974
839,974
840,974
841,974
842,974
843,974
844,974
845,974
846,974
847,974
848,974
849,974
850,974
851,974
852,974
853,974
854,974
855,974
856,974
857,974
858,974
859,974
860,974
861,974
862,974
863,974
864,974
865,974
866,974
867,974
868,974
869,974
870,974
871,974
872,974
873,974
874,974
875,974
876,974
877,974
878,974
879,974
880,974
881,974
882,974
883,974
884,974
885,974
886,974
887,974
888,974
492,694
493,694
494,694
495,694
496,694
497,694
498,694
499,694
500,694
501,694
502,694
503,694
504,694
505,694
506,694
507,694
508,694
509,694
510,694
511,694
512,694
513,694
514,694
515,694
516,694
517,694
518,694
519,694
520,694
521,694
522,694
523,694
524,694
525,694
526,694
527,694
528,694
529,694
530,694
531,694
532,694
533,694
534,694
535,694
536,694
537,694
538,694
539,694
540,694
541,694
542,694
543,694
544,694
545,694
546,694
547,694
548,694
549,694
550,694
551,694
552,694
553,694
554,694
555,694
556,694
557,694
558,694
559,694
560,694
561,694
562,694
563,694
564,694
565,694
566,694
567,694
568,694
569,694
570,694
571,694
572,694
573,694
574,694
575,694
576,694
577,694
578,694
579,694
580,694
581,694
582,694
583,694
584,694
585,694
586,694
587,694
588,694
589,694
590,694
591,694
592,694
593,694
594,694
595,694
596,694
597,694
598,694
599,694
600,694
601,694
602,694
603,694
604,694
605,694
606,694
607,694
608,694
609,694
610,694
611,694
612,694
613,694
614,694
615,694
616,694
617,694
618,694
619,694
385,901
386,901
387,901
388,901
389,901
390,901
391,901
392,901
393,901
394,901
395,901
396,901
397,901
398,901
399,901
400,901
401,901
402,901
403,901
404,901
405,901
406,901
407,901
408,901
409,901
410,901
411,901
412,901
413,901
414,901
415,901
416,901
417,901
418,901
419,901
420,901
421,901
422,901
423,901
424,901
425,901
426,901
427,901
428,901
429,901
430,901
431,901
432,901
433,901
434,901
435,901
436,901
437,901
438,901
439,901
440,901
441,901
442,901
443,901
444,901
445,901
446,901
447,901
448,901
449,901
450,901
451,901
452,901
453,901
454,901
455,901
456,901
457,901
458,901
459,901
460,901
461,901
462,901
463,901
464,901
465,901
466,901
467,901
468,901
469,901
470,901
471,901
472,901
473,901
474,901
475,901
476,901
477,901
478,901
479,901
480,901
481,901
482,901
483,901
484,901
485,901
486,901
487,901
488,901
489,901
490,901
491,901
492,901
493,901
494,901
495,901
496,901
497,901
498,901
499,901
500,901
501,901
502,901
503,901
504,901
505,901
506,901
507,901
508,901
509,901
510,901
511,901
512,901
638,960
639,960
640,960
641,960
642,960
643,960
644,960
645,960
646,960
647,960
648,960
649,960
650,960
651,960
652,960
653,960
654,960
655,960
656,960
657,960
658,960
659,960
660,960
661,960
662,960
663,960
664,960
665,960
666,960
667,960
668,960
669,960
670,960
671,960
672,960
673,960
674,960
675,960
676,960
677,960
678,960
679,960
680,960
681,960
682,960
683,960
684,960
685,960
686,960
687,960
688,960
689,960
690,960
691,960
692,960
693,960
694,960
695,960
696,960
697,960
698,960
699,960
700,960
701,960
702,960
703,960
704,960
705,960
706,960
707,960
708,960
709,960
710,960
711,960
712,960
713,960
714,960
715,960
716,960
717,960
718,960
719,960
720,960
721,960
722,960
723,960
724,960
725,960
726,960
727,960
728,960
729,960
730,960
731,960
732,960
733,960
734,960
735,960
736,960
737,960
738,960
739,960
740,960
741,960
742,960
743,960
744,960
745,960
746,960
747,960
748,960
749,960
750,960
751,960
752,960
753,960
754,960
755,960
756,960
757,960
758,960
759,960
760,960
761,960
762,960
763,960
764,960
765,960
295,10
296,10
297,10
298,10
299,10
300,10
301,10
302,10
303,10
304,10
305,10
306,10
307,10
308,10
309,10
310,10
311,10
312,10
313,10
314,10
315,10
316,10
317,10
318,10
319,10
320,10
321,10
322,10
323,10
324,10
325,10
326,10
327,10
328,10
329,10
330,10
331,10
332,10
333,10
334,10
335,10
336,10
337,10
338,10
339,10
340,10
341,10
342,10
343,10
344,10
345,10
346,10
347,10
348,10
349,10
350,10
351,10
352,10
353,10
354,10
355,10
356,10
357,10
358,10
359,10
360,10
361,10
362,10
363,10
364,10
365,10
366,10
367,10
368,10
369,10
370,10
371,10
372,10
373,10
374,10
375,10
376,10
377,10
378,10
379,10
380,10
381,10
382,10
383,10
384,10
385,10
386,10
387,10
388,10
389,10
390,10
391,10
392,10
393,10
394,10
395,10
396,10
397,10
398,10
399,10
400,10
401,10
402,10
403,10
404,10
405,10
406,10
407,10
408,10
409,10
410,10
411,10
412,10
413,10
414,10
415,10
416,10
417,10
418,10
419,10
420,10
421,10
422,10
255,376
256,376
257,376
258,376
259,376
260,376
261,376
262,376
263,376
264,376
265,376
266,376
267,376
268,376
269,376
270,376
271,376
272,376
273,376
274,376
275,376
276,376
277,376
278,376
279,376
280,376
281,376
282,376
283,376
284,376
285,376
286,376
287,376
288,376
289,376
290,376
291,376
292,376
293,376
294,376
295,376
296,376
297,376
298,376
299,376
300,376
301,376
302,376
303,376
304,376
305,376
306,376
307,376
308,376
309,376
310,376
311,376
312,376
313,376
314,376
315,376
316,376
317,376
318,376
319,376
320,376
321,376
322,376
323,376
324,376
325,376
326,376
327,376
328,376
329,376
330,376
331,376
332,376
333,376
334,376
335,376
336,376
337,376
338,376
339,376
340,376
341,376
342,376
343,376
344,376
345,376
346,376
347,376
348,376
349,376
350,376
351,376
352,376
353,376
354,376
355,376
356,376
357,376
358,376
359,376
360,376
361,376
362,376
363,376
364,376
365,376
366,376
367,376
368,376
369,376
370,376
371,376
372,376
373,376
374,376
375,376
376,376
377,376
378,376
379,376
380,376
381,376
382,376
795,58
796,58
797,58
798,58
799,58
800,58
801,58
802,58
803,58
804,58
805,58
806,58
807,58
808,58
809,58
810,58
811,58
812,58
813,58
814,58
815,58
816,58
817,58
818,58
819,58
820,58
821,58
822,58
823,58
824,58
825,58
826,58
827,58
828,58
829,58
830,58
831,58
832,58
833,58
834,58
835,58
836,58
837,58
838,58
839,58
840,58
841,58
842,58
843,58
844,58
845,58
846,58
847,58
848,58
849,58
850,58
851,58
852,58
853,58
854,58
855,58
856,58
857,58
858,58
859,58
860,58
861,58
862,58
863,58
864,58
865,58
866,58
867,58
868,58
869,58
870,58
871,58
872,58
873,58
874,58
875,58
876,58
877,58
878,58
879,58
880,58
881,58
882,58
883,58
884,58
885,58
886,58
887,58
888,58
889,58
890,58
891,58
892,58
893,58
894,58
895,58
896,58
897,58
898,58
899,58
900,58
901,58
902,58
903,58
904,58
905,58
906,58
907,58
908,58
909,58
910,58
911,58
912,58
913,58
914,58
915,58
916,58
917,58
918,58
919,58
920,58
921,58
922,58
280,779
281,779
282,779
283,779
284,779
285,779
286,779
287,779
288,779
289,779
290,779
291,779
292,779
293,779
294,779
295,779
296,779
297,779
298,779
299,779
300,779
301,779
302,779
303,779
304,779
305,779
306,779
307,779
308,779
309,779
310,779
311,779
312,779
313,779
314,779
315,779
316,779
317,779
318,779
319,779
320,779
321,779
322,779
323,779
324,779
325,779
326,779
327,779
328,779
329,779
330,779
331,779
332,779
333,779
334,779
335,779
336,779
337,779
338,779
339,779
340,779
341,779
342,779
343,779
344,779
345,779
346,779
347,779
348,779
349,779
350,779
351,779
352,779
353,779
354,779
355,779
356,779
357,779
358,779
359,779
360,779
361,779
362,779
363,779
364,779
365,779
366,779
367,779
368,779
369,779
370,779
371,779
372,779
373,779
374,779
375,779
376,779
377,779
378,779
379,779
380,779
381,779
382,779
383,779
384,779
385,779
386,779
387,779
388,779
389,779
390,779
391,779
392,779
393,779
394,779
395,779
396,779
397,779
398,779
399,779
400,779
401,779
402,779
403,779
404,779
405,779
406,779
407,779
465,37
466,37
467,37
468,37
469,37
470,37
471,37
472,37
473,37
474,37
475,37
476,37
477,37
478,37
479,37
480,37
481,37
482,37
483,37
484,37
485,37
486,37
487,37
488,37
489,37
490,37
491,37
492,37
493,37
494,37
495,37
496,37
497,37
498,37
499,37
500,37
501,37
502,37
503,37
504,37
505,37
506,37
507,37
508,37
509,37
510,37
511,37
512,37
513,37
514,37
515,37
516,37
517,37
518,37
519,37
520,37
521,37
522,37
523,37
524,37
525,37
526,37
527,37
528,37
529,37
530,37
531,37
532,37
533,37
534,37
535,37
536,37
537,37
538,37
539,37
540,37
541,37
542,37
543,37
544,37
545,37
546,37
547,37
548,37
549,37
550,37
551,37
552,37
553,37
554,37
555,37
556,37
557,37
558,37
559,37
560,37
561,37
562,37
563,37
564,37
565,37
566,37
567,37
568,37
569,37
570,37
571,37
572,37
573,37
574,37
575,37
576,37
577,37
578,37
579,37
580,37
581,37
582,37
583,37
584,37
585,37
586,37
587,37
588,37
589,37
590,37
591,37
592,37
357,953
358,953
359,953
360,953
361,953
362,953
363,953
364,953
365,953
366,953
367,953
368,953
369,953
370,953
371,953
372,953
373,953
374,953
375,953
376,953
377,953
378,953
379,953
380,953
381,953
382,953
383,953
384,953
385,953
386,953
387,953
388,953
389,953
390,953
391,953
392,953
393,953
394,953
395,953
396,953
397,953
398,953
399,953
400,953
401,953
402,953
403,953
404,953
405,953
406,953
407,953
408,953
409,953
410,953
411,953
412,953
413,953
414,953
415,953
416,953
417,953
418,953
419,953
420,953
421,953
422,953
423,953
424,953
425,953
426,953
427,953
428,953
429,953
430,953
431,953
432,953
433,953
434,953
435,953
436,953
437,953
438,953
439,953
440,953
441,953
442,953
443,953
444,953
445,953
446,953
447,953
448,953
449,953
450,953
451,953
452,953
453,953
454,953
455,953
456,953
457,953
458,953
459,953
460,953
461,953
462,953
463,953
464,953
465,953
466,953
467,953
468,953
469,953
470,953
471,953
472,953
473,953
474,953
475,953
476,953
477,953
478,953
479,953
480,953
481,953
482,953
483,953
484,953
561,462
562,462
563,462
564,462
565,462
566,462
567,462
568,462
569,462
570,462
571,462
572,462
573,462
574,462
575,462
576,462
577,462
578,462
579,462
580,462
581,462
582,462
583,462
584,462
585,462
586,462
587,462
588,462
589,462
590,462
591,462
592,462
593,462
594,462
595,462
596,462
597,462
598,462
599,462
600,462
601,462
602,462
603,462
604,462
605,462
606,462
607,462
608,462
609,462
610,462
611,462
612,462
613,462
614,462
615,462
616,462
617,462
618,462
619,462
620,462
621,462
622,462
623,462
624,462
625,462
626,462
627,462
628,462
629,462
630,462
631,462
632,462
633,462
634,462
635,462
636,462
637,462
638,462
639,462
640,462
641,462
642,462
643,462
644,462
645,462
646,462
647,462
648,462
649,462
650,462
651,462
652,462
653,462
654,462
655,462
656,462
657,462
658,462
659,462
660,462
661,462
662,462
663,462
664,462
665,462
666,462
667,462
668,462
669,462
670,462
671,462
672,462
673,462
674,462
675,462
676,462
677,462
678,462
679,462
680,462
681,462
682,462
683,462
684,462
685,462
686,462
687,462
688,462
682,422
683,422
684,422
685,422
686,422
687,422
688,422
689,422
690,422
691,422
692,422
693,422
694,422
695,422
696,422
697,422
698,422
699,422
700,422
701,422
702,422
703,422
704,422
705,422
706,422
707,422
708,422
709,422
710,422
711,422
712,422
713,422
714,422
715,422
716,422
717,422
718,422
719,422
720,422
721,422
722,422
723,422
724,422
725,422
726,422
727,422
728,422
729,422
730,422
731,422
732,422
733,422
734,422
735,422
736,422
737,422
738,422
739,422
740,422
741,422
742,422
743,422
744,422
745,422
746,422
747,422
748,422
749,422
750,422
751,422
752,422
753,422
754,422
755,422
756,422
757,422
758,422
759,422
760,422
761,422
762,422
763,422
764,422
765,422
766,422
767,422
768,422
769,422
770,422
771,422
772,422
773,422
774,422
775,422
776,422
777,422
778,422
779,422
780,422
781,422
782,422
783,422
784,422
785,422
786,422
787,422
788,422
789,422
790,422
791,422
792,422
793,422
794,422
795,422
796,422
797,422
798,422
799,422
800,422
801,422
802,422
803,422
804,422
805,422
806,422
807,422
808,422
809,422
194,785
195,785
196,785
197,785
198,785
199,785
200,785
201,785
202,785
203,785
204,785
205,785
206,785
207,785
208,785
209,785
210,785
211,785
212,785
213,785
214,785
215,785
216,785
217,785
218,785
219,785
220,785
221,785
222,785
223,785
224,785
225,785
226,785
227,785
228,785
229,785
230,785
231,785
232,785
233,785
234,785
235,785
236,785
237,785
238,785
239,785
240,785
241,785
242,785
243,785
244,785
245,785
246,785
247,785
248,785
249,785
250,785
251,785
252,785
253,785
254,785
255,785
256,785
257,785
258,785
259,785
260,785
261,785
262,785
263,785
264,785
265,785
266,785
267,785
268,785
269,785
270,785
271,785
272,785
273,785
274,785
275,785
276,785
277,785
278,785
279,785
280,785
281,785
282,785
283,785
284,785
285,785
286,785
287,785
288,785
289,785
290,785
291,785
292,785
293,785
294,785
295,785
296,785
297,785
298,785
299,785
300,785
301,785
302,785
303,785
304,785
305,785
306,785
307,785
308,785
309,785
310,785
311,785
312,785
313,785
314,785
315,785
316,785
317,785
318,785
319,785
320,785
321,785
488,362
489,362
490,362
491,362
492,362
493,362
494,362
495,362
496,362
497,362
498,362
499,362
500,362
501,362
502,362
503,362
504,362
505,362
506,362
507,362
508,362
509,362
510,362
511,362
512,362
513,362
514,362
515,362
516,362
517,362
518,362
519,362
520,362
521,362
522,362
523,362
524,362
525,362
526,362
527,362
528,362
529,362
530,362
531,362
532,362
533,362
534,362
535,362
536,362
537,362
538,362
539,362
540,362
541,362
542,362
543,362
544,362
545,362
546,362
547,362
548,362
549,362
550,362
551,362
552,362
553,362
554,362
555,362
556,362
557,362
558,362
559,362
560,362
561,362
562,362
563,362
564,362
565,362
566,362
567,362
568,362
569,362
570,362
571,362
572,362
573,362
574,362
575,362
576,362
577,362
578,362
579,362
580,362
581,362
582,362
583,362
584,362
585,362
586,362
587,362
588,362
589,362
590,362
591,362
592,362
593,362
594,362
595,362
596,362
597,362
598,362
599,362
600,362
601,362
602,362
603,362
604,362
605,362
606,362
607,362
608,362
609,362
610,362
611,362
612,362
613,362
614,362
615,362
672,1020
673,1020
674,1020
675,1020
676,1020
677,1020
678,1020
679,1020
680,1020
681,1020
682,1020
683,1020
684,1020
685,1020
686,1020
687,1020
688,1020
689,1020
690,1020
691,1020
692,1020
693,1020
694,1020
695,1020
696,1020
697,1020
698,1020
699,1020
700,1020
701,1020
702,1020
703,1020
704,1020
705,1020
706,1020
707,1020
708,1020
709,1020
710,1020
711,1020
712,1020
713,1020
714,1020
715,1020
716,1020
717,1020
718,1020
719,1020
720,1020
721,1020
722,1020
723,1020
724,1020
725,1020
726,1020
727,1020
728,1020
729,1020
730,1020
731,1020
732,1020
733,1020
734,1020
735,1020
736,1020
737,1020
738,1020
739,1020
740,1020
741,1020
742,1020
743,1020
744,1020
745,1020
746,1020
747,1020
748,1020
749,1020
750,1020
751,1020
752,1020
753,1020
754,1020
755,1020
756,1020
757,1020
758,1020
759,1020
760,1020
761,1020
762,1020
763,1020
764,1020
765,1020
766,1020
767,1020
768,1020
769,1020
770,1020
771,1020
772,1020
773,1020
774,1020
775,1020
776,1020
777,1020
778,1020
779,1020
780,1020
781,1020
782,1020
783,1020
784,1020
785,1020
786,1020
787,1020
788,1020
789,1020
790,1020
791,1020
792,1020
793,1020
794,1020
795,1020
796,1020
797,1020
798,1020
799,1020
807,946
808,946
809,946
810,946
811,946
812,946
813,946
814,946
815,946
816,946
817,946
818,946
819,946
820,946
821,946
822,946
823,946
824,946
825,946
826,946
827,946
828,946
829,946
830,946
831,946
832,946
833,946
834,946
835,946
836,946
837,946
838,946
839,946
840,946
841,946
842,946
843,946
844,946
845,946
846,946
847,946
848,946
849,946
850,946
851,946
852,946
853,946
854,946
855,946
856,946
857,946
858,946
859,946
860,946
861,946
862,946
863,946
864,946
865,946
866,946
867,946
868,946
869,946
870,946
871,946
872,946
873,946
874,946
875,946
876,946
877,946
878,946
879,946
880,946
881,946
882,946
883,946
884,946
885,946
886,946
887,946
888,946
889,946
890,946
891,946
892,946
893,946
894,946
895,946
896,946
897,946
898,946
899,946
900,946
901,946
902,946
903,946
904,946
905,946
906,946
907,946
908,946
909,946
910,946
911,946
912,946
913,946
914,946
915,946
916,946
917,946
918,946
919,946
920,946
921,946
922,946
923,946
924,946
925,946
926,946
927,946
928,946
929,946
930,946
931,946
932,946
933,946
934,946
118,993
119,993
120,993
121,993
122,993
123,993
124,993
125,993
126,993
127,993
128,993
129,993
130,993
131,993
132,993
133,993
134,993
135,993
136,993
137,993
138,993
139,993
140,993
141,993
142,993
143,993
144,993
145,993
146,993
147,993
148,993
149,993
150,993
151,993
152,993
153,993
154,993
155,993
156,993
157,993
158,993
159,993
160,993
161,993
162,993
163,993
164,993
165,993
166,993
167,993
168,993
169,993
170,993
171,993
172,993
173,993
174,993
175,993
176,993
177,993
178,993
179,993
180,993
181,993
182,993
183,993
184,993
185,993
186,993
187,993
188,993
189,993
190,993
191,993
192,993
193,993
194,993
195,993
196,993
197,993
198,993
199,993
200,993
201,993
202,993
203,993
204,993
205,993
206,993
207,993
208,993
209,993
210,993
211,993
212,993
213,993
214,993
215,993
216,993
217,993
218,993
219,993
220,993
221,993
222,993
223,993
224,993
225,993
226,993
227,993
228,993
229,993
230,993
231,993
232,993
233,993
234,993
235,993
236,993
237,993
238,993
239,993
240,993
241,993
242,993
243,993
244,993
245,993
886,164
887,164
888,164
889,164
890,164
891,164
892,164
893,164
894,164
895,164
896,164
897,164
898,164
899,164
900,164
901,164
902,164
903,164
904,164
905,164
906,164
907,164
908,164
909,164
910,164
911,164
912,164
913,164
914,164
915,164
916,164
917,164
918,164
919,164
920,164
921,164
922,164
923,164
924,164
925,164
926,164
927,164
928,164
929,164
930,164
931,164
932,164
933,164
934,164
935,164
936,164
937,164
938,164
939,164
940,164
941,164
942,164
943,164
944,164
945,164
946,164
947,164
948,164
949,164
950,164
951,164
952,164
953,164
954,164
955,164
956,164
957,164
958,164
959,164
960,164
961,164
962,164
963,164
964,164
965,164
966,164
967,164
968,164
969,164
970,164
971,164
972,164
973,164
974,164
975,164
976,164
977,164
978,164
979,164
980,164
981,164
982,164
983,164
984,164
985,164
986,164
987,164
988,164
989,164
990,164
991,164
992,164
993,164
994,164
995,164
996,164
997,164
998,164
999,164
1000,164
1001,164
1002,164
1003,164
1004,164
1005,164
1006,164
1007,164
1008,164
1009,164
1010,164
1011,164
1012,164
1013,164
156,1023
157,1023
158,1023
159,1023
160,1023
161,1023
162,1023
163,1023
164,1023
165,1023
166,1023
167,1023
168,1023
169,1023
170,1023
171,1023
172,1023
173,1023
174,1023
175,1023
176,1023
177,1023
178,1023
179,1023
180,1023
181,1023
182,1023
183,1023
184,1023
185,1023
186,1023
187,1023
188,1023
189,1023
190,1023
191,1023
192,1023
193,1023
194,1023
195,1023
196,1023
197,1023
198,1023
199,1023
200,1023
201,1023
202,1023
203,1023
204,1023
205,1023
206,1023
207,1023
208,1023
209,1023
210,1023
211,1023
212,1023
213,1023
214,1023
215,1023
216,1023
217,1023
218,1023
219,1023
220,1023
221,1023
222,1023
223,1023
224,1023
225,1023
226,1023
227,1023
228,1023
229,1023
230,1023
231,1023
232,1023
233,1023
234,1023
235,1023
236,1023
237,1023
238,1023
239,1023
240,1023
241,1023
242,1023
243,1023
244,1023
245,1023
246,1023
247,1023
248,1023
249,1023
250,1023
251,1023
252,1023
253,1023
254,1023
255,1023
256,1023
257,1023
258,1023
259,1023
260,1023
261,1023
262,1023
263,1023
264,1023
265,1023
266,1023
267,1023
268,1023
269,1023
270,1023
271,1023
272,1023
273,1023
274,1023
275,1023
276,1023
277,1023
278,1023
279,1023
280,1023
281,1023
282,1023
283,1023
509,690
510,690
511,690
512,690
513,690
514,690
515,690
516,690
517,690
518,690
519,690
520,690
521,690
522,690
523,690
524,690
525,690
526,690
527,690
528,690
529,690
530,690
531,690
532,690
533,690
534,690
535,690
536,690
537,690
538,690
539,690
540,690
541,690
542,690
543,690
544,690
545,690
546,690
547,690
548,690
549,690
550,690
551,690
552,690
553,690
554,690
555,690
556,690
557,690
558,690
559,690
560,690
561,690
562,690
563,690
564,690
565,690
566,690
567,690
568,690
569,690
570,690
571,690
572,690
573,690
574,690
575,690
576,690
577,690
578,690
579,690
580,690
581,690
582,690
583,690
584,690
585,690
586,690
587,690
588,690
589,690
590,690
591,690
592,690
593,690
594,690
595,690
596,690
597,690
598,690
599,690
600,690
601,690
602,690
603,690
604,690
605,690
606,690
607,690
608,690
609,690
610,690
611,690
612,690
613,690
614,690
615,690
616,690
617,690
618,690
619,690
620,690
621,690
622,690
623,690
624,690
625,690
626,690
627,690
628,690
629,690
630,690
631,690
632,690
633,690
634,690
635,690
636,690
329,743
330,743
331,743
332,743
333,743
334,743
335,743
336,743
337,743
338,743
339,743
340,743
341,743
342,743
343,743
344,743
345,743
346,743
347,743
348,743
349,743
350,743
351,743
352,743
353,743
354,743
355,743
356,743
357,743
358,743
359,743
360,743
361,743
362,743
363,743
364,743
365,743
366,743
367,743
368,743
369,743
370,743
371,743
372,743
373,743
374,743
375,743
376,743
377,743
378,743
379,743
380,743
381,743
382,743
383,743
384,743
385,743
386,743
387,743
388,743
389,743
390,743
391,743
392,743
393,743
394,743
395,743
396,743
397,743
398,743
399,743
400,743
401,743
402,743
403,743
404,743
405,743
406,743
407,743
408,743
409,743
410,743
411,743
412,743
413,743
414,743
415,743
416,743
417,743
418,743
419,743
420,743
421,743
422,743
423,743
424,743
425,743
426,743
427,743
428,743
429,743
430,743
431,743
432,743
433,743
434,743
435,743
436,743
437,743
438,743
439,743
440,743
441,743
442,743
443,743
444,743
445,743
446,743
447,743
448,743
449,743
450,743
451,743
452,743
453,743
454,743
455,743
456,743
277,729
278,729
279,729
280,729
281,729
282,729
283,729
284,729
285,729
286,729
287,729
288,729
289,729
290,729
291,729
292,729
293,729
294,729
295,729
296,729
297,729
298,729
299,729
300,729
301,729
302,729
303,729
304,729
305,729
306,729
307,729
308,729
309,729
310,729
311,729
312,729
313,729
314,729
315,729
316,729
317,729
318,729
319,729
320,729
321,729
322,729
323,729
324,729
325,729
326,729
327,729
328,729
329,729
330,729
331,729
332,729
333,729
334,729
335,729
336,729
337,729
338,729
339,729
340,729
341,729
342,729
343,729
344,729
345,729
346,729
347,729
348,729
349,729
350,729
351,729
352,729
353,729
354,729
355,729
356,729
357,729
358,729
359,729
360,729
361,729
362,729
363,729
364,729
365,729
366,729
367,729
368,729
369,729
370,729
371,729
372,729
373,729
374,729
375,729
376,729
377,729
378,729
379,729
380,729
381,729
382,729
383,729
384,729
385,729
386,729
387,729
388,729
389,729
390,729
391,729
392,729
393,729
394,729
395,729
396,729
397,729
398,729
399,729
400,729
401,729
402,729
403,729
404,729
135,13
136,13
137,13
138,13
139,13
140,13
141,13
142,13
143,13
144,13
145,13
146,13
147,13
148,13
149,13
150,13
151,13
152,13
153,13
154,13
155,13
156,13
157,13
158,13
159,13
160,13
161,13
162,13
163,13
164,13
165,13
166,13
167,13
168,13
169,13
170,13
171,13
172,13
173,13
174,13
175,13
176,13
177,13
178,13
179,13
180,13
181,13
182,13
183,13
184,13
185,13
186,13
187,13
188,13
189,13
190,13
191,13
192,13
193,13
194,13
195,13
196,13
197,13
198,13
199,13
200,13
201,13
202,13
203,13
204,13
205,13
206,13
207,13
208,13
209,13
210,13
211,13
212,13
213,13
214,13
215,13
216,13
217,13
218,13
219,13
220,13
221,13
222,13
223,13
224,13
225,13
226,13
227,13
228,13
229,13
230,13
231,13
232,13
233,13
234,13
235,13
236,13
237,13
238,13
239,13
240,13
241,13
242,13
243,13
244,13
245,13
246,13
247,13
248,13
249,13
250,13
251,13
252,13
253,13
254,13
255,13
256,13
257,13
258,13
259,13
260,13
261,13
262,13
745,18
746,18
747,18
748,18
749,18
750,18
751,18
752,18
753,18
754,18
755,18
756,18
757,18
758,18
759,18
760,18
761,18
762,18
763,18
764,18
765,18
766,18
767,18
768,18
769,18
770,18
771,18
772,18
773,18
774,18
775,18
776,18
777,18
778,18
779,18
780,18
781,18
782,18
783,18
784,18
785,18
786,18
787,18
788,18
789,18
790,18
791,18
792,18
793,18
794,18
795,18
796,18
797,18
798,18
799,18
800,18
801,18
802,18
803,18
804,18
805,18
806,18
807,18
808,18
809,18
810,18
811,18
812,18
813,18
814,18
815,18
816,18
817,18
818,18
819,18
820,18
821,18
822,18
823,18
824,18
825,18
826,18
827,18
828,18
829,18
830,18
831,18
832,18
833,18
834,18
835,18
836,18
837,18
838,18
839,18
840,18
841,18
842,18
843,18
844,18
845,18
846,18
847,18
848,18
849,18
850,18
851,18
852,18
853,18
854,18
855,18
856,18
857,18
858,18
859,18
860,18
861,18
862,18
863,18
864,18
865,18
866,18
867,18
868,18
869,18
870,18
871,18
872,18
161,304
162,304
163,304
164,304
165,304
166,304
167,304
168,304
169,304
170,304
171,304
172,304
173,304
174,304
175,304
176,304
177,304
178,304
179,304
180,304
181,304
182,304
183,304
184,304
185,304
186,304
187,304
188,304
189,304
190,304
191,304
192,304
193,304
194,304
195,304
196,304
197,304
198,304
199,304
200,304
201,304
202,304
203,304
204,304
205,304
206,304
207,304
208,304
209,304
210,304
211,304
212,304
213,304
214,304
215,304
216,304
217,304
218,304
219,304
220,304
221,304
222,304
223,304
224,304
225,304
226,304
227,304
228,304
229,304
230,304
231,304
232,304
233,304
234,304
235,304
236,304
237,304
238,304
239,304
240,304
241,304
242,304
243,304
244,304
245,304
246,304
247,304
248,304
249,304
250,304
251,304
252,304
253,304
254,304
255,304
256,304
257,304
258,304
259,304
260,304
261,304
262,304
263,304
264,304
265,304
266,304
267,304
268,304
269,304
270,304
271,304
272,304
273,304
274,304
275,304
276,304
277,304
278,304
279,304
280,304
281,304
282,304
283,304
284,304
285,304
286,304
287,304
288,304
867,415
868,415
869,415
870,415
871,415
872,415
873,415
874,415
875,415
876,415
877,415
878,415
879,415
880,415
881,415
882,415
883,415
884,415
885,415
886,415
887,415
888,415
889,415
890,415
891,415
892,415
893,415
894,415
895,415
896,415
897,415
898,415
899,415
900,415
901,415
902,415
903,415
904,415
905,415
906,415
907,415
908,415
909,415
910,415
911,415
912,415
913,415
914,415
915,415
916,415
917,415
918,415
919,415
920,415
921,415
922,415
923,415
924,415
925,415
926,415
927,415
928,415
929,415
930,415
931,415
932,415
933,415
934,415
935,415
936,415
937,415
938,415
939,415
940,415
941,415
942,415
943,415
944,415
945,415
946,415
947,415
948,415
949,415
950,415
951,415
952,415
953,415
954,415
955,415
956,415
957,415
958,415
959,415
960,415
961,415
962,415
963,415
964,415
965,415
966,415
967,415
968,415
969,415
970,415
971,415
972,415
973,415
974,415
975,415
976,415
977,415
978,415
979,415
980,415
981,415
982,415
983,415
984,415
985,415
986,415
987,415
988,415
989,415
990,415
991,415
992,415
993,415
994,415
613,448
614,448
615,448
616,448
617,448
618,448
619,448
620,448
621,448
622,448
623,448
624,448
625,448
626,448
627,448
628,448
629,448
630,448
631,448
632,448
633,448
634,448
635,448
636,448
637,448
638,448
639,448
640,448
641,448
642,448
643,448
644,448
645,448
646,448
647,448
648,448
649,448
650,448
651,448
652,448
653,448
654,448
655,448
656,448
657,448
658,448
659,448
660,448
661,448
662,448
663,448
664,448
665,448
666,448
667,448
668,448
669,448
670,448
671,448
672,448
673,448
674,448
675,448
676,448
677,448
678,448
679,448
680,448
681,448
682,448
683,448
684,448
685,448
686,448
687,448
688,448
689,448
690,448
691,448
692,448
693,448
694,448
695,448
696,448
697,448
698,448
699,448
700,448
701,448
702,448
703,448
704,448
705,448
706,448
707,448
708,448
709,448
710,448
711,448
712,448
713,448
714,448
715,448
716,448
717,448
718,448
719,448
720,448
721,448
722,448
723,448
724,448
725,448
726,448
727,448
728,448
729,448
730,448
731,448
732,448
733,448
734,448
735,448
736,448
737,448
738,448
739,448
740,448
826,1021
827,1021
828,1021
829,1021
830,1021
831,1021
832,1021
833,1021
834,1021
835,1021
836,1021
837,1021
838,1021
839,1021
840,1021
841,1021
842,1021
843,1021
844,1021
845,1021
846,1021
847,1021
848,1021
849,1021
850,1021
851,1021
852,1021
853,1021
854,1021
855,1021
856,1021
857,1021
858,1021
859,1021
860,1021
861,1021
862,1021
863,1021
864,1021
865,1021
866,1021
867,1021
868,1021
869,1021
870,1021
871,1021
872,1021
873,1021
874,1021
875,1021
876,1021
877,1021
878,1021
879,1021
880,1021
881,1021
882,1021
883,1021
884,1021
885,1021
886,1021
887,1021
888,1021
889,1021
890,1021
891,1021
892,1021
893,1021
894,1021
895,1021
896,1021
897,1021
898,1021
899,1021
900,1021
901,1021
902,1021
903,1021
904,1021
905,1021
906,1021
907,1021
908,1021
909,1021
910,1021
911,1021
912,1021
913,1021
914,1021
915,1021
916,1021
917,1021
918,1021
919,1021
920,1021
921,1021
922,1021
923,1021
924,1021
925,1021
926,1021
927,1021
928,1021
929,1021
930,1021
931,1021
932,1021
933,1021
934,1021
935,1021
936,1021
937,1021
938,1021
939,1021
940,1021
941,1021
942,1021
943,1021
944,1021
945,1021
946,1021
947,1021
948,1021
949,1021
950,1021
951,1021
952,1021
953,1021
388,965
389,965
390,965
391,965
392,965
393,965
394,965
395,965
396,965
397,965
398,965
399,965
400,965
401,965
402,965
403,965
404,965
405,965
406,965
407,965
408,965
409,965
410,965
411,965
412,965
413,965
414,965
415,965
416,965
417,965
418,965
419,965
420,965
421,965
422,965
423,965
424,965
425,965
426,965
427,965
428,965
429,965
430,965
431,965
432,965
433,965
434,965
435,965
436,965
437,965
438,965
439,965
440,965
441,965
442,965
443,965
444,965
445,965
446,965
447,965
448,965
449,965
450,965
451,965
452,965
453,965
454,965
455,965
456,965
457,965
458,965
459,965
460,965
461,965
462,965
463,965
464,965
465,965
466,965
467,965
468,965
469,965
470,965
471,965
472,965
473,965
474,965
475,965
476,965
477,965
478,965
479,965
480,965
481,965
482,965
483,965
484,965
485,965
486,965
487,965
488,965
489,965
490,965
491,965
492,965
493,965
494,965
495,965
496,965
497,965
498,965
499,965
500,965
501,965
502,965
503,965
504,965
505,965
506,965
507,965
508,965
509,965
510,965
511,965
512,965
513,965
514,965
515,965
863,116
864,116
865,116
866,116
867,116
868,116
869,116
870,116
871,116
872,116
873,116
874,116
875,116
876,116
877,116
878,116
879,116
880,116
881,116
882,116
883,116
884,116
885,116
886,116
887,116
888,116
889,116
890,116
891,116
892,116
893,116
894,116
895,116
896,116
897,116
898,116
899,116
900,116
901,116
902,116
903,116
904,116
905,116
906,116
907,116
908,116
909,116
910,116
911,116
912,116
913,116
914,116
915,116
916,116
917,116
918,116
919,116
920,116
921,116
922,116
923,116
924,116
925,116
926,116
927,116
928,116
929,116
930,116
931,116
932,116
933,116
934,116
935,116
936,116
937,116
938,116
939,116
940,116
941,116
942,116
943,116
944,116
945,116
946,116
947,116
948,116
949,116
950,116
951,116
952,116
953,116
954,116
955,116
956,116
957,116
958,116
959,116
960,116
961,116
962,116
963,116
964,116
965,116
966,116
967,116
968,116
969,116
970,116
971,116
972,116
973,116
974,116
975,116
976,116
977,116
978,116
979,116
980,116
981,116
982,116
983,116
984,116
985,116
986,116
987,116
988,116
989,116
990,116
294,803
295,803
296,803
297,803
298,803
299,803
300,803
301,803
302,803
303,803
304,803
305,803
306,803
307,803
308,803
309,803
310,803
311,803
312,803
313,803
314,803
315,803
316,803
317,803
318,803
319,803
320,803
321,803
322,803
323,803
324,803
325,803
326,803
327,803
328,803
329,803
330,803
331,803
332,803
333,803
334,803
335,803
336,803
337,803
338,803
339,803
340,803
341,803
342,803
343,803
344,803
345,803
346,803
347,803
348,803
349,803
350,803
351,803
352,803
353,803
354,803
355,803
356,803
357,803
358,803
359,803
360,803
361,803
362,803
363,803
364,803
365,803
366,803
367,803
368,803
369,803
370,803
371,803
372,803
373,803
374,803
375,803
376,803
377,803
378,803
379,803
380,803
381,803
382,803
383,803
384,803
385,803
386,803
387,803
388,803
389,803
390,803
391,803
392,803
393,803
394,803
395,803
396,803
397,803
398,803
399,803
400,803
401,803
402,803
403,803
404,803
405,803
406,803
407,803
408,803
409,803
410,803
411,803
412,803
413,803
414,803
415,803
416,803
417,803
418,803
419,803
420,803
421,803