205,852
205,853
205,854
205,855
205,856
205,857
205,858
205,859
205,860
205,861
205,862
205,863
205,864
205,865
205,866
205,867
205,868
205,869
205,870
205,871
205,872
205,873
205,874
205,875
205,876
205,877
205,878
205,879
205,880
205,881
205,882
205,883
205,884
205,885
205,886
205,887
205,888
205,889
205,890
205,891
205,892
205,893
205,894
205,895
205,896
205,897
205,898
205,899
205,900
205,901
205,902
205,903
205,904
205,905
205,906
205,907
205,908
205,909
205,910
205,911
205,912
205,913
205,914
205,915
205,916
205,917
205,918
205,919
205,920
205,921
205,922
205,923
205,924
205,925
205,926
205,927
205,928
205,929
205,930
205,931
205,932
205,933
205,934
205,935
205,936
205,937
205,938
205,939
205,940
205,941
205,942
205,943
205,944
205,945
205,946
205,947
205,948
205,949
205,950
205,951
205,952
205,953
205,954
205,955
205,956
205,957
205,958
205,959
205,960
205,961
205,962
205,963
205,964
205,965
205,966
205,967
205,968
205,969
205,970
205,971
205,972
205,973
205,974
205,975
205,976
205,977
205,978
205,979
608,81
608,82
608,83
608,84
608,85
608,86
608,87
608,88
608,89
608,90
608,91
608,92
608,93
608,94
608,95
608,96
608,97
608,98
608,99
608,100
608,101
608,102
608,103
608,104
608,105
608,106
608,107
608,108
608,109
608,110
608,111
608,112
608,113
608,114
608,115
608,116
608,117
608,118
608,119
608,120
608,121
608,122
608,123
608,124
608,125
608,126
608,127
608,128
608,129
608,130
608,131
608,132
608,133
608,134
608,135
608,136
608,137
608,138
608,139
608,140
608,141
608,142
608,143
608,144
608,145
608,146
608,147
608,148
608,149
608,150
608,151
608,152
608,153
608,154
608,155
608,156
608,157
608,158
608,159
608,160
608,161
608,162
608,163
608,164
608,165
608,166
608,167
608,168
608,169
608,170
608,171
608,172
608,173
608,174
608,175
608,176
608,177
608,178
608,179
608,180
608,181
608,182
608,183
608,184
608,185
608,186
608,187
608,188
608,189
608,190
608,191
608,192
608,193
608,194
608,195
608,196
608,197
608,198
608,199
608,200
608,201
608,202
608,203
608,204
608,205
608,206
608,207
608,208
780,136
780,137
780,138
780,139
780,140
780,141
780,142
780,143
780,144
780,145
780,146
780,147
780,148
780,149
780,150
780,151
780,152
780,153
780,154
780,155
780,156
780,157
780,158
780,159
780,160
780,161
780,162
780,163
780,164
780,165
780,166
780,167
780,168
780,169
780,170
780,171
780,172
780,173
780,174
780,175
780,176
780,177
780,178
780,179
780,180
780,181
780,182
780,183
780,184
780,185
780,186
780,187
780,188
780,189
780,190
780,191
780,192
780,193
780,194
780,195
780,196
780,197
780,198
780,199
780,200
780,201
780,202
780,203
780,204
780,205
780,206
780,207
780,208
780,209
780,210
780,211
780,212
780,213
780,214
780,215
780,216
780,217
780,218
780,219
780,220
780,221
780,222
780,223
780,224
780,225
780,226
780,227
780,228
780,229
780,230
780,231
780,232
780,233
780,234
780,235
780,236
780,237
780,238
780,239
780,240
780,241
780,242
780,243
780,244
780,245
780,246
780,247
780,248
780,249
780,250
780,251
780,252
780,253
780,254
780,255
780,256
780,257
780,258
780,259
780,260
780,261
780,262
780,263
923,168
923,169
923,170
923,171
923,172
923,173
923,174
923,175
923,176
923,177
923,178
923,179
923,180
923,181
923,182
923,183
923,184
923,185
923,186
923,187
923,188
923,189
923,190
923,191
923,192
923,193
923,194
923,195
923,196
923,197
923,198
923,199
923,200
923,201
923,202
923,203
923,204
923,205
923,206
923,207
923,208
923,209
923,210
923,211
923,212
923,213
923,214
923,215
923,216
923,217
923,218
923,219
923,220
923,221
923,222
923,223
923,224
923,225
923,226
923,227
923,228
923,229
923,230
923,231
923,232
923,233
923,234
923,235
923,236
923,237
923,238
923,239
923,240
923,241
923,242
923,243
923,244
923,245
923,246
923,247
923,248
923,249
923,250
923,251
923,252
923,253
923,254
923,255
923,256
923,257
923,258
923,259
923,260
923,261
923,262
923,263
923,264
923,265
923,266
923,267
923,268
923,269
923,270
923,271
923,272
923,273
923,274
923,275
923,276
923,277
923,278
923,279
923,280
923,281
923,282
923,283
923,284
923,285
923,286
923,287
923,288
923,289
923,290
923,291
923,292
923,293
923,294
923,295
319,99
319,100
319,101
319,102
319,103
319,104
319,105
319,106
319,107
319,108
319,109
319,110
319,111
319,112
319,113
319,114
319,115
319,116
319,117
319,118
319,119
319,120
319,121
319,122
319,123
319,124
319,125
319,126
319,127
319,128
319,129
319,130
319,131
319,132
319,133
319,134
319,135
319,136
319,137
319,138
319,139
319,140
319,141
319,142
319,143
319,144
319,145
319,146
319,147
319,148
319,149
319,150
319,151
319,152
319,153
319,154
319,155
319,156
319,157
319,158
319,159
319,160
319,161
319,162
319,163
319,164
319,165
319,166
319,167
319,168
319,169
319,170
319,171
319,172
319,173
319,174
319,175
319,176
319,177
319,178
319,179
319,180
319,181
319,182
319,183
319,184
319,185
319,186
319,187
319,188
319,189
319,190
319,191
319,192
319,193
319,194
319,195
319,196
319,197
319,198
319,199
319,200
319,201
319,202
319,203
319,204
319,205
319,206
319,207
319,208
319,209
319,210
319,211
319,212
319,213
319,214
319,215
319,216
319,217
319,218
319,219
319,220
319,221
319,222
319,223
319,224
319,225
319,226
901,784
901,785
901,786
901,787
901,788
901,789
901,790
901,791
901,792
901,793
901,794
901,795
901,796
901,797
901,798
901,799
901,800
901,801
901,802
901,803
901,804
901,805
901,806
901,807
901,808
901,809
901,810
901,811
901,812
901,813
901,814
901,815
901,816
901,817
901,818
901,819
901,820
901,821
901,822
901,823
901,824
901,825
901,826
901,827
901,828
901,829
901,830
901,831
901,832
901,833
901,834
901,835
901,836
901,837
901,838
901,839
901,840
901,841
901,842
901,843
901,844
901,845
901,846
901,847
901,848
901,849
901,850
901,851
901,852
901,853
901,854
901,855
901,856
901,857
901,858
901,859
901,860
901,861
901,862
901,863
901,864
901,865
901,866
901,867
901,868
901,869
901,870
901,871
901,872
901,873
901,874
901,875
901,876
901,877
901,878
901,879
901,880
901,881
901,882
901,883
901,884
901,885
901,886
901,887
901,888
901,889
901,890
901,891
901,892
901,893
901,894
901,895
901,896
901,897
901,898
901,899
901,900
901,901
901,902
901,903
901,904
901,905
901,906
901,907
901,908
901,909
901,910
901,911
392,150
392,151
392,152
392,153
392,154
392,155
392,156
392,157
392,158
392,159
392,160
392,161
392,162
392,163
392,164
392,165
392,166
392,167
392,168
392,169
392,170
392,171
392,172
392,173
392,174
392,175
392,176
392,177
392,178
392,179
392,180
392,181
392,182
392,183
392,184
392,185
392,186
392,187
392,188
392,189
392,190
392,191
392,192
392,193
392,194
392,195
392,196
392,197
392,198
392,199
392,200
392,201
392,202
392,203
392,204
392,205
392,206
392,207
392,208
392,209
392,210
392,211
392,212
392,213
392,214
392,215
392,216
392,217
392,218
392,219
392,220
392,221
392,222
392,223
392,224
392,225
392,226
392,227
392,228
392,229
392,230
392,231
392,232
392,233
392,234
392,235
392,236
392,237
392,238
392,239
392,240
392,241
392,242
392,243
392,244
392,245
392,246
392,247
392,248
392,249
392,250
392,251
392,252
392,253
392,254
392,255
392,256
392,257
392,258
392,259
392,260
392,261
392,262
392,263
392,264
392,265
392,266
392,267
392,268
392,269
392,270
392,271
392,272
392,273
392,274
392,275
392,276
392,277
418,150
418,151
418,152
418,153
418,154
418,155
418,156
418,157
418,158
418,159
418,160
418,161
418,162
418,163
418,164
418,165
418,166
418,167
418,168
418,169
418,170
418,171
418,172
418,173
418,174
418,175
418,176
418,177
418,178
418,179
418,180
418,181
418,182
418,183
418,184
418,185
418,186
418,187
418,188
418,189
418,190
418,191
418,192
418,193
418,194
418,195
418,196
418,197
418,198
418,199
418,200
418,201
418,202
418,203
418,204
418,205
418,206
418,207
418,208
418,209
418,210
418,211
418,212
418,213
418,214
418,215
418,216
418,217
418,218
418,219
418,220
418,221
418,222
418,223
418,224
418,225
418,226
418,227
418,228
418,229
418,230
418,231
418,232
418,233
418,234
418,235
418,236
418,237
418,238
418,239
418,240
418,241
418,242
418,243
418,244
418,245
418,246
418,247
418,248
418,249
418,250
418,251
418,252
418,253
418,254
418,255
418,256
418,257
418,258
418,259
418,260
418,261
418,262
418,263
418,264
418,265
418,266
418,267
418,268
418,269
418,270
418,271
418,272
418,273
418,274
418,275
418,276
418,277
729,12
729,13
729,14
729,15
729,16
729,17
729,18
729,19
729,20
729,21
729,22
729,23
729,24
729,25
729,26
729,27
729,28
729,29
729,30
729,31
729,32
729,33
729,34
729,35
729,36
729,37
729,38
729,39
729,40
729,41
729,42
729,43
729,44
729,45
729,46
729,47
729,48
729,49
729,50
729,51
729,52
729,53
729,54
729,55
729,56
729,57
729,58
729,59
729,60
729,61
729,62
729,63
729,64
729,65
729,66
729,67
729,68
729,69
729,70
729,71
729,72
729,73
729,74
729,75
729,76
729,77
729,78
729,79
729,80
729,81
729,82
729,83
729,84
729,85
729,86
729,87
729,88
729,89
729,90
729,91
729,92
729,93
729,94
729,95
729,96
729,97
729,98
729,99
729,100
729,101
729,102
729,103
729,104
729,105
729,106
729,107
729,108
729,109
729,110
729,111
729,112
729,113
729,114
729,115
729,116
729,117
729,118
729,119
729,120
729,121
729,122
729,123
729,124
729,125
729,126
729,127
729,128
729,129
729,130
729,131
729,132
729,133
729,134
729,135
729,136
729,137
729,138
729,139
630,880
630,881
630,882
630,883
630,884
630,885
630,886
630,887
630,888
630,889
630,890
630,891
630,892
630,893
630,894
630,895
630,896
630,897
630,898
630,899
630,900
630,901
630,902
630,903
630,904
630,905
630,906
630,907
630,908
630,909
630,910
630,911
630,912
630,913
630,914
630,915
630,916
630,917
630,918
630,919
630,920
630,921
630,922
630,923
630,924
630,925
630,926
630,927
630,928
630,929
630,930
630,931
630,932
630,933
630,934
630,935
630,936
630,937
630,938
630,939
630,940
630,941
630,942
630,943
630,944
630,945
630,946
630,947
630,948
630,949
630,950
630,951
630,952
630,953
630,954
630,955
630,956
630,957
630,958
630,959
630,960
630,961
630,962
630,963
630,964
630,965
630,966
630,967
630,968
630,969
630,970
630,971
630,972
630,973
630,974
630,975
630,976
630,977
630,978
630,979
630,980
630,981
630,982
630,983
630,984
630,985
630,986
630,987
630,988
630,989
630,990
630,991
630,992
630,993
630,994
630,995
630,996
630,997
630,998
630,999
630,1000
630,1001
630,1002
630,1003
630,1004
630,1005
630,1006
630,1007
983,836
983,837
983,838
983,839
983,840
983,841
983,842
983,843
983,844
983,845
983,846
983,847
983,848
983,849
983,850
983,851
983,852
983,853
983,854
983,855
983,856
983,857
983,858
983,859
983,860
983,861
983,862
983,863
983,864
983,865
983,866
983,867
983,868
983,869
983,870
983,871
983,872
983,873
983,874
983,875
983,876
983,877
983,878
983,879
983,880
983,881
983,882
983,883
983,884
983,885
983,886
983,887
983,888
983,889
983,890
983,891
983,892
983,893
983,894
983,895
983,896
983,897
983,898
983,899
983,900
983,901
983,902
983,903
983,904
983,905
983,906
983,907
983,908
983,909
983,910
983,911
983,912
983,913
983,914
983,915
983,916
983,917
983,918
983,919
983,920
983,921
983,922
983,923
983,924
983,925
983,926
983,927
983,928
983,929
983,930
983,931
983,932
983,933
983,934
983,935
983,936
983,937
983,938
983,939
983,940
983,941
983,942
983,943
983,944
983,945
983,946
983,947
983,948
983,949
983,950
983,951
983,952
983,953
983,954
983,955
983,956
983,957
983,958
983,959
983,960
983,961
983,962
983,963
22,281
22,282
22,283
22,284
22,285
22,286
22,287
22,288
22,289
22,290
22,291
22,292
22,293
22,294
22,295
22,296
22,297
22,298
22,299
22,300
22,301
22,302
22,303
22,304
22,305
22,306
22,307
22,308
22,309
22,310
22,311
22,312
22,313
22,314
22,315
22,316
22,317
22,318
22,319
22,320
22,321
22,322
22,323
22,324
22,325
22,326
22,327
22,328
22,329
22,330
22,331
22,332
22,333
22,334
22,335
22,336
22,337
22,338
22,339
22,340
22,341
22,342
22,343
22,344
22,345
22,346
22,347
22,348
22,349
22,350
22,351
22,352
22,353
22,354
22,355
22,356
22,357
22,358
22,359
22,360
22,361
22,362
22,363
22,364
22,365
22,366
22,367
22,368
22,369
22,370
22,371
22,372
22,373
22,374
22,375
22,376
22,377
22,378
22,379
22,380
22,381
22,382
22,383
22,384
22,385
22,386
22,387
22,388
22,389
22,390
22,391
22,392
22,393
22,394
22,395
22,396
22,397
22,398
22,399
22,400
22,401
22,402
22,403
22,404
22,405
22,406
22,407
22,408
30,118
30,119
30,120
30,121
30,122
30,123
30,124
30,125
30,126
30,127
30,128
30,129
30,130
30,131
30,132
30,133
30,134
30,135
30,136
30,137
30,138
30,139
30,140
30,141
30,142
30,143
30,144
30,145
30,146
30,147
30,148
30,149
30,150
30,151
30,152
30,153
30,154
30,155
30,156
30,157
30,158
30,159
30,160
30,161
30,162
30,163
30,164
30,165
30,166
30,167
30,168
30,169
30,170
30,171
30,172
30,173
30,174
30,175
30,176
30,177
30,178
30,179
30,180
30,181
30,182
30,183
30,184
30,185
30,186
30,187
30,188
30,189
30,190
30,191
30,192
30,193
30,194
30,195
30,196
30,197
30,198
30,199
30,200
30,201
30,202
30,203
30,204
30,205
30,206
30,207
30,208
30,209
30,210
30,211
30,212
30,213
30,214
30,215
30,216
30,217
30,218
30,219
30,220
30,221
30,222
30,223
30,224
30,225
30,226
30,227
30,228
30,229
30,230
30,231
30,232
30,233
30,234
30,235
30,236
30,237
30,238
30,239
30,240
30,241
30,242
30,243
30,244
30,245
793,654
793,655
793,656
793,657
793,658
793,659
793,660
793,661
793,662
793,663
793,664
793,665
793,666
793,667
793,668
793,669
793,670
793,671
793,672
793,673
793,674
793,675
793,676
793,677
793,678
793,679
793,680
793,681
793,682
793,683
793,684
793,685
793,686
793,687
793,688
793,689
793,690
793,691
793,692
793,693
793,694
793,695
793,696
793,697
793,698
793,699
793,700
793,701
793,702
793,703
793,704
793,705
793,706
793,707
793,708
793,709
793,710
793,711
793,712
793,713
793,714
793,715
793,716
793,717
793,718
793,719
793,720
793,721
793,722
793,723
793,724
793,725
793,726
793,727
793,728
793,729
793,730
793,731
793,732
793,733
793,734
793,735
793,736
793,737
793,738
793,739
793,740
793,741
793,742
793,743
793,744
793,745
793,746
793,747
793,748
793,749
793,750
793,751
793,752
793,753
793,754
793,755
793,756
793,757
793,758
793,759
793,760
793,761
793,762
793,763
793,764
793,765
793,766
793,767
793,768
793,769
793,770
793,771
793,772
793,773
793,774
793,775
793,776
793,777
793,778
793,779
793,780
793,781
1,87
1,88
1,89
1,90
1,91
1,92
1,93
1,94
1,95
1,96
1,97
1,98
1,99
1,100
1,101
1,102
1,103
1,104
1,105
1,106
1,107
1,108
1,109
1,110
1,111
1,112
1,113
1,114
1,115
1,116
1,117
1,118
1,119
1,120
1,121
1,122
1,123
1,124
1,125
1,126
1,127
1,128
1,129
1,130
1,131
1,132
1,133
1,134
1,135
1,136
1,137
1,138
1,139
1,140
1,141
1,142
1,143
1,144
1,145
1,146
1,147
1,148
1,149
1,150
1,151
1,152
1,153
1,154
1,155
1,156
1,157
1,158
1,159
1,160
1,161
1,162
1,163
1,164
1,165
1,166
1,167
1,168
1,169
1,170
1,171
1,172
1,173
1,174
1,175
1,176
1,177
1,178
1,179
1,180
1,181
1,182
1,183
1,184
1,185
1,186
1,187
1,188
1,189
1,190
1,191
1,192
1,193
1,194
1,195
1,196
1,197
1,198
1,199
1,200
1,201
1,202
1,203
1,204
1,205
1,206
1,207
1,208
1,209
1,210
1,211
1,212
1,213
1,214
841,73
841,74
841,75
841,76
841,77
841,78
841,79
841,80
841,81
841,82
841,83
841,84
841,85
841,86
841,87
841,88
841,89
841,90
841,91
841,92
841,93
841,94
841,95
841,96
841,97
841,98
841,99
841,100
841,101
841,102
841,103
841,104
841,105
841,106
841,107
841,108
841,109
841,110
841,111
841,112
841,113
841,114
841,115
841,116
841,117
841,118
841,119
841,120
841,121
841,122
841,123
841,124
841,125
841,126
841,127
841,128
841,129
841,130
841,131
841,132
841,133
841,134
841,135
841,136
841,137
841,138
841,139
841,140
841,141
841,142
841,143
841,144
841,145
841,146
841,147
841,148
841,149
841,150
841,151
841,152
841,153
841,154
841,155
841,156
841,157
841,158
841,159
841,160
841,161
841,162
841,163
841,164
841,165
841,166
841,167
841,168
841,169
841,170
841,171
841,172
841,173
841,174
841,175
841,176
841,177
841,178
841,179
841,180
841,181
841,182
841,183
841,184
841,185
841,186
841,187
841,188
841,189
841,190
841,191
841,192
841,193
841,194
841,195
841,196
841,197
841,198
841,199
841,200
453,237
453,238
453,239
453,240
453,241
453,242
453,243
453,244
453,245
453,246
453,247
453,248
453,249
453,250
453,251
453,252
453,253
453,254
453,255
453,256
453,257
453,258
453,259
453,260
453,261
453,262
453,263
453,264
453,265
453,266
453,267
453,268
453,269
453,270
453,271
453,272
453,273
453,274
453,275
453,276
453,277
453,278
453,279
453,280
453,281
453,282
453,283
453,284
453,285
453,286
453,287
453,288
453,289
453,290
453,291
453,292
453,293
453,294
453,295
453,296
453,297
453,298
453,299
453,300
453,301
453,302
453,303
453,304
453,305
453,306
453,307
453,308
453,309
453,310
453,311
453,312
453,313
453,314
453,315
453,316
453,317
453,318
453,319
453,320
453,321
453,322
453,323
453,324
453,325
453,326
453,327
453,328
453,329
453,330
453,331
453,332
453,333
453,334
453,335
453,336
453,337
453,338
453,339
453,340
453,341
453,342
453,343
453,344
453,345
453,346
453,347
453,348
453,349
453,350
453,351
453,352
453,353
453,354
453,355
453,356
453,357
453,358
453,359
453,360
453,361
453,362
453,363
453,364
485,738
485,739
485,740
485,741
485,742
485,743
485,744
485,745
485,746
485,747
485,748
485,749
485,750
485,751
485,752
485,753
485,754
485,755
485,756
485,757
485,758
485,759
485,760
485,761
485,762
485,763
485,764
485,765
485,766
485,767
485,768
485,769
485,770
485,771
485,772
485,773
485,774
485,775
485,776
485,777
485,778
485,779
485,780
485,781
485,782
485,783
485,784
485,785
485,786
485,787
485,788
485,789
485,790
485,791
485,792
485,793
485,794
485,795
485,796
485,797
485,798
485,799
485,800
485,801
485,802
485,803
485,804
485,805
485,806
485,807
485,808
485,809
485,810
485,811
485,812
485,813
485,814
485,815
485,816
485,817
485,818
485,819
485,820
485,821
485,822
485,823
485,824
485,825
485,826
485,827
485,828
485,829
485,830
485,831
485,832
485,833
485,834
485,835
485,836
485,837
485,838
485,839
485,840
485,841
485,842
485,843
485,844
485,845
485,846
485,847
485,848
485,849
485,850
485,851
485,852
485,853
485,854
485,855
485,856
485,857
485,858
485,859
485,860
485,861
485,862
485,863
485,864
485,865
548,759
548,760
548,761
548,762
548,763
548,764
548,765
548,766
548,767
548,768
548,769
548,770
548,771
548,772
548,773
548,774
548,775
548,776
548,777
548,778
548,779
548,780
548,781
548,782
548,783
548,784
548,785
548,786
548,787
548,788
548,789
548,790
548,791
548,792
548,793
548,794
548,795
548,796
548,797
548,798
548,799
548,800
548,801
548,802
548,803
548,804
548,805
548,806
548,807
548,808
548,809
548,810
548,811
548,812
548,813
548,814
548,815
548,816
548,817
548,818
548,819
548,820
548,821
548,822
548,823
548,824
548,825
548,826
548,827
548,828
548,829
548,830
548,831
548,832
548,833
548,834
548,835
548,836
548,837
548,838
548,839
548,840
548,841
548,842
548,843
548,844
548,845
548,846
548,847
548,848
548,849
548,850
548,851
548,852
548,853
548,854
548,855
548,856
548,857
548,858
548,859
548,860
548,861
548,862
548,863
548,864
548,865
548,866
548,867
548,868
548,869
548,870
548,871
548,872
548,873
548,874
548,875
548,876
548,877
548,878
548,879
548,880
548,881
548,882
548,883
548,884
548,885
548,886
307,114
307,115
307,116
307,117
307,118
307,119
307,120
307,121
307,122
307,123
307,124
307,125
307,126
307,127
307,128
307,129
307,130
307,131
307,132
307,133
307,134
307,135
307,136
307,137
307,138
307,139
307,140
307,141
307,142
307,143
307,144
307,145
307,146
307,147
307,148
307,149
307,150
307,151
307,152
307,153
307,154
307,155
307,156
307,157
307,158
307,159
307,160
307,161
307,162
307,163
307,164
307,165
307,166
307,167
307,168
307,169
307,170
307,171
307,172
307,173
307,174
307,175
307,176
307,177
307,178
307,179
307,180
307,181
307,182
307,183
307,184
307,185
307,186
307,187
307,188
307,189
307,190
307,191
307,192
307,193
307,194
307,195
307,196
307,197
307,198
307,199
307,200
307,201
307,202
307,203
307,204
307,205
307,206
307,207
307,208
307,209
307,210
307,211
307,212
307,213
307,214
307,215
307,216
307,217
307,218
307,219
307,220
307,221
307,222
307,223
307,224
307,225
307,226
307,227
307,228
307,229
307,230
307,231
307,232
307,233
307,234
307,235
307,236
307,237
307,238
307,239
307,240
307,241
893,278
893,279
893,280
893,281
893,282
893,283
893,284
893,285
893,286
893,287
893,288
893,289
893,290
893,291
893,292
893,293
893,294
893,295
893,296
893,297
893,298
893,299
893,300
893,301
893,302
893,303
893,304
893,305
893,306
893,307
893,308
893,309
893,310
893,311
893,312
893,313
893,314
893,315
893,316
893,317
893,318
893,319
893,320
893,321
893,322
893,323
893,324
893,325
893,326
893,327
893,328
893,329
893,330
893,331
893,332
893,333
893,334
893,335
893,336
893,337
893,338
893,339
893,340
893,341
893,342
893,343
893,344
893,345
893,346
893,347
893,348
893,349
893,350
893,351
893,352
893,353
893,354
893,355
893,356
893,357
893,358
893,359
893,360
893,361
893,362
893,363
893,364
893,365
893,366
893,367
893,368
893,369
893,370
893,371
893,372
893,373
893,374
893,375
893,376
893,377
893,378
893,379
893,380
893,381
893,382
893,383
893,384
893,385
893,386
893,387
893,388
893,389
893,390
893,391
893,392
893,393
893,394
893,395
893,396
893,397
893,398
893,399
893,400
893,401
893,402
893,403
893,404
893,405
873,708
873,709
873,710
873,711
873,712
873,713
873,714
873,715
873,716
873,717
873,718
873,719
873,720
873,721
873,722
873,723
873,724
873,725
873,726
873,727
873,728
873,729
873,730
873,731
873,732
873,733
873,734
873,735
873,736
873,737
873,738
873,739
873,740
873,741
873,742
873,743
873,744
873,745
873,746
873,747
873,748
873,749
873,750
873,751
873,752
873,753
873,754
873,755
873,756
873,757
873,758
873,759
873,760
873,761
873,762
873,763
873,764
873,765
873,766
873,767
873,768
873,769
873,770
873,771
873,772
873,773
873,774
873,775
873,776
873,777
873,778
873,779
873,780
873,781
873,782
873,783
873,784
873,785
873,786
873,787
873,788
873,789
873,790
873,791
873,792
873,793
873,794
873,795
873,796
873,797
873,798
873,799
873,800
873,801
873,802
873,803
873,804
873,805
873,806
873,807
873,808
873,809
873,810
873,811
873,812
873,813
873,814
873,815
873,816
873,817
873,818
873,819
873,820
873,821
873,822
873,823
873,824
873,825
873,826
873,827
873,828
873,829
873,830
873,831
873,832
873,833
873,834
873,835
627,29
627,30
627,31
627,32
627,33
627,34
627,35
627,36
627,37
627,38
627,39
627,40
627,41
627,42
627,43
627,44
627,45
627,46
627,47
627,48
627,49
627,50
627,51
627,52
627,53
627,54
627,55
627,56
627,57
627,58
627,59
627,60
627,61
627,62
627,63
627,64
627,65
627,66
627,67
627,68
627,69
627,70
627,71
627,72
627,73
627,74
627,75
627,76
627,77
627,78
627,79
627,80
627,81
627,82
627,83
627,84
627,85
627,86
627,87
627,88
627,89
627,90
627,91
627,92
627,93
627,94
627,95
627,96
627,97
627,98
627,99
627,100
627,101
627,102
627,103
627,104
627,105
627,106
627,107
627,108
627,109
627,110
627,111
627,112
627,113
627,114
627,115
627,116
627,117
627,118
627,119
627,120
627,121
627,122
627,123
627,124
627,125
627,126
627,127
627,128
627,129
627,130
627,131
627,132
627,133
627,134
627,135
627,136
627,137
627,138
627,139
627,140
627,141
627,142
627,143
627,144
627,145
627,146
627,147
627,148
627,149
627,150
627,151
627,152
627,153
627,154
627,155
627,156
1024,320
1024,321
1024,322
1024,323
1024,324
1024,325
1024,326
1024,327
1024,328
1024,329
1024,330
1024,331
1024,332
1024,333
1024,334
1024,335
1024,336
1024,337
1024,338
1024,339
1024,340
1024,341
1024,342
1024,343
1024,344
1024,345
1024,346
1024,347
1024,348
1024,349
1024,350
1024,351
1024,352
1024,353
1024,354
1024,355
1024,356
1024,357
1024,358
1024,359
1024,360
1024,361
1024,362
1024,363
1024,364
1024,365
1024,366
1024,367
1024,368
1024,369
1024,370
1024,371
1024,372
1024,373
1024,374
1024,375
1024,376
1024,377
1024,378
1024,379
1024,380
1024,381
1024,382
1024,383
1024,384
1024,385
1024,386
1024,387
1024,388
1024,389
1024,390
1024,391
1024,392
1024,393
1024,394
1024,395
1024,396
1024,397
1024,398
1024,399
1024,400
1024,401
1024,402
1024,403
1024,404
1024,405
1024,406
1024,407
1024,408
1024,409
1024,410
1024,411
1024,412
1024,413
1024,414
1024,415
1024,416
1024,417
1024,418
1024,419
1024,420
1024,421
1024,422
1024,423
1024,424
1024,425
1024,426
1024,427
1024,428
1024,429
1024,430
1024,431
1024,432
1024,433
1024,434
1024,435
1024,436
1024,437
1024,438
1024,439
1024,440
1024,441
1024,442
1024,443
1024,444
1024,445
1024,446
1024,447
251,888
251,889
251,890
251,891
251,892
251,893
251,894
251,895
251,896
251,897
251,898
251,899
251,900
251,901
251,902
251,903
251,904
251,905
251,906
251,907
251,908
251,909
251,910
251,911
251,912
251,913
251,914
251,915
251,916
251,917
251,918
251,919
251,920
251,921
251,922
251,923
251,924
251,925
251,926
251,927
251,928
251,929
251,930
251,931
251,932
251,933
251,934
251,935
251,936
251,937
251,938
251,939
251,940
251,941
251,942
251,943
251,944
251,945
251,946
251,947
251,948
251,949
251,950
251,951
251,952
251,953
251,954
251,955
251,956
251,957
251,958
251,959
251,960
251,961
251,962
251,963
251,964
251,965
251,966
251,967
251,968
251,969
251,970
251,971
251,972
251,973
251,974
251,975
251,976
251,977
251,978
251,979
251,980
251,981
251,982
251,983
251,984
251,985
251,986
251,987
251,988
251,989
251,990
251,991
251,992
251,993
251,994
251,995
251,996
251,997
251,998
251,999
251,1000
251,1001
251,1002
251,1003
251,1004
251,1005
251,1006
251,1007
251,1008
251,1009
251,1010
251,1011
251,1012
251,1013
251,1014
251,1015
731,616
731,617
731,618
731,619
731,620
731,621
731,622
731,623
731,624
731,625
731,626
731,627
731,628
731,629
731,630
731,631
731,632
731,633
731,634
731,635
731,636
731,637
731,638
731,639
731,640
731,641
731,642
731,643
731,644
731,645
731,646
731,647
731,648
731,649
731,650
731,651
731,652
731,653
731,654
731,655
731,656
731,657
731,658
731,659
731,660
731,661
731,662
731,663
731,664
731,665
731,666
731,667
731,668
731,669
731,670
731,671
731,672
731,673
731,674
731,675
731,676
731,677
731,678
731,679
731,680
731,681
731,682
731,683
731,684
731,685
731,686
731,687
731,688
731,689
731,690
731,691
731,692
731,693
731,694
731,695
731,696
731,697
731,698
731,699
731,700
731,701
731,702
731,703
731,704
731,705
731,706
731,707
731,708
731,709
731,710
731,711
731,712
731,713
731,714
731,715
731,716
731,717
731,718
731,719
731,720
731,721
731,722
731,723
731,724
731,725
731,726
731,727
731,728
731,729
731,730
731,731
731,732
731,733
731,734
731,735
731,736
731,737
731,738
731,739
731,740
731,741
731,742
731,743
207,804
207,805
207,806
207,807
207,808
207,809
207,810
207,811
207,812
207,813
207,814
207,815
207,816
207,817
207,818
207,819
207,820
207,821
207,822
207,823
207,824
207,825
207,826
207,827
207,828
207,829
207,830
207,831
207,832
207,833
207,834
207,835
207,836
207,837
207,838
207,839
207,840
207,841
207,842
207,843
207,844
207,845
207,846
207,847
207,848
207,849
207,850
207,851
207,852
207,853
207,854
207,855
207,856
207,857
207,858
207,859
207,860
207,861
207,862
207,863
207,864
207,865
207,866
207,867
207,868
207,869
207,870
207,871
207,872
207,873
207,874
207,875
207,876
207,877
207,878
207,879
207,880
207,881
207,882
207,883
207,884
207,885
207,886
207,887
207,888
207,889
207,890
207,891
207,892
207,893
207,894
207,895
207,896
207,897
207,898
207,899
207,900
207,901
207,902
207,903
207,904
207,905
207,906
207,907
207,908
207,909
207,910
207,911
207,912
207,913
207,914
207,915
207,916
207,917
207,918
207,919
207,920
207,921
207,922
207,923
207,924
207,925
207,926
207,927
207,928
207,929
207,930
207,931
149,568
149,569
149,570
149,571
149,572
149,573
149,574
149,575
149,576
149,577
149,578
149,579
149,580
149,581
149,582
149,583
149,584
149,585
149,586
149,587
149,588
149,589
149,590
149,591
149,592
149,593
149,594
149,595
149,596
149,597
149,598
149,599
149,600
149,601
149,602
149,603
149,604
149,605
149,606
149,607
149,608
149,609
149,610
149,611
149,612
149,613
149,614
149,615
149,616
149,617
149,618
149,619
149,620
149,621
149,622
149,623
149,624
149,625
149,626
149,627
149,628
149,629
149,630
149,631
149,632
149,633
149,634
149,635
149,636
149,637
149,638
149,639
149,640
149,641
149,642
149,643
149,644
149,645
149,646
149,647
149,648
149,649
149,650
149,651
149,652
149,653
149,654
149,655
149,656
149,657
149,658
149,659
149,660
149,661
149,662
149,663
149,664
149,665
149,666
149,667
149,668
149,669
149,670
149,671
149,672
149,673
149,674
149,675
149,676
149,677
149,678
149,679
149,680
149,681
149,682
149,683
149,684
149,685
149,686
149,687
149,688
149,689
149,690
149,691
149,692
149,693
149,694
149,695
927,726
927,727
927,728
927,729
927,730
927,731
927,732
927,733
927,734
927,735
927,736
927,737
927,738
927,739
927,740
927,741
927,742
927,743
927,744
927,745
927,746
927,747
927,748
927,749
927,750
927,751
927,752
927,753
927,754
927,755
927,756
927,757
927,758
927,759
927,760
927,761
927,762
927,763
927,764
927,765
927,766
927,767
927,768
927,769
927,770
927,771
927,772
927,773
927,774
927,775
927,776
927,777
927,778
927,779
927,780
927,781
927,782
927,783
927,784
927,785
927,786
927,787
927,788
927,789
927,790
927,791
927,792
927,793
927,794
927,795
927,796
927,797
927,798
927,799
927,800
927,801
927,802
927,803
927,804
927,805
927,806
927,807
927,808
927,809
927,810
927,811
927,812
927,813
927,814
927,815
927,816
927,817
927,818
927,819
927,820
927,821
927,822
927,823
927,824
927,825
927,826
927,827
927,828
927,829
927,830
927,831
927,832
927,833
927,834
927,835
927,836
927,837
927,838
927,839
927,840
927,841
927,842
927,843
927,844
927,845
927,846
927,847
927,848
927,849
927,850
927,851
927,852
927,853
514,700
514,701
514,702
514,703
514,704
514,705
514,706
514,707
514,708
514,709
514,710
514,711
514,712
514,713
514,714
514,715
514,716
514,717
514,718
514,719
514,720
514,721
514,722
514,723
514,724
514,725
514,726
514,727
514,728
514,729
514,730
514,731
514,732
514,733
514,734
514,735
514,736
514,737
514,738
514,739
514,740
514,741
514,742
514,743
514,744
514,745
514,746
514,747
514,748
514,749
514,750
514,751
514,752
514,753
514,754
514,755
514,756
514,757
514,758
514,759
514,760
514,761
514,762
514,763
514,764
514,765
514,766
514,767
514,768
514,769
514,770
514,771
514,772
514,773
514,774
514,775
514,776
514,777
514,778
514,779
514,780
514,781
514,782
514,783
514,784
514,785
514,786
514,787
514,788
514,789
514,790
514,791
514,792
514,793
514,794
514,795
514,796
514,797
514,798
514,799
514,800
514,801
514,802
514,803
514,804
514,805
514,806
514,807
514,808
514,809
514,810
514,811
514,812
514,813
514,814
514,815
514,816
514,817
514,818
514,819
514,820
514,821
514,822
514,823
514,824
514,825
514,826
514,827
648,48
648,49
648,50
648,51
648,52
648,53
648,54
648,55
648,56
648,57
648,58
648,59
648,60
648,61
648,62
648,63
648,64
648,65
648,66
648,67
648,68
648,69
648,70
648,71
648,72
648,73
648,74
648,75
648,76
648,77
648,78
648,79
648,80
648,81
648,82
648,83
648,84
648,85
648,86
648,87
648,88
648,89
648,90
648,91
648,92
648,93
648,94
648,95
648,96
648,97
648,98
648,99
648,100
648,101
648,102
648,103
648,104
648,105
648,106
648,107
648,108
648,109
648,110
648,111
648,112
648,113
648,114
648,115
648,116
648,117
648,118
648,119
648,120
648,121
648,122
648,123
648,124
648,125
648,126
648,127
648,128
648,129
648,130
648,131
648,132
648,133
648,134
648,135
648,136
648,137
648,138
648,139
648,140
648,141
648,142
648,143
648,144
648,145
648,146
648,147
648,148
648,149
648,150
648,151
648,152
648,153
648,154
648,155
648,156
648,157
648,158
648,159
648,160
648,161
648,162
648,163
648,164
648,165
648,166
648,167
648,168
648,169
648,170
648,171
648,172
648,173
648,174
648,175
776,496
776,497
776,498
776,499
776,500
776,501
776,502
776,503
776,504
776,505
776,506
776,507
776,508
776,509
776,510
776,511
776,512
776,513
776,514
776,515
776,516
776,517
776,518
776,519
776,520
776,521
776,522
776,523
776,524
776,525
776,526
776,527
776,528
776,529
776,530
776,531
776,532
776,533
776,534
776,535
776,536
776,537
776,538
776,539
776,540
776,541
776,542
776,543
776,544
776,545
776,546
776,547
776,548
776,549
776,550
776,551
776,552
776,553
776,554
776,555
776,556
776,557
776,558
776,559
776,560
776,561
776,562
776,563
776,564
776,565
776,566
776,567
776,568
776,569
776,570
776,571
776,572
776,573
776,574
776,575
776,576
776,577
776,578
776,579
776,580
776,581
776,582
776,583
776,584
776,585
776,586
776,587
776,588
776,589
776,590
776,591
776,592
776,593
776,594
776,595
776,596
776,597
776,598
776,599
776,600
776,601
776,602
776,603
776,604
776,605
776,606
776,607
776,608
776,609
776,610
776,611
776,612
776,613
776,614
776,615
776,616
776,617
776,618
776,619
776,620
776,621
776,622
776,623
717,520
717,521
717,522
717,523
717,524
717,525
717,526
717,527
717,528
717,529
717,530
717,531
717,532
717,533
717,534
717,535
717,536
717,537
717,538
717,539
717,540
717,541
717,542
717,543
717,544
717,545
717,546
717,547
717,548
717,549
717,550
717,551
717,552
717,553
717,554
717,555
717,556
717,557
717,558
717,559
717,560
717,561
717,562
717,563
717,564
717,565
717,566
717,567
717,568
717,569
717,570
717,571
717,572
717,573
717,574
717,575
717,576
717,577
717,578
717,579
717,580
717,581
717,582
717,583
717,584
717,585
717,586
717,587
717,588
717,589
717,590
717,591
717,592
717,593
717,594
717,595
717,596
717,597
717,598
717,599
717,600
717,601
717,602
717,603
717,604
717,605
717,606
717,607
717,608
717,609
717,610
717,611
717,612
717,613
717,614
717,615
717,616
717,617
717,618
717,619
717,620
717,621
717,622
717,623
717,624
717,625
717,626
717,627
717,628
717,629
717,630
717,631
717,632
717,633
717,634
717,635
717,636
717,637
717,638
717,639
717,640
717,641
717,642
717,643
717,644
717,645
717,646
717,647
331,116
331,117
331,118
331,119
331,120
331,121
331,122
331,123
331,124
331,125
331,126
331,127
331,128
331,129
331,130
331,131
331,132
331,133
331,134
331,135
331,136
331,137
331,138
331,139
331,140
331,141
331,142
331,143
331,144
331,145
331,146
331,147
331,148
331,149
331,150
331,151
331,152
331,153
331,154
331,155
331,156
331,157
331,158
331,159
331,160
331,161
331,162
331,163
331,164
331,165
331,166
331,167
331,168
331,169
331,170
331,171
331,172
331,173
331,174
331,175
331,176
331,177
331,178
331,179
331,180
331,181
331,182
331,183
331,184
331,185
331,186
331,187
331,188
331,189
331,190
331,191
331,192
331,193
331,194
331,195
331,196
331,197
331,198
331,199
331,200
331,201
331,202
331,203
331,204
331,205
331,206
331,207
331,208
331,209
331,210
331,211
331,212
331,213
331,214
331,215
331,216
331,217
331,218
331,219
331,220
331,221
331,222
331,223
331,224
331,225
331,226
331,227
331,228
331,229
331,230
331,231
331,232
331,233
331,234
331,235
331,236
331,237
331,238
331,239
331,240
331,241
331,242
331,243
25,265
25,266
25,267
25,268
25,269
25,270
25,271
25,272
25,273
25,274
25,275
25,276
25,277
25,278
25,279
25,280
25,281
25,282
25,283
25,284
25,285
25,286
25,287
25,288
25,289
25,290
25,291
25,292
25,293
25,294
25,295
25,296
25,297
25,298
25,299
25,300
25,301
25,302
25,303
25,304
25,305
25,306
25,307
25,308
25,309
25,310
25,311
25,312
25,313
25,314
25,315
25,316
25,317
25,318
25,319
25,320
25,321
25,322
25,323
25,324
25,325
25,326
25,327
25,328
25,329
25,330
25,331
25,332
25,333
25,334
25,335
25,336
25,337
25,338
25,339
25,340
25,341
25,342
25,343
25,344
25,345
25,346
25,347
25,348
25,349
25,350
25,351
25,352
25,353
25,354
25,355
25,356
25,357
25,358
25,359
25,360
25,361
25,362
25,363
25,364
25,365
25,366
25,367
25,368
25,369
25,370
25,371
25,372
25,373
25,374
25,375
25,376
25,377
25,378
25,379
25,380
25,381
25,382
25,383
25,384
25,385
25,386
25,387
25,388
25,389
25,390
25,391
25,392
819,163
819,164
819,165
819,166
819,167
819,168
819,169
819,170
819,171
819,172
819,173
819,174
819,175
819,176
819,177
819,178
819,179
819,180
819,181
819,182
819,183
819,184
819,185
819,186
819,187
819,188
819,189
819,190
819,191
819,192
819,193
819,194
819,195
819,196
819,197
819,198
819,199
819,200
819,201
819,202
819,203
819,204
819,205
819,206
819,207
819,208
819,209
819,210
819,211
819,212
819,213
819,214
819,215
819,216
819,217
819,218
819,219
819,220
819,221
819,222
819,223
819,224
819,225
819,226
819,227
819,228
819,229
819,230
819,231
819,232
819,233
819,234
819,235
819,236
819,237
819,238
819,239
819,240
819,241
819,242
819,243
819,244
819,245
819,246
819,247
819,248
819,249
819,250
819,251
819,252
819,253
819,254
819,255
819,256
819,257
819,258
819,259
819,260
819,261
819,262
819,263
819,264
819,265
819,266
819,267
819,268
819,269
819,270
819,271
819,272
819,273
819,274
819,275
819,276
819,277
819,278
819,279
819,280
819,281
819,282
819,283
819,284
819,285
819,286
819,287
819,288
819,289
819,290
183,422
183,423
183,424
183,425
183,426
183,427
183,428
183,429
183,430
183,431
183,432
183,433
183,434
183,435
183,436
183,437
183,438
183,439
183,440
183,441
183,442
183,443
183,444
183,445
183,446
183,447
183,448
183,449
183,450
183,451
183,452
183,453
183,454
183,455
183,456
183,457
183,458
183,459
183,460
183,461
183,462
183,463
183,464
183,465
183,466
183,467
183,468
183,469
183,470
183,471
183,472
183,473
183,474
183,475
183,476
183,477
183,478
183,479
183,480
183,481
183,482
183,483
183,484
183,485
183,486
183,487
183,488
183,489
183,490
183,491
183,492
183,493
183,494
183,495
183,496
183,497
183,498
183,499
183,500
183,501
183,502
183,503
183,504
183,505
183,506
183,507
183,508
183,509
183,510
183,511
183,512
183,513
183,514
183,515
183,516
183,517
183,518
183,519
183,520
183,521
183,522
183,523
183,524
183,525
183,526
183,527
183,528
183,529
183,530
183,531
183,532
183,533
183,534
183,535
183,536
183,537
183,538
183,539
183,540
183,541
183,542
183,543
183,544
183,545
183,546
183,547
183,548
183,549
954,190
954,191
954,192
954,193
954,194
954,195
954,196
954,197
954,198
954,199
954,200
954,201
954,202
954,203
954,204
954,205
954,206
954,207
954,208
954,209
954,210
954,211
954,212
954,213
954,214
954,215
954,216
954,217
954,218
954,219
954,220
954,221
954,222
954,223
954,224
954,225
954,226
954,227
954,228
954,229
954,230
954,231
954,232
954,233
954,234
954,235
954,236
954,237
954,238
954,239
954,240
954,241
954,242
954,243
954,244
954,245
954,246
954,247
954,248
954,249
954,250
954,251
954,252
954,253
954,254
954,255
954,256
954,257
954,258
954,259
954,260
954,261
954,262
954,263
954,264
954,265
954,266
954,267
954,268
954,269
954,270
954,271
954,272
954,273
954,274
954,275
954,276
954,277
954,278
954,279
954,280
954,281
954,282
954,283
954,284
954,285
954,286
954,287
954,288
954,289
954,290
954,291
954,292
954,293
954,294
954,295
954,296
954,297
954,298
954,299
954,300
954,301
954,302
954,303
954,304
954,305
954,306
954,307
954,308
954,309
954,310
954,311
954,312
954,313
954,314
954,315
954,316
954,317
59,797
59,798
59,799
59,800
59,801
59,802
59,803
59,804
59,805
59,806
59,807
59,808
59,809
59,810
59,811
59,812
59,813
59,814
59,815
59,816
59,817
59,818
59,819
59,820
59,821
59,822
59,823
59,824
59,825
59,826
59,827
59,828
59,829
59,830
59,831
59,832
59,833
59,834
59,835
59,836
59,837
59,838
59,839
59,840
59,841
59,842
59,843
59,844
59,845
59,846
59,847
59,848
59,849
59,850
59,851
59,852
59,853
59,854
59,855
59,856
59,857
59,858
59,859
59,860
59,861
59,862
59,863
59,864
59,865
59,866
59,867
59,868
59,869
59,870
59,871
59,872
59,873
59,874
59,875
59,876
59,877
59,878
59,879
59,880
59,881
59,882
59,883
59,884
59,885
59,886
59,887
59,888
59,889
59,890
59,891
59,892
59,893
59,894
59,895
59,896
59,897
59,898
59,899
59,900
59,901
59,902
59,903
59,904
59,905
59,906
59,907
59,908
59,909
59,910
59,911
59,912
59,913
59,914
59,915
59,916
59,917
59,918
59,919
59,920
59,921
59,922
59,923
59,924
56,818
56,819
56,820
56,821
56,822
56,823
56,824
56,825
56,826
56,827
56,828
56,829
56,830
56,831
56,832
56,833
56,834
56,835
56,836
56,837
56,838
56,839
56,840
56,841
56,842
56,843
56,844
56,845
56,846
56,847
56,848
56,849
56,850
56,851
56,852
56,853
56,854
56,855
56,856
56,857
56,858
56,859
56,860
56,861
56,862
56,863
56,864
56,865
56,866
56,867
56,868
56,869
56,870
56,871
56,872
56,873
56,874
56,875
56,876
56,877
56,878
56,879
56,880
56,881
56,882
56,883
56,884
56,885
56,886
56,887
56,888
56,889
56,890
56,891
56,892
56,893
56,894
56,895
56,896
56,897
56,898
56,899
56,900
56,901
56,902
56,903
56,904
56,905
56,906
56,907
56,908
56,909
56,910
56,911
56,912
56,913
56,914
56,915
56,916
56,917
56,918
56,919
56,920
56,921
56,922
56,923
56,924
56,925
56,926
56,927
56,928
56,929
56,930
56,931
56,932
56,933
56,934
56,935
56,936
56,937
56,938
56,939
56,940
56,941
56,942
56,943
56,944
56,945
583,121
583,122
583,123
583,124
583,125
583,126
583,127
583,128
583,129
583,130
583,131
583,132
583,133
583,134
583,135
583,136
583,137
583,138
583,139
583,140
583,141
583,142
583,143
583,144
583,145
583,146
583,147
583,148
583,149
583,150
583,151
583,152
583,153
583,154
583,155
583,156
583,157
583,158
583,159
583,160
583,161
583,162
583,163
583,164
583,165
583,166
583,167
583,168
583,169
583,170
583,171
583,172
583,173
583,174
583,175
583,176
583,177
583,178
583,179
583,180
583,181
583,182
583,183
583,184
583,185
583,186
583,187
583,188
583,189
583,190
583,191
583,192
583,193
583,194
583,195
583,196
583,197
583,198
583,199
583,200
583,201
583,202
583,203
583,204
583,205
583,206
583,207
583,208
583,209
583,210
583,211
583,212
583,213
583,214
583,215
583,216
583,217
583,218
583,219
583,220
583,221
583,222
583,223
583,224
583,225
583,226
583,227
583,228
583,229
583,230
583,231
583,232
583,233
583,234
583,235
583,236
583,237
583,238
583,239
583,240
583,241
583,242
583,243
583,244
583,245
583,246
583,247
583,248
538,787
538,788
538,789
538,790
538,791
538,792
538,793
538,794
538,795
538,796
538,797
538,798
538,799
538,800
538,801
538,802
538,803
538,804
538,805
538,806
538,807
538,808
538,809
538,810
538,811
538,812
538,813
538,814
538,815
538,816
538,817
538,818
538,819
538,820
538,821
538,822
538,823
538,824
538,825
538,826
538,827
538,828
538,829
538,830
538,831
538,832
538,833
538,834
538,835
538,836
538,837
538,838
538,839
538,840
538,841
538,842
538,843
538,844
538,845
538,846
538,847
538,848
538,849
538,850
538,851
538,852
538,853
538,854
538,855
538,856
538,857
538,858
538,859
538,860
538,861
538,862
538,863
538,864
538,865
538,866
538,867
538,868
538,869
538,870
538,871
538,872
538,873
538,874
538,875
538,876
538,877
538,878
538,879
538,880
538,881
538,882
538,883
538,884
538,885
538,886
538,887
538,888
538,889
538,890
538,891
538,892
538,893
538,894
538,895
538,896
538,897
538,898
538,899
538,900
538,901
538,902
538,903
538,904
538,905
538,906
538,907
538,908
538,909
538,910
538,911
538,912
538,913
538,914
631,514
631,515
631,516
631,517
631,518
631,519
631,520
631,521
631,522
631,523
631,524
631,525
631,526
631,527
631,528
631,529
631,530
631,531
631,532
631,533
631,534
631,535
631,536
631,537
631,538
631,539
631,540
631,541
631,542
631,543
631,544
631,545
631,546
631,547
631,548
631,549
631,550
631,551
631,552
631,553
631,554
631,555
631,556
631,557
631,558
631,559
631,560
631,561
631,562
631,563
631,564
631,565
631,566
631,567
631,568
631,569
631,570
631,571
631,572
631,573
631,574
631,575
631,576
631,577
631,578
631,579
631,580
631,581
631,582
631,583
631,584
631,585
631,586
631,587
631,588
631,589
631,590
631,591
631,592
631,593
631,594
631,595
631,596
631,597
631,598
631,599
631,600
631,601
631,602
631,603
631,604
631,605
631,606
631,607
631,608
631,609
631,610
631,611
631,612
631,613
631,614
631,615
631,616
631,617
631,618
631,619
631,620
631,621
631,622
631,623
631,624
631,625
631,626
631,627
631,628
631,629
631,630
631,631
631,632
631,633
631,634
631,635
631,636
631,637
631,638
631,639
631,640
631,641
195,533
195,534
195,535
195,536
195,537
195,538
195,539
195,540
195,541
195,542
195,543
195,544
195,545
195,546
195,547
195,548
195,549
195,550
195,551
195,552
195,553
195,554
195,555
195,556
195,557
195,558
195,559
195,560
195,561
195,562
195,563
195,564
195,565
195,566
195,567
195,568
195,569
195,570
195,571
195,572
195,573
195,574
195,575
195,576
195,577
195,578
195,579
195,580
195,581
195,582
195,583
195,584
195,585
195,586
195,587
195,588
195,589
195,590
195,591
195,592
195,593
195,594
195,595
195,596
195,597
195,598
195,599
195,600
195,601
195,602
195,603
195,604
195,605
195,606
195,607
195,608
195,609
195,610
195,611
195,612
195,613
195,614
195,615
195,616
195,617
195,618
195,619
195,620
195,621
195,622
195,623
195,624
195,625
195,626
195,627
195,628
195,629
195,630
195,631
195,632
195,633
195,634
195,635
195,636
195,637
195,638
195,639
195,640
195,641
195,642
195,643
195,644
195,645
195,646
195,647
195,648
195,649
195,650
195,651
195,652
195,653
195,654
195,655
195,656
195,657
195,658
195,659
195,660
427,111
427,112
427,113
427,114
427,115
427,116
427,117
427,118
427,119
427,120
427,121
427,122
427,123
427,124
427,125
427,126
427,127
427,128
427,129
427,130
427,131
427,132
427,133
427,134
427,135
427,136
427,137
427,138
427,139
427,140
427,141
427,142
427,143
427,144
427,145
427,146
427,147
427,148
427,149
427,150
427,151
427,152
427,153
427,154
427,155
427,156
427,157
427,158
427,159
427,160
427,161
427,162
427,163
427,164
427,165
427,166
427,167
427,168
427,169
427,170
427,171
427,172
427,173
427,174
427,175
427,176
427,177
427,178
427,179
427,180
427,181
427,182
427,183
427,184
427,185
427,186
427,187
427,188
427,189
427,190
427,191
427,192
427,193
427,194
427,195
427,196
427,197
427,198
427,199
427,200
427,201
427,202
427,203
427,204
427,205
427,206
427,207
427,208
427,209
427,210
427,211
427,212
427,213
427,214
427,215
427,216
427,217
427,218
427,219
427,220
427,221
427,222
427,223
427,224
427,225
427,226
427,227
427,228
427,229
427,230
427,231
427,232
427,233
427,234
427,235
427,236
427,237
427,238
978,662
978,663
978,664
978,665
978,666
978,667
978,668
978,669
978,670
978,671
978,672
978,673
978,674
978,675
978,676
978,677
978,678
978,679
978,680
978,681
978,682
978,683
978,684
978,685
978,686
978,687
978,688
978,689
978,690
978,691
978,692
978,693
978,694
978,695
978,696
978,697
978,698
978,699
978,700
978,701
978,702
978,703
978,704
978,705
978,706
978,707
978,708
978,709
978,710
978,711
978,712
978,713
978,714
978,715
978,716
978,717
978,718
978,719
978,720
978,721
978,722
978,723
978,724
978,725
978,726
978,727
978,728
978,729
978,730
978,731
978,732
978,733
978,734
978,735
978,736
978,737
978,738
978,739
978,740
978,741
978,742
978,743
978,744
978,745
978,746
978,747
978,748
978,749
978,750
978,751
978,752
978,753
978,754
978,755
978,756
978,757
978,758
978,759
978,760
978,761
978,762
978,763
978,764
978,765
978,766
978,767
978,768
978,769
978,770
978,771
978,772
978,773
978,774
978,775
978,776
978,777
978,778
978,779
978,780
978,781
978,782
978,783
978,784
978,785
978,786
978,787
978,788
978,789
155,698
155,699
155,700
155,701
155,702
155,703
155,704
155,705
155,706
155,707
155,708
155,709
155,710
155,711
155,712
155,713
155,714
155,715
155,716
155,717
155,718
155,719
155,720
155,721
155,722
155,723
155,724
155,725
155,726
155,727
155,728
155,729
155,730
155,731
155,732
155,733
155,734
155,735
155,736
155,737
155,738
155,739
155,740
155,741
155,742
155,743
155,744
155,745
155,746
155,747
155,748
155,749
155,750
155,751
155,752
155,753
155,754
155,755
155,756
155,757
155,758
155,759
155,760
155,761
155,762
155,763
155,764
155,765
155,766
155,767
155,768
155,769
155,770
155,771
155,772
155,773
155,774
155,775
155,776
155,777
155,778
155,779
155,780
155,781
155,782
155,783
155,784
155,785
155,786
155,787
155,788
155,789
155,790
155,791
155,792
155,793
155,794
155,795
155,796
155,797
155,798
155,799
155,800
155,801
155,802
155,803
155,804
155,805
155,806
155,807
155,808
155,809
155,810
155,811
155,812
155,813
155,814
155,815
155,816
155,817
155,818
155,819
155,820
155,821
155,822
155,823
155,824
155,825
875,580
875,581
875,582
875,583
875,584
875,585
875,586
875,587
875,588
875,589
875,590
875,591
875,592
875,593
875,594
875,595
875,596
875,597
875,598
875,599
875,600
875,601
875,602
875,603
875,604
875,605
875,606
875,607
875,608
875,609
875,610
875,611
875,612
875,613
875,614
875,615
875,616
875,617
875,618
875,619
875,620
875,621
875,622
875,623
875,624
875,625
875,626
875,627
875,628
875,629
875,630
875,631
875,632
875,633
875,634
875,635
875,636
875,637
875,638
875,639
875,640
875,641
875,642
875,643
875,644
875,645
875,646
875,647
875,648
875,649
875,650
875,651
875,652
875,653
875,654
875,655
875,656
875,657
875,658
875,659
875,660
875,661
875,662
875,663
875,664
875,665
875,666
875,667
875,668
875,669
875,670
875,671
875,672
875,673
875,674
875,675
875,676
875,677
875,678
875,679
875,680
875,681
875,682
875,683
875,684
875,685
875,686
875,687
875,688
875,689
875,690
875,691
875,692
875,693
875,694
875,695
875,696
875,697
875,698
875,699
875,700
875,701
875,702
875,703
875,704
875,705
875,706
875,707
338,72
338,73
338,74
338,75
338,76
338,77
338,78
338,79
338,80
338,81
338,82
338,83
338,84
338,85
338,86
338,87
338,88
338,89
338,90
338,91
338,92
338,93
338,94
338,95
338,96
338,97
338,98
338,99
338,100
338,101
338,102
338,103
338,104
338,105
338,106
338,107
338,108
338,109
338,110
338,111
338,112
338,113
338,114
338,115
338,116
338,117
338,118
338,119
338,120
338,121
338,122
338,123
338,124
338,125
338,126
338,127
338,128
338,129
338,130
338,131
338,132
338,133
338,134
338,135
338,136
338,137
338,138
338,139
338,140
338,141
338,142
338,143
338,144
338,145
338,146
338,147
338,148
338,149
338,150
338,151
338,152
338,153
338,154
338,155
338,156
338,157
338,158
338,159
338,160
338,161
338,162
338,163
338,164
338,165
338,166
338,167
338,168
338,169
338,170
338,171
338,172
338,173
338,174
338,175
338,176
338,177
338,178
338,179
338,180
338,181
338,182
338,183
338,184
338,185
338,186
338,187
338,188
338,189
338,190
338,191
338,192
338,193
338,194
338,195
338,196
338,197
338,198
338,199
937,220
937,221
937,222
937,223
937,224
937,225
937,226
937,227
937,228
937,229
937,230
937,231
937,232
937,233
937,234
937,235
937,236
937,237
937,238
937,239
937,240
937,241
937,242
937,243
937,244
937,245
937,246
937,247
937,248
937,249
937,250
937,251
937,252
937,253
937,254
937,255
937,256
937,257
937,258
937,259
937,260
937,261
937,262
937,263
937,264
937,265
937,266
937,267
937,268
937,269
937,270
937,271
937,272
937,273
937,274
937,275
937,276
937,277
937,278
937,279
937,280
937,281
937,282
937,283
937,284
937,285
937,286
937,287
937,288
937,289
937,290
937,291
937,292
937,293
937,294
937,295
937,296
937,297
937,298
937,299
937,300
937,301
937,302
937,303
937,304
937,305
937,306
937,307
937,308
937,309
937,310
937,311
937,312
937,313
937,314
937,315
937,316
937,317
937,318
937,319
937,320
937,321
937,322
937,323
937,324
937,325
937,326
937,327
937,328
937,329
937,330
937,331
937,332
937,333
937,334
937,335
937,336
937,337
937,338
937,339
937,340
937,341
937,342
937,343
937,344
937,345
937,346
937,347
9,821
9,822
9,823
9,824
9,825
9,826
9,827
9,828
9,829
9,830
9,831
9,832
9,833
9,834
9,835
9,836
9,837
9,838
9,839
9,840
9,841
9,842
9,843
9,844
9,845
9,846
9,847
9,848
9,849
9,850
9,851
9,852
9,853
9,854
9,855
9,856
9,857
9,858
9,859
9,860
9,861
9,862
9,863
9,864
9,865
9,866
9,867
9,868
9,869
9,870
9,871
9,872
9,873
9,874
9,875
9,876
9,877
9,878
9,879
9,880
9,881
9,882
9,883
9,884
9,885
9,886
9,887
9,888
9,889
9,890
9,891
9,892
9,893
9,894
9,895
9,896
9,897
9,898
9,899
9,900
9,901
9,902
9,903
9,904
9,905
9,906
9,907
9,908
9,909
9,910
9,911
9,912
9,913
9,914
9,915
9,916
9,917
9,918
9,919
9,920
9,921
9,922
9,923
9,924
9,925
9,926
9,927
9,928
9,929
9,930
9,931
9,932
9,933
9,934
9,935
9,936
9,937
9,938
9,939
9,940
9,941
9,942
9,943
9,944
9,945
9,946
9,947
9,948
96,745
96,746
96,747
96,748
96,749
96,750
96,751
96,752
96,753
96,754
96,755
96,756
96,757
96,758
96,759
96,760
96,761
96,762
96,763
96,764
96,765
96,766
96,767
96,768
96,769
96,770
96,771
96,772
96,773
96,774
96,775
96,776
96,777
96,778
96,779
96,780
96,781
96,782
96,783
96,784
96,785
96,786
96,787
96,788
96,789
96,790
96,791
96,792
96,793
96,794
96,795
96,796
96,797
96,798
96,799
96,800
96,801
96,802
96,803
96,804
96,805
96,806
96,807
96,808
96,809
96,810
96,811
96,812
96,813
96,814
96,815
96,816
96,817
96,818
96,819
96,820
96,821
96,822
96,823
96,824
96,825
96,826
96,827
96,828
96,829
96,830
96,831
96,832
96,833
96,834
96,835
96,836
96,837
96,838
96,839
96,840
96,841
96,842
96,843
96,844
96,845
96,846
96,847
96,848
96,849
96,850
96,851
96,852
96,853
96,854
96,855
96,856
96,857
96,858
96,859
96,860
96,861
96,862
96,863
96,864
96,865
96,866
96,867
96,868
96,869
96,870
96,871
96,872
212,408
212,409
212,410
212,411
212,412
212,413
212,414
212,415
212,416
212,417
212,418
212,419
212,420
212,421
212,422
212,423
212,424
212,425
212,426
212,427
212,428
212,429
212,430
212,431
212,432
212,433
212,434
212,435
212,436
212,437
212,438
212,439
212,440
212,441
212,442
212,443
212,444
212,445
212,446
212,447
212,448
212,449
212,450
212,451
212,452
212,453
212,454
212,455
212,456
212,457
212,458
212,459
212,460
212,461
212,462
212,463
212,464
212,465
212,466
212,467
212,468
212,469
212,470
212,471
212,472
212,473
212,474
212,475
212,476
212,477
212,478
212,479
212,480
212,481
212,482
212,483
212,484
212,485
212,486
212,487
212,488
212,489
212,490
212,491
212,492
212,493
212,494
212,495
212,496
212,497
212,498
212,499
212,500
212,501
212,502
212,503
212,504
212,505
212,506
212,507
212,508
212,509
212,510
212,511
212,512
212,513
212,514
212,515
212,516
212,517
212,518
212,519
212,520
212,521
212,522
212,523
212,524
212,525
212,526
212,527
212,528
212,529
212,530
212,531
212,532
212,533
212,534
212,535
588,187
588,188
588,189
588,190
588,191
588,192
588,193
588,194
588,195
588,196
588,197
588,198
588,199
588,200
588,201
588,202
588,203
588,204
588,205
588,206
588,207
588,208
588,209
588,210
588,211
588,212
588,213
588,214
588,215
588,216
588,217
588,218
588,219
588,220
588,221
588,222
588,223
588,224
588,225
588,226
588,227
588,228
588,229
588,230
588,231
588,232
588,233
588,234
588,235
588,236
588,237
588,238
588,239
588,240
588,241
588,242
588,243
588,244
588,245
588,246
588,247
588,248
588,249
588,250
588,251
588,252
588,253
588,254
588,255
588,256
588,257
588,258
588,259
588,260
588,261
588,262
588,263
588,264
588,265
588,266
588,267
588,268
588,269
588,270
588,271
588,272
588,273
588,274
588,275
588,276
588,277
588,278
588,279
588,280
588,281
588,282
588,283
588,284
588,285
588,286
588,287
588,288
588,289
588,290
588,291
588,292
588,293
588,294
588,295
588,296
588,297
588,298
588,299
588,300
588,301
588,302
588,303
588,304
588,305
588,306
588,307
588,308
588,309
588,310
588,311
588,312
588,313
588,314
543,700
543,701
543,702
543,703
543,704
543,705
543,706
543,707
543,708
543,709
543,710
543,711
543,712
543,713
543,714
543,715
543,716
543,717
543,718
543,719
543,720
543,721
543,722
543,723
543,724
543,725
543,726
543,727
543,728
543,729
543,730
543,731
543,732
543,733
543,734
543,735
543,736
543,737
543,738
543,739
543,740
543,741
543,742
543,743
543,744
543,745
543,746
543,747
543,748
543,749
543,750
543,751
543,752
543,753
543,754
543,755
543,756
543,757
543,758
543,759
543,760
543,761
543,762
543,763
543,764
543,765
543,766
543,767
543,768
543,769
543,770
543,771
543,772
543,773
543,774
543,775
543,776
543,777
543,778
543,779
543,780
543,781
543,782
543,783
543,784
543,785
543,786
543,787
543,788
543,789
543,790
543,791
543,792
543,793
543,794
543,795
543,796
543,797
543,798
543,799
543,800
543,801
543,802
543,803
543,804
543,805
543,806
543,807
543,808
543,809
543,810
543,811
543,812
543,813
543,814
543,815
543,816
543,817
543,818
543,819
543,820
543,821
543,822
543,823
543,824
543,825
543,826
543,827