365,215
366,215
366,216
586,819
586,820
587,820
632,3
632,4
633,4
248,844
249,843
249,844
321,21
322,21
322,22
934,227
934,228
935,228
351,1010
351,1011
352,1010
31,289
32,289
32,290
567,778
568,777
568,778
66,301
67,300
67,301
578,28
578,29
579,29
949,936
950,935
950,936
552,346
553,346
553,347
142,336
143,335
143,336
436,912
436,913
437,912
214,720
215,720
215,721
885,986
885,987
886,986
380,1014
381,1013
381,1014
835,692
836,691
836,692
490,842
490,843
491,843
656,727
656,728
657,727
238,599
239,598
239,599
56,697
56,698
57,698
3,815
4,814
4,815
985,751
986,750
986,751
608,366
609,365
609,366
5,393
6,392
6,393
824,373
825,373
825,374
475,817
475,818
476,818
864,885
864,886
865,886
552,681
552,682
553,682
110,385
111,385
111,386
597,334
597,335
598,334
834,472
835,471
835,472
928,110
928,111
929,110
24,607
25,606
25,607
243,1003
243,1004
244,1004
14,918
14,919
15,918
737,109
737,110
738,109
926,428
927,428
927,429
452,39
452,40
453,40
303,776
303,777
304,776
67,18
67,19
68,18
691,148
691,149
692,149
197,605
197,606
198,606
639,74
640,73
640,74
436,917
437,916
437,917
980,459
980,460
981,459
833,726
834,726
834,727
660,119
661,118
661,119
581,382
581,383
582,382
927,411
928,411
928,412
32,595
33,595
33,596
311,141
312,141
312,142
843,616
843,617
844,617
382,54
382,55
383,54
782,908
783,907
783,908
1006,548
1007,548
1007,549
787,73
788,72
788,73
676,437
677,436
677,437
921,928
922,928
922,929
600,22
600,23
601,23
221,655
221,656
222,655
316,281
317,281
317,282
556,887
556,888
557,887
242,506
243,505
243,506
673,508
673,509
674,509
526,719
526,720
527,719
263,782
264,782
264,783
616,799
617,799
617,800
487,931
488,931
488,932
432,728
433,728
433,729
854,217
854,218
855,217
931,13
931,14
932,14
711,33
712,32
712,33
305,3
306,2
306,3
680,705
681,705
681,706
665,85
666,85
666,86
210,323
210,324
211,324
1015,968
1015,969
1016,968
472,824
472,825
473,825
986,652
986,653
987,652
989,418
989,419
990,419
588,411
588,412
589,412
792,375
793,374
793,375
697,399
698,398
698,399
745,739
745,740
746,739
429,878
429,879
430,879
570,546
571,545
571,546
867,685
867,686
868,685
675,241
676,240
676,241
945,388
945,389
946,389
957,890
958,889
958,890
204,29
204,30
205,30
854,429
855,429
855,430
383,135
384,134
384,135
483,66
483,67
484,67
267,975
267,976
268,976
239,639
240,638
240,639
8,417
9,417
9,418
244,18
245,17
245,18
528,947
528,948
529,948
83,768
83,769
84,769
848,239
849,238
849,239
768,1011
769,1010
769,1011
663,152
664,152
664,153
358,279
358,280
359,280
722,404
722,405
723,404
1016,604
1017,603
1017,604
962,563
962,564
963,564
941,267
942,266
942,267
698,918
699,917
699,918
1014,949
1014,950
1015,950
993,280
993,281
994,280
457,983
458,983
458,984
801,956
802,955
802,956
26,611
27,610
27,611
613,330
613,331
614,330
1003,693
1003,694
1004,693
504,374
504,375
505,374
423,942
424,941
424,942
182,756
182,757
183,757
308,940
309,940
309,941
12,748
13,747
13,748
35,944
35,945
36,945
892,498
892,499
893,498
12,839
12,840
13,840
664,966
664,967
665,966
749,588
749,589
750,588
50,387
51,386
51,387
919,529
919,530
920,529
565,395
566,395
566,396
155,617
155,618
156,618
397,840
398,840
398,841
784,161
784,162
785,162
792,948
792,949
793,949
977,187
977,188
978,188
865,294
865,295
866,295
785,729
785,730
786,730
718,160
719,160
719,161
858,702
859,701
859,702