806,544
806,545
806,546
806,547
806,548
806,549
806,550
806,551
806,552
806,553
806,554
806,555
806,556
806,557
806,558
806,559
806,560
806,561
806,562
806,563
806,564
806,565
806,566
806,567
806,568
806,569
806,570
806,571
806,572
806,573
806,574
806,575
806,576
806,577
806,578
806,579
806,580
806,581
806,582
806,583
806,584
806,585
806,586
806,587
806,588
806,589
806,590
806,591
806,592
806,593
806,594
806,595
806,596
806,597
806,598
806,599
806,600
806,601
806,602
806,603
806,604
806,605
806,606
806,607
806,608
806,609
806,610
806,611
806,612
806,613
806,614
806,615
806,616
806,617
806,618
806,619
806,620
806,621
806,622
806,623
806,624
806,625
806,626
806,627
806,628
806,629
806,630
806,631
806,632
806,633
806,634
806,635
806,636
806,637
806,638
806,639
806,640
806,641
806,642
806,643
806,644
806,645
806,646
806,647
806,648
806,649
806,650
806,651
806,652
806,653
806,654
806,655
806,656
806,657
806,658
806,659
806,660
806,661
806,662
806,663
806,664
806,665
806,666
806,667
806,668
806,669
806,670
806,671
807,544
807,545
807,546
807,547
807,548
807,549
807,550
807,551
807,552
807,553
807,554
807,555
807,556
807,557
807,558
807,559
807,560
807,561
807,562
807,563
807,564
807,565
807,566
807,567
807,568
807,569
807,570
807,571
807,572
807,573
807,574
807,575
807,576
807,577
807,578
807,579
807,580
807,581
807,582
807,583
807,584
807,585
807,586
807,587
807,588
807,589
807,590
807,591
807,592
807,593
807,594
807,595
807,596
807,597
807,598
807,599
807,600
807,601
807,602
807,603
807,604
807,605
807,606
807,607
807,608
807,609
807,610
807,611
807,612
807,613
807,614
807,615
807,616
807,617
807,618
807,619
807,620
807,621
807,622
807,623
807,624
807,625
807,626
807,627
807,628
807,629
807,630
807,631
807,632
807,633
807,634
807,635
807,636
807,637
807,638
807,639
807,640
807,641
807,642
807,643
807,644
807,645
807,646
807,647
807,648
807,649
807,650
807,651
807,652
807,653
807,654
807,655
807,656
807,657
807,658
807,659
807,660
807,661
807,662
807,663
807,664
807,665
807,666
807,667
807,668
807,669
807,670
807,671
871,209
871,210
871,211
871,212
871,213
871,214
871,215
871,216
871,217
871,218
871,219
871,220
871,221
871,222
871,223
871,224
871,225
871,226
871,227
871,228
871,229
871,230
871,231
871,232
871,233
871,234
871,235
871,236
871,237
871,238
871,239
871,240
871,241
871,242
871,243
871,244
871,245
871,246
871,247
871,248
871,249
871,250
871,251
871,252
871,253
871,254
871,255
871,256
871,257
871,258
871,259
871,260
871,261
871,262
871,263
871,264
871,265
871,266
871,267
871,268
871,269
871,270
871,271
871,272
871,273
871,274
871,275
871,276
871,277
871,278
871,279
871,280
871,281
871,282
871,283
871,284
871,285
871,286
871,287
871,288
871,289
871,290
871,291
871,292
871,293
871,294
871,295
871,296
871,297
871,298
871,299
871,300
871,301
871,302
871,303
871,304
871,305
871,306
871,307
871,308
871,309
871,310
871,311
871,312
871,313
871,314
871,315
871,316
871,317
871,318
871,319
871,320
871,321
871,322
871,323
871,324
871,325
871,326
871,327
871,328
871,329
871,330
871,331
871,332
871,333
871,334
871,335
871,336
872,209
872,210
872,211
872,212
872,213
872,214
872,215
872,216
872,217
872,218
872,219
872,220
872,221
872,222
872,223
872,224
872,225
872,226
872,227
872,228
872,229
872,230
872,231
872,232
872,233
872,234
872,235
872,236
872,237
872,238
872,239
872,240
872,241
872,242
872,243
872,244
872,245
872,246
872,247
872,248
872,249
872,250
872,251
872,252
872,253
872,254
872,255
872,256
872,257
872,258
872,259
872,260
872,261
872,262
872,263
872,264
872,265
872,266
872,267
872,268
872,269
872,270
872,271
872,272
872,273
872,274
872,275
872,276
872,277
872,278
872,279
872,280
872,281
872,282
872,283
872,284
872,285
872,286
872,287
872,288
872,289
872,290
872,291
872,292
872,293
872,294
872,295
872,296
872,297
872,298
872,299
872,300
872,301
872,302
872,303
872,304
872,305
872,306
872,307
872,308
872,309
872,310
872,311
872,312
872,313
872,314
872,315
872,316
872,317
872,318
872,319
872,320
872,321
872,322
872,323
872,324
872,325
872,326
872,327
872,328
872,329
872,330
872,331
872,332
872,333
872,334
872,335
872,336
717,720
717,721
717,722
717,723
717,724
717,725
717,726
717,727
717,728
717,729
717,730
717,731
717,732
717,733
717,734
717,735
717,736
717,737
717,738
717,739
717,740
717,741
717,742
717,743
717,744
717,745
717,746
717,747
717,748
717,749
717,750
717,751
717,752
717,753
717,754
717,755
717,756
717,757
717,758
717,759
717,760
717,761
717,762
717,763
717,764
717,765
717,766
717,767
717,768
717,769
717,770
717,771
717,772
717,773
717,774
717,775
717,776
717,777
717,778
717,779
717,780
717,781
717,782
717,783
717,784
717,785
717,786
717,787
717,788
717,789
717,790
717,791
717,792
717,793
717,794
717,795
717,796
717,797
717,798
717,799
717,800
717,801
717,802
717,803
717,804
717,805
717,806
717,807
717,808
717,809
717,810
717,811
717,812
717,813
717,814
717,815
717,816
717,817
717,818
717,819
717,820
717,821
717,822
717,823
717,824
717,825
717,826
717,827
717,828
717,829
717,830
717,831
717,832
717,833
717,834
717,835
717,836
717,837
717,838
717,839
717,840
717,841
717,842
717,843
717,844
717,845
717,846
717,847
718,720
718,721
718,722
718,723
718,724
718,725
718,726
718,727
718,728
718,729
718,730
718,731
718,732
718,733
718,734
718,735
718,736
718,737
718,738
718,739
718,740
718,741
718,742
718,743
718,744
718,745
718,746
718,747
718,748
718,749
718,750
718,751
718,752
718,753
718,754
718,755
718,756
718,757
718,758
718,759
718,760
718,761
718,762
718,763
718,764
718,765
718,766
718,767
718,768
718,769
718,770
718,771
718,772
718,773
718,774
718,775
718,776
718,777
718,778
718,779
718,780
718,781
718,782
718,783
718,784
718,785
718,786
718,787
718,788
718,789
718,790
718,791
718,792
718,793
718,794
718,795
718,796
718,797
718,798
718,799
718,800
718,801
718,802
718,803
718,804
718,805
718,806
718,807
718,808
718,809
718,810
718,811
718,812
718,813
718,814
718,815
718,816
718,817
718,818
718,819
718,820
718,821
718,822
718,823
718,824
718,825
718,826
718,827
718,828
718,829
718,830
718,831
718,832
718,833
718,834
718,835
718,836
718,837
718,838
718,839
718,840
718,841
718,842
718,843
718,844
718,845
718,846
718,847
136,837
136,838
136,839
136,840
136,841
136,842
136,843
136,844
136,845
136,846
136,847
136,848
136,849
136,850
136,851
136,852
136,853
136,854
136,855
136,856
136,857
136,858
136,859
136,860
136,861
136,862
136,863
136,864
136,865
136,866
136,867
136,868
136,869
136,870
136,871
136,872
136,873
136,874
136,875
136,876
136,877
136,878
136,879
136,880
136,881
136,882
136,883
136,884
136,885
136,886
136,887
136,888
136,889
136,890
136,891
136,892
136,893
136,894
136,895
136,896
136,897
136,898
136,899
136,900
136,901
136,902
136,903
136,904
136,905
136,906
136,907
136,908
136,909
136,910
136,911
136,912
136,913
136,914
136,915
136,916
136,917
136,918
136,919
136,920
136,921
136,922
136,923
136,924
136,925
136,926
136,927
136,928
136,929
136,930
136,931
136,932
136,933
136,934
136,935
136,936
136,937
136,938
136,939
136,940
136,941
136,942
136,943
136,944
136,945
136,946
136,947
136,948
136,949
136,950
136,951
136,952
136,953
136,954
136,955
136,956
136,957
136,958
136,959
136,960
136,961
136,962
136,963
136,964
137,837
137,838
137,839
137,840
137,841
137,842
137,843
137,844
137,845
137,846
137,847
137,848
137,849
137,850
137,851
137,852
137,853
137,854
137,855
137,856
137,857
137,858
137,859
137,860
137,861
137,862
137,863
137,864
137,865
137,866
137,867
137,868
137,869
137,870
137,871
137,872
137,873
137,874
137,875
137,876
137,877
137,878
137,879
137,880
137,881
137,882
137,883
137,884
137,885
137,886
137,887
137,888
137,889
137,890
137,891
137,892
137,893
137,894
137,895
137,896
137,897
137,898
137,899
137,900
137,901
137,902
137,903
137,904
137,905
137,906
137,907
137,908
137,909
137,910
137,911
137,912
137,913
137,914
137,915
137,916
137,917
137,918
137,919
137,920
137,921
137,922
137,923
137,924
137,925
137,926
137,927
137,928
137,929
137,930
137,931
137,932
137,933
137,934
137,935
137,936
137,937
137,938
137,939
137,940
137,941
137,942
137,943
137,944
137,945
137,946
137,947
137,948
137,949
137,950
137,951
137,952
137,953
137,954
137,955
137,956
137,957
137,958
137,959
137,960
137,961
137,962
137,963
137,964
22,8
22,9
22,10
22,11
22,12
22,13
22,14
22,15
22,16
22,17
22,18
22,19
22,20
22,21
22,22
22,23
22,24
22,25
22,26
22,27
22,28
22,29
22,30
22,31
22,32
22,33
22,34
22,35
22,36
22,37
22,38
22,39
22,40
22,41
22,42
22,43
22,44
22,45
22,46
22,47
22,48
22,49
22,50
22,51
22,52
22,53
22,54
22,55
22,56
22,57
22,58
22,59
22,60
22,61
22,62
22,63
22,64
22,65
22,66
22,67
22,68
22,69
22,70
22,71
22,72
22,73
22,74
22,75
22,76
22,77
22,78
22,79
22,80
22,81
22,82
22,83
22,84
22,85
22,86
22,87
22,88
22,89
22,90
22,91
22,92
22,93
22,94
22,95
22,96
22,97
22,98
22,99
22,100
22,101
22,102
22,103
22,104
22,105
22,106
22,107
22,108
22,109
22,110
22,111
22,112
22,113
22,114
22,115
22,116
22,117
22,118
22,119
22,120
22,121
22,122
22,123
22,124
22,125
22,126
22,127
22,128
22,129
22,130
22,131
22,132
22,133
22,134
22,135
23,8
23,9
23,10
23,11
23,12
23,13
23,14
23,15
23,16
23,17
23,18
23,19
23,20
23,21
23,22
23,23
23,24
23,25
23,26
23,27
23,28
23,29
23,30
23,31
23,32
23,33
23,34
23,35
23,36
23,37
23,38
23,39
23,40
23,41
23,42
23,43
23,44
23,45
23,46
23,47
23,48
23,49
23,50
23,51
23,52
23,53
23,54
23,55
23,56
23,57
23,58
23,59
23,60
23,61
23,62
23,63
23,64
23,65
23,66
23,67
23,68
23,69
23,70
23,71
23,72
23,73
23,74
23,75
23,76
23,77
23,78
23,79
23,80
23,81
23,82
23,83
23,84
23,85
23,86
23,87
23,88
23,89
23,90
23,91
23,92
23,93
23,94
23,95
23,96
23,97
23,98
23,99
23,100
23,101
23,102
23,103
23,104
23,105
23,106
23,107
23,108
23,109
23,110
23,111
23,112
23,113
23,114
23,115
23,116
23,117
23,118
23,119
23,120
23,121
23,122
23,123
23,124
23,125
23,126
23,127
23,128
23,129
23,130
23,131
23,132
23,133
23,134
23,135
870,569
870,570
870,571
870,572
870,573
870,574
870,575
870,576
870,577
870,578
870,579
870,580
870,581
870,582
870,583
870,584
870,585
870,586
870,587
870,588
870,589
870,590
870,591
870,592
870,593
870,594
870,595
870,596
870,597
870,598
870,599
870,600
870,601
870,602
870,603
870,604
870,605
870,606
870,607
870,608
870,609
870,610
870,611
870,612
870,613
870,614
870,615
870,616
870,617
870,618
870,619
870,620
870,621
870,622
870,623
870,624
870,625
870,626
870,627
870,628
870,629
870,630
870,631
870,632
870,633
870,634
870,635
870,636
870,637
870,638
870,639
870,640
870,641
870,642
870,643
870,644
870,645
870,646
870,647
870,648
870,649
870,650
870,651
870,652
870,653
870,654
870,655
870,656
870,657
870,658
870,659
870,660
870,661
870,662
870,663
870,664
870,665
870,666
870,667
870,668
870,669
870,670
870,671
870,672
870,673
870,674
870,675
870,676
870,677
870,678
870,679
870,680
870,681
870,682
870,683
870,684
870,685
870,686
870,687
870,688
870,689
870,690
870,691
870,692
870,693
870,694
870,695
870,696
871,569
871,570
871,571
871,572
871,573
871,574
871,575
871,576
871,577
871,578
871,579
871,580
871,581
871,582
871,583
871,584
871,585
871,586
871,587
871,588
871,589
871,590
871,591
871,592
871,593
871,594
871,595
871,596
871,597
871,598
871,599
871,600
871,601
871,602
871,603
871,604
871,605
871,606
871,607
871,608
871,609
871,610
871,611
871,612
871,613
871,614
871,615
871,616
871,617
871,618
871,619
871,620
871,621
871,622
871,623
871,624
871,625
871,626
871,627
871,628
871,629
871,630
871,631
871,632
871,633
871,634
871,635
871,636
871,637
871,638
871,639
871,640
871,641
871,642
871,643
871,644
871,645
871,646
871,647
871,648
871,649
871,650
871,651
871,652
871,653
871,654
871,655
871,656
871,657
871,658
871,659
871,660
871,661
871,662
871,663
871,664
871,665
871,666
871,667
871,668
871,669
871,670
871,671
871,672
871,673
871,674
871,675
871,676
871,677
871,678
871,679
871,680
871,681
871,682
871,683
871,684
871,685
871,686
871,687
871,688
871,689
871,690
871,691
871,692
871,693
871,694
871,695
871,696
704,570
704,571
704,572
704,573
704,574
704,575
704,576
704,577
704,578
704,579
704,580
704,581
704,582
704,583
704,584
704,585
704,586
704,587
704,588
704,589
704,590
704,591
704,592
704,593
704,594
704,595
704,596
704,597
704,598
704,599
704,600
704,601
704,602
704,603
704,604
704,605
704,606
704,607
704,608
704,609
704,610
704,611
704,612
704,613
704,614
704,615
704,616
704,617
704,618
704,619
704,620
704,621
704,622
704,623
704,624
704,625
704,626
704,627
704,628
704,629
704,630
704,631
704,632
704,633
704,634
704,635
704,636
704,637
704,638
704,639
704,640
704,641
704,642
704,643
704,644
704,645
704,646
704,647
704,648
704,649
704,650
704,651
704,652
704,653
704,654
704,655
704,656
704,657
704,658
704,659
704,660
704,661
704,662
704,663
704,664
704,665
704,666
704,667
704,668
704,669
704,670
704,671
704,672
704,673
704,674
704,675
704,676
704,677
704,678
704,679
704,680
704,681
704,682
704,683
704,684
704,685
704,686
704,687
704,688
704,689
704,690
704,691
704,692
704,693
704,694
704,695
704,696
704,697
705,570
705,571
705,572
705,573
705,574
705,575
705,576
705,577
705,578
705,579
705,580
705,581
705,582
705,583
705,584
705,585
705,586
705,587
705,588
705,589
705,590
705,591
705,592
705,593
705,594
705,595
705,596
705,597
705,598
705,599
705,600
705,601
705,602
705,603
705,604
705,605
705,606
705,607
705,608
705,609
705,610
705,611
705,612
705,613
705,614
705,615
705,616
705,617
705,618
705,619
705,620
705,621
705,622
705,623
705,624
705,625
705,626
705,627
705,628
705,629
705,630
705,631
705,632
705,633
705,634
705,635
705,636
705,637
705,638
705,639
705,640
705,641
705,642
705,643
705,644
705,645
705,646
705,647
705,648
705,649
705,650
705,651
705,652
705,653
705,654
705,655
705,656
705,657
705,658
705,659
705,660
705,661
705,662
705,663
705,664
705,665
705,666
705,667
705,668
705,669
705,670
705,671
705,672
705,673
705,674
705,675
705,676
705,677
705,678
705,679
705,680
705,681
705,682
705,683
705,684
705,685
705,686
705,687
705,688
705,689
705,690
705,691
705,692
705,693
705,694
705,695
705,696
705,697
131,703
131,704
131,705
131,706
131,707
131,708
131,709
131,710
131,711
131,712
131,713
131,714
131,715
131,716
131,717
131,718
131,719
131,720
131,721
131,722
131,723
131,724
131,725
131,726
131,727
131,728
131,729
131,730
131,731
131,732
131,733
131,734
131,735
131,736
131,737
131,738
131,739
131,740
131,741
131,742
131,743
131,744
131,745
131,746
131,747
131,748
131,749
131,750
131,751
131,752
131,753
131,754
131,755
131,756
131,757
131,758
131,759
131,760
131,761
131,762
131,763
131,764
131,765
131,766
131,767
131,768
131,769
131,770
131,771
131,772
131,773
131,774
131,775
131,776
131,777
131,778
131,779
131,780
131,781
131,782
131,783
131,784
131,785
131,786
131,787
131,788
131,789
131,790
131,791
131,792
131,793
131,794
131,795
131,796
131,797
131,798
131,799
131,800
131,801
131,802
131,803
131,804
131,805
131,806
131,807
131,808
131,809
131,810
131,811
131,812
131,813
131,814
131,815
131,816
131,817
131,818
131,819
131,820
131,821
131,822
131,823
131,824
131,825
131,826
131,827
131,828
131,829
131,830
132,703
132,704
132,705
132,706
132,707
132,708
132,709
132,710
132,711
132,712
132,713
132,714
132,715
132,716
132,717
132,718
132,719
132,720
132,721
132,722
132,723
132,724
132,725
132,726
132,727
132,728
132,729
132,730
132,731
132,732
132,733
132,734
132,735
132,736
132,737
132,738
132,739
132,740
132,741
132,742
132,743
132,744
132,745
132,746
132,747
132,748
132,749
132,750
132,751
132,752
132,753
132,754
132,755
132,756
132,757
132,758
132,759
132,760
132,761
132,762
132,763
132,764
132,765
132,766
132,767
132,768
132,769
132,770
132,771
132,772
132,773
132,774
132,775
132,776
132,777
132,778
132,779
132,780
132,781
132,782
132,783
132,784
132,785
132,786
132,787
132,788
132,789
132,790
132,791
132,792
132,793
132,794
132,795
132,796
132,797
132,798
132,799
132,800
132,801
132,802
132,803
132,804
132,805
132,806
132,807
132,808
132,809
132,810
132,811
132,812
132,813
132,814
132,815
132,816
132,817
132,818
132,819
132,820
132,821
132,822
132,823
132,824
132,825
132,826
132,827
132,828
132,829
132,830
642,585
642,586
642,587
642,588
642,589
642,590
642,591
642,592
642,593
642,594
642,595
642,596
642,597
642,598
642,599
642,600
642,601
642,602
642,603
642,604
642,605
642,606
642,607
642,608
642,609
642,610
642,611
642,612
642,613
642,614
642,615
642,616
642,617
642,618
642,619
642,620
642,621
642,622
642,623
642,624
642,625
642,626
642,627
642,628
642,629
642,630
642,631
642,632
642,633
642,634
642,635
642,636
642,637
642,638
642,639
642,640
642,641
642,642
642,643
642,644
642,645
642,646
642,647
642,648
642,649
642,650
642,651
642,652
642,653
642,654
642,655
642,656
642,657
642,658
642,659
642,660
642,661
642,662
642,663
642,664
642,665
642,666
642,667
642,668
642,669
642,670
642,671
642,672
642,673
642,674
642,675
642,676
642,677
642,678
642,679
642,680
642,681
642,682
642,683
642,684
642,685
642,686
642,687
642,688
642,689
642,690
642,691
642,692
642,693
642,694
642,695
642,696
642,697
642,698
642,699
642,700
642,701
642,702
642,703
642,704
642,705
642,706
642,707
642,708
642,709
642,710
642,711
642,712
643,585
643,586
643,587
643,588
643,589
643,590
643,591
643,592
643,593
643,594
643,595
643,596
643,597
643,598
643,599
643,600
643,601
643,602
643,603
643,604
643,605
643,606
643,607
643,608
643,609
643,610
643,611
643,612
643,613
643,614
643,615
643,616
643,617
643,618
643,619
643,620
643,621
643,622
643,623
643,624
643,625
643,626
643,627
643,628
643,629
643,630
643,631
643,632
643,633
643,634
643,635
643,636
643,637
643,638
643,639
643,640
643,641
643,642
643,643
643,644
643,645
643,646
643,647
643,648
643,649
643,650
643,651
643,652
643,653
643,654
643,655
643,656
643,657
643,658
643,659
643,660
643,661
643,662
643,663
643,664
643,665
643,666
643,667
643,668
643,669
643,670
643,671
643,672
643,673
643,674
643,675
643,676
643,677
643,678
643,679
643,680
643,681
643,682
643,683
643,684
643,685
643,686
643,687
643,688
643,689
643,690
643,691
643,692
643,693
643,694
643,695
643,696
643,697
643,698
643,699
643,700
643,701
643,702
643,703
643,704
643,705
643,706
643,707
643,708
643,709
643,710
643,711
643,712
41,896
41,897
41,898
41,899
41,900
41,901
41,902
41,903
41,904
41,905
41,906
41,907
41,908
41,909
41,910
41,911
41,912
41,913
41,914
41,915
41,916
41,917
41,918
41,919
41,920
41,921
41,922
41,923
41,924
41,925
41,926
41,927
41,928
41,929
41,930
41,931
41,932
41,933
41,934
41,935
41,936
41,937
41,938
41,939
41,940
41,941
41,942
41,943
41,944
41,945
41,946
41,947
41,948
41,949
41,950
41,951
41,952
41,953
41,954
41,955
41,956
41,957
41,958
41,959
41,960
41,961
41,962
41,963
41,964
41,965
41,966
41,967
41,968
41,969
41,970
41,971
41,972
41,973
41,974
41,975
41,976
41,977
41,978
41,979
41,980
41,981
41,982
41,983
41,984
41,985
41,986
41,987
41,988
41,989
41,990
41,991
41,992
41,993
41,994
41,995
41,996
41,997
41,998
41,999
41,1000
41,1001
41,1002
41,1003
41,1004
41,1005
41,1006
41,1007
41,1008
41,1009
41,1010
41,1011
41,1012
41,1013
41,1014
41,1015
41,1016
41,1017
41,1018
41,1019
41,1020
41,1021
41,1022
41,1023
42,896
42,897
42,898
42,899
42,900
42,901
42,902
42,903
42,904
42,905
42,906
42,907
42,908
42,909
42,910
42,911
42,912
42,913
42,914
42,915
42,916
42,917
42,918
42,919
42,920
42,921
42,922
42,923
42,924
42,925
42,926
42,927
42,928
42,929
42,930
42,931
42,932
42,933
42,934
42,935
42,936
42,937
42,938
42,939
42,940
42,941
42,942
42,943
42,944
42,945
42,946
42,947
42,948
42,949
42,950
42,951
42,952
42,953
42,954
42,955
42,956
42,957
42,958
42,959
42,960
42,961
42,962
42,963
42,964
42,965
42,966
42,967
42,968
42,969
42,970
42,971
42,972
42,973
42,974
42,975
42,976
42,977
42,978
42,979
42,980
42,981
42,982
42,983
42,984
42,985
42,986
42,987
42,988
42,989
42,990
42,991
42,992
42,993
42,994
42,995
42,996
42,997
42,998
42,999
42,1000
42,1001
42,1002
42,1003
42,1004
42,1005
42,1006
42,1007
42,1008
42,1009
42,1010
42,1011
42,1012
42,1013
42,1014
42,1015
42,1016
42,1017
42,1018
42,1019
42,1020
42,1021
42,1022
42,1023
749,444
749,445
749,446
749,447
749,448
749,449
749,450
749,451
749,452
749,453
749,454
749,455
749,456
749,457
749,458
749,459
749,460
749,461
749,462
749,463
749,464
749,465
749,466
749,467
749,468
749,469
749,470
749,471
749,472
749,473
749,474
749,475
749,476
749,477
749,478
749,479
749,480
749,481
749,482
749,483
749,484
749,485
749,486
749,487
749,488
749,489
749,490
749,491
749,492
749,493
749,494
749,495
749,496
749,497
749,498
749,499
749,500
749,501
749,502
749,503
749,504
749,505
749,506
749,507
749,508
749,509
749,510
749,511
749,512
749,513
749,514
749,515
749,516
749,517
749,518
749,519
749,520
749,521
749,522
749,523
749,524
749,525
749,526
749,527
749,528
749,529
749,530
749,531
749,532
749,533
749,534
749,535
749,536
749,537
749,538
749,539
749,540
749,541
749,542
749,543
749,544
749,545
749,546
749,547
749,548
749,549
749,550
749,551
749,552
749,553
749,554
749,555
749,556
749,557
749,558
749,559
749,560
749,561
749,562
749,563
749,564
749,565
749,566
749,567
749,568
749,569
749,570
749,571
750,444
750,445
750,446
750,447
750,448
750,449
750,450
750,451
750,452
750,453
750,454
750,455
750,456
750,457
750,458
750,459
750,460
750,461
750,462
750,463
750,464
750,465
750,466
750,467
750,468
750,469
750,470
750,471
750,472
750,473
750,474
750,475
750,476
750,477
750,478
750,479
750,480
750,481
750,482
750,483
750,484
750,485
750,486
750,487
750,488
750,489
750,490
750,491
750,492
750,493
750,494
750,495
750,496
750,497
750,498
750,499
750,500
750,501
750,502
750,503
750,504
750,505
750,506
750,507
750,508
750,509
750,510
750,511
750,512
750,513
750,514
750,515
750,516
750,517
750,518
750,519
750,520
750,521
750,522
750,523
750,524
750,525
750,526
750,527
750,528
750,529
750,530
750,531
750,532
750,533
750,534
750,535
750,536
750,537
750,538
750,539
750,540
750,541
750,542
750,543
750,544
750,545
750,546
750,547
750,548
750,549
750,550
750,551
750,552
750,553
750,554
750,555
750,556
750,557
750,558
750,559
750,560
750,561
750,562
750,563
750,564
750,565
750,566
750,567
750,568
750,569
750,570
750,571
1019,416
1019,417
1019,418
1019,419
1019,420
1019,421
1019,422
1019,423
1019,424
1019,425
1019,426
1019,427
1019,428
1019,429
1019,430
1019,431
1019,432
1019,433
1019,434
1019,435
1019,436
1019,437
1019,438
1019,439
1019,440
1019,441
1019,442
1019,443
1019,444
1019,445
1019,446
1019,447
1019,448
1019,449
1019,450
1019,451
1019,452
1019,453
1019,454
1019,455
1019,456
1019,457
1019,458
1019,459
1019,460
1019,461
1019,462
1019,463
1019,464
1019,465
1019,466
1019,467
1019,468
1019,469
1019,470
1019,471
1019,472
1019,473
1019,474
1019,475
1019,476
1019,477
1019,478
1019,479
1019,480
1019,481
1019,482
1019,483
1019,484
1019,485
1019,486
1019,487
1019,488
1019,489
1019,490
1019,491
1019,492
1019,493
1019,494
1019,495
1019,496
1019,497
1019,498
1019,499
1019,500
1019,501
1019,502
1019,503
1019,504
1019,505
1019,506
1019,507
1019,508
1019,509
1019,510
1019,511
1019,512
1019,513
1019,514
1019,515
1019,516
1019,517
1019,518
1019,519
1019,520
1019,521
1019,522
1019,523
1019,524
1019,525
1019,526
1019,527
1019,528
1019,529
1019,530
1019,531
1019,532
1019,533
1019,534
1019,535
1019,536
1019,537
1019,538
1019,539
1019,540
1019,541
1019,542
1019,543
1020,416
1020,417
1020,418
1020,419
1020,420
1020,421
1020,422
1020,423
1020,424
1020,425
1020,426
1020,427
1020,428
1020,429
1020,430
1020,431
1020,432
1020,433
1020,434
1020,435
1020,436
1020,437
1020,438
1020,439
1020,440
1020,441
1020,442
1020,443
1020,444
1020,445
1020,446
1020,447
1020,448
1020,449
1020,450
1020,451
1020,452
1020,453
1020,454
1020,455
1020,456
1020,457
1020,458
1020,459
1020,460
1020,461
1020,462
1020,463
1020,464
1020,465
1020,466
1020,467
1020,468
1020,469
1020,470
1020,471
1020,472
1020,473
1020,474
1020,475
1020,476
1020,477
1020,478
1020,479
1020,480
1020,481
1020,482
1020,483
1020,484
1020,485
1020,486
1020,487
1020,488
1020,489
1020,490
1020,491
1020,492
1020,493
1020,494
1020,495
1020,496
1020,497
1020,498
1020,499
1020,500
1020,501
1020,502
1020,503
1020,504
1020,505
1020,506
1020,507
1020,508
1020,509
1020,510
1020,511
1020,512
1020,513
1020,514
1020,515
1020,516
1020,517
1020,518
1020,519
1020,520
1020,521
1020,522
1020,523
1020,524
1020,525
1020,526
1020,527
1020,528
1020,529
1020,530
1020,531
1020,532
1020,533
1020,534
1020,535
1020,536
1020,537
1020,538
1020,539
1020,540
1020,541
1020,542
1020,543
483,164
483,165
483,166
483,167
483,168
483,169
483,170
483,171
483,172
483,173
483,174
483,175
483,176
483,177
483,178
483,179
483,180
483,181
483,182
483,183
483,184
483,185
483,186
483,187
483,188
483,189
483,190
483,191
483,192
483,193
483,194
483,195
483,196
483,197
483,198
483,199
483,200
483,201
483,202
483,203
483,204
483,205
483,206
483,207
483,208
483,209
483,210
483,211
483,212
483,213
483,214
483,215
483,216
483,217
483,218
483,219
483,220
483,221
483,222
483,223
483,224
483,225
483,226
483,227
483,228
483,229
483,230
483,231
483,232
483,233
483,234
483,235
483,236
483,237
483,238
483,239
483,240
483,241
483,242
483,243
483,244
483,245
483,246
483,247
483,248
483,249
483,250
483,251
483,252
483,253
483,254
483,255
483,256
483,257
483,258
483,259
483,260
483,261
483,262
483,263
483,264
483,265
483,266
483,267
483,268
483,269
483,270
483,271
483,272
483,273
483,274
483,275
483,276
483,277
483,278
483,279
483,280
483,281
483,282
483,283
483,284
483,285
483,286
483,287
483,288
483,289
483,290
483,291
484,164
484,165
484,166
484,167
484,168
484,169
484,170
484,171
484,172
484,173
484,174
484,175
484,176
484,177
484,178
484,179
484,180
484,181
484,182
484,183
484,184
484,185
484,186
484,187
484,188
484,189
484,190
484,191
484,192
484,193
484,194
484,195
484,196
484,197
484,198
484,199
484,200
484,201
484,202
484,203
484,204
484,205
484,206
484,207
484,208
484,209
484,210
484,211
484,212
484,213
484,214
484,215
484,216
484,217
484,218
484,219
484,220
484,221
484,222
484,223
484,224
484,225
484,226
484,227
484,228
484,229
484,230
484,231
484,232
484,233
484,234
484,235
484,236
484,237
484,238
484,239
484,240
484,241
484,242
484,243
484,244
484,245
484,246
484,247
484,248
484,249
484,250
484,251
484,252
484,253
484,254
484,255
484,256
484,257
484,258
484,259
484,260
484,261
484,262
484,263
484,264
484,265
484,266
484,267
484,268
484,269
484,270
484,271
484,272
484,273
484,274
484,275
484,276
484,277
484,278
484,279
484,280
484,281
484,282
484,283
484,284
484,285
484,286
484,287
484,288
484,289
484,290
484,291
540,193
540,194
540,195
540,196
540,197
540,198
540,199
540,200
540,201
540,202
540,203
540,204
540,205
540,206
540,207
540,208
540,209
540,210
540,211
540,212
540,213
540,214
540,215
540,216
540,217
540,218
540,219
540,220
540,221
540,222
540,223
540,224
540,225
540,226
540,227
540,228
540,229
540,230
540,231
540,232
540,233
540,234
540,235
540,236
540,237
540,238
540,239
540,240
540,241
540,242
540,243
540,244
540,245
540,246
540,247
540,248
540,249
540,250
540,251
540,252
540,253
540,254
540,255
540,256
540,257
540,258
540,259
540,260
540,261
540,262
540,263
540,264
540,265
540,266
540,267
540,268
540,269
540,270
540,271
540,272
540,273
540,274
540,275
540,276
540,277
540,278
540,279
540,280
540,281
540,282
540,283
540,284
540,285
540,286
540,287
540,288
540,289
540,290
540,291
540,292
540,293
540,294
540,295
540,296
540,297
540,298
540,299
540,300
540,301
540,302
540,303
540,304
540,305
540,306
540,307
540,308
540,309
540,310
540,311
540,312
540,313
540,314
540,315
540,316
540,317
540,318
540,319
540,320
541,193
541,194
541,195
541,196
541,197
541,198
541,199
541,200
541,201
541,202
541,203
541,204
541,205
541,206
541,207
541,208
541,209
541,210
541,211
541,212
541,213
541,214
541,215
541,216
541,217
541,218
541,219
541,220
541,221
541,222
541,223
541,224
541,225
541,226
541,227
541,228
541,229
541,230
541,231
541,232
541,233
541,234
541,235
541,236
541,237
541,238
541,239
541,240
541,241
541,242
541,243
541,244
541,245
541,246
541,247
541,248
541,249
541,250
541,251
541,252
541,253
541,254
541,255
541,256
541,257
541,258
541,259
541,260
541,261
541,262
541,263
541,264
541,265
541,266
541,267
541,268
541,269
541,270
541,271
541,272
541,273
541,274
541,275
541,276
541,277
541,278
541,279
541,280
541,281
541,282
541,283
541,284
541,285
541,286
541,287
541,288
541,289
541,290
541,291
541,292
541,293
541,294
541,295
541,296
541,297
541,298
541,299
541,300
541,301
541,302
541,303
541,304
541,305
541,306
541,307
541,308
541,309
541,310
541,311
541,312
541,313
541,314
541,315
541,316
541,317
541,318
541,319
541,320
240,358
240,359
240,360
240,361
240,362
240,363
240,364
240,365
240,366
240,367
240,368
240,369
240,370
240,371
240,372
240,373
240,374
240,375
240,376
240,377
240,378
240,379
240,380
240,381
240,382
240,383
240,384
240,385
240,386
240,387
240,388
240,389
240,390
240,391
240,392
240,393
240,394
240,395
240,396
240,397
240,398
240,399
240,400
240,401
240,402
240,403
240,404
240,405
240,406
240,407
240,408
240,409
240,410
240,411
240,412
240,413
240,414
240,415
240,416
240,417
240,418
240,419
240,420
240,421
240,422
240,423
240,424
240,425
240,426
240,427
240,428
240,429
240,430
240,431
240,432
240,433
240,434
240,435
240,436
240,437
240,438
240,439
240,440
240,441
240,442
240,443
240,444
240,445
240,446
240,447
240,448
240,449
240,450
240,451
240,452
240,453
240,454
240,455
240,456
240,457
240,458
240,459
240,460
240,461
240,462
240,463
240,464
240,465
240,466
240,467
240,468
240,469
240,470
240,471
240,472
240,473
240,474
240,475
240,476
240,477
240,478
240,479
240,480
240,481
240,482
240,483
240,484
240,485
241,358
241,359
241,360
241,361
241,362
241,363
241,364
241,365
241,366
241,367
241,368
241,369
241,370
241,371
241,372
241,373
241,374
241,375
241,376
241,377
241,378
241,379
241,380
241,381
241,382
241,383
241,384
241,385
241,386
241,387
241,388
241,389
241,390
241,391
241,392
241,393
241,394
241,395
241,396
241,397
241,398
241,399
241,400
241,401
241,402
241,403
241,404
241,405
241,406
241,407
241,408
241,409
241,410
241,411
241,412
241,413
241,414
241,415
241,416
241,417
241,418
241,419
241,420
241,421
241,422
241,423
241,424
241,425
241,426
241,427
241,428
241,429
241,430
241,431
241,432
241,433
241,434
241,435
241,436
241,437
241,438
241,439
241,440
241,441
241,442
241,443
241,444
241,445
241,446
241,447
241,448
241,449
241,450
241,451
241,452
241,453
241,454
241,455
241,456
241,457
241,458
241,459
241,460
241,461
241,462
241,463
241,464
241,465
241,466
241,467
241,468
241,469
241,470
241,471
241,472
241,473
241,474
241,475
241,476
241,477
241,478
241,479
241,480
241,481
241,482
241,483
241,484
241,485
821,146
821,147
821,148
821,149
821,150
821,151
821,152
821,153
821,154
821,155
821,156
821,157
821,158
821,159
821,160
821,161
821,162
821,163
821,164
821,165
821,166
821,167
821,168
821,169
821,170
821,171
821,172
821,173
821,174
821,175
821,176
821,177
821,178
821,179
821,180
821,181
821,182
821,183
821,184
821,185
821,186
821,187
821,188
821,189
821,190
821,191
821,192
821,193
821,194
821,195
821,196
821,197
821,198
821,199
821,200
821,201
821,202
821,203
821,204
821,205
821,206
821,207
821,208
821,209
821,210
821,211
821,212
821,213
821,214
821,215
821,216
821,217
821,218
821,219
821,220
821,221
821,222
821,223
821,224
821,225
821,226
821,227
821,228
821,229
821,230
821,231
821,232
821,233
821,234
821,235
821,236
821,237
821,238
821,239
821,240
821,241
821,242
821,243
821,244
821,245
821,246
821,247
821,248
821,249
821,250
821,251
821,252
821,253
821,254
821,255
821,256
821,257
821,258
821,259
821,260
821,261
821,262
821,263
821,264
821,265
821,266
821,267
821,268
821,269
821,270
821,271
821,272
821,273
822,146
822,147
822,148
822,149
822,150
822,151
822,152
822,153
822,154
822,155
822,156
822,157
822,158
822,159
822,160
822,161
822,162
822,163
822,164
822,165
822,166
822,167
822,168
822,169
822,170
822,171
822,172
822,173
822,174
822,175
822,176
822,177
822,178
822,179
822,180
822,181
822,182
822,183
822,184
822,185
822,186
822,187
822,188
822,189
822,190
822,191
822,192
822,193
822,194
822,195
822,196
822,197
822,198
822,199
822,200
822,201
822,202
822,203
822,204
822,205
822,206
822,207
822,208
822,209
822,210
822,211
822,212
822,213
822,214
822,215
822,216
822,217
822,218
822,219
822,220
822,221
822,222
822,223
822,224
822,225
822,226
822,227
822,228
822,229
822,230
822,231
822,232
822,233
822,234
822,235
822,236
822,237
822,238
822,239
822,240
822,241
822,242
822,243
822,244
822,245
822,246
822,247
822,248
822,249
822,250
822,251
822,252
822,253
822,254
822,255
822,256
822,257
822,258
822,259
822,260
822,261
822,262
822,263
822,264
822,265
822,266
822,267
822,268
822,269
822,270
822,271
822,272
822,273
644,801
644,802
644,803
644,804
644,805
644,806
644,807
644,808
644,809
644,810
644,811
644,812
644,813
644,814
644,815
644,816
644,817
644,818
644,819
644,820
644,821
644,822
644,823
644,824
644,825
644,826
644,827
644,828
644,829
644,830
644,831
644,832
644,833
644,834
644,835
644,836
644,837
644,838
644,839
644,840
644,841
644,842
644,843
644,844
644,845
644,846
644,847
644,848
644,849
644,850
644,851
644,852
644,853
644,854
644,855
644,856
644,857
644,858
644,859
644,860
644,861
644,862
644,863
644,864
644,865
644,866
644,867
644,868
644,869
644,870
644,871
644,872
644,873
644,874
644,875
644,876
644,877
644,878
644,879
644,880
644,881
644,882
644,883
644,884
644,885
644,886
644,887
644,888
644,889
644,890
644,891
644,892
644,893
644,894
644,895
644,896
644,897
644,898
644,899
644,900
644,901
644,902
644,903
644,904
644,905
644,906
644,907
644,908
644,909
644,910
644,911
644,912
644,913
644,914
644,915
644,916
644,917
644,918
644,919
644,920
644,921
644,922
644,923
644,924
644,925
644,926
644,927
644,928
645,801
645,802
645,803
645,804
645,805
645,806
645,807
645,808
645,809
645,810
645,811
645,812
645,813
645,814
645,815
645,816
645,817
645,818
645,819
645,820
645,821
645,822
645,823
645,824
645,825
645,826
645,827
645,828
645,829
645,830
645,831
645,832
645,833
645,834
645,835
645,836
645,837
645,838
645,839
645,840
645,841
645,842
645,843
645,844
645,845
645,846
645,847
645,848
645,849
645,850
645,851
645,852
645,853
645,854
645,855
645,856
645,857
645,858
645,859
645,860
645,861
645,862
645,863
645,864
645,865
645,866
645,867
645,868
645,869
645,870
645,871
645,872
645,873
645,874
645,875
645,876
645,877
645,878
645,879
645,880
645,881
645,882
645,883
645,884
645,885
645,886
645,887
645,888
645,889
645,890
645,891
645,892
645,893
645,894
645,895
645,896
645,897
645,898
645,899
645,900
645,901
645,902
645,903
645,904
645,905
645,906
645,907
645,908
645,909
645,910
645,911
645,912
645,913
645,914
645,915
645,916
645,917
645,918
645,919
645,920
645,921
645,922
645,923
645,924
645,925
645,926
645,927
645,928
1004,234
1004,235
1004,236
1004,237
1004,238
1004,239
1004,240
1004,241
1004,242
1004,243
1004,244
1004,245
1004,246
1004,247
1004,248
1004,249
1004,250
1004,251
1004,252
1004,253
1004,254
1004,255
1004,256
1004,257
1004,258
1004,259
1004,260
1004,261
1004,262
1004,263
1004,264
1004,265
1004,266
1004,267
1004,268
1004,269
1004,270
1004,271
1004,272
1004,273
1004,274
1004,275
1004,276
1004,277
1004,278
1004,279
1004,280
1004,281
1004,282
1004,283
1004,284
1004,285
1004,286
1004,287
1004,288
1004,289
1004,290
1004,291
1004,292
1004,293
1004,294
1004,295
1004,296
1004,297
1004,298
1004,299
1004,300
1004,301
1004,302
1004,303
1004,304
1004,305
1004,306
1004,307
1004,308
1004,309
1004,310
1004,311
1004,312
1004,313
1004,314
1004,315
1004,316
1004,317
1004,318
1004,319
1004,320
1004,321
1004,322
1004,323
1004,324
1004,325
1004,326
1004,327
1004,328
1004,329
1004,330
1004,331
1004,332
1004,333
1004,334
1004,335
1004,336
1004,337
1004,338
1004,339
1004,340
1004,341
1004,342
1004,343
1004,344
1004,345
1004,346
1004,347
1004,348
1004,349
1004,350
1004,351
1004,352
1004,353
1004,354
1004,355
1004,356
1004,357
1004,358
1004,359
1004,360
1004,361
1005,234
1005,235
1005,236
1005,237
1005,238
1005,239
1005,240
1005,241
1005,242
1005,243
1005,244
1005,245
1005,246
1005,247
1005,248
1005,249
1005,250
1005,251
1005,252
1005,253
1005,254
1005,255
1005,256
1005,257
1005,258
1005,259
1005,260
1005,261
1005,262
1005,263
1005,264
1005,265
1005,266
1005,267
1005,268
1005,269
1005,270
1005,271
1005,272
1005,273
1005,274
1005,275
1005,276
1005,277
1005,278
1005,279
1005,280
1005,281
1005,282
1005,283
1005,284
1005,285
1005,286
1005,287
1005,288
1005,289
1005,290
1005,291
1005,292
1005,293
1005,294
1005,295
1005,296
1005,297
1005,298
1005,299
1005,300
1005,301
1005,302
1005,303
1005,304
1005,305
1005,306
1005,307
1005,308
1005,309
1005,310
1005,311
1005,312
1005,313
1005,314
1005,315
1005,316
1005,317
1005,318
1005,319
1005,320
1005,321
1005,322
1005,323
1005,324
1005,325
1005,326
1005,327
1005,328
1005,329
1005,330
1005,331
1005,332
1005,333
1005,334
1005,335
1005,336
1005,337
1005,338
1005,339
1005,340
1005,341
1005,342
1005,343
1005,344
1005,345
1005,346
1005,347
1005,348
1005,349
1005,350
1005,351
1005,352
1005,353
1005,354
1005,355
1005,356
1005,357
1005,358
1005,359
1005,360
1005,361
272,507
272,508
272,509
272,510
272,511
272,512
272,513
272,514
272,515
272,516
272,517
272,518
272,519
272,520
272,521
272,522
272,523
272,524
272,525
272,526
272,527
272,528
272,529
272,530
272,531
272,532
272,533
272,534
272,535
272,536
272,537
272,538
272,539
272,540
272,541
272,542
272,543
272,544
272,545
272,546
272,547
272,548
272,549
272,550
272,551
272,552
272,553
272,554
272,555
272,556
272,557
272,558
272,559
272,560
272,561
272,562
272,563
272,564
272,565
272,566
272,567
272,568
272,569
272,570
272,571
272,572
272,573
272,574
272,575
272,576
272,577
272,578
272,579
272,580
272,581
272,582
272,583
272,584
272,585
272,586
272,587
272,588
272,589
272,590
272,591
272,592
272,593
272,594
272,595
272,596
272,597
272,598
272,599
272,600
272,601
272,602
272,603
272,604
272,605
272,606
272,607
272,608
272,609
272,610
272,611
272,612
272,613
272,614
272,615
272,616
272,617
272,618
272,619
272,620
272,621
272,622
272,623
272,624
272,625
272,626
272,627
272,628
272,629
272,630
272,631
272,632
272,633
272,634
273,507
273,508
273,509
273,510
273,511
273,512
273,513
273,514
273,515
273,516
273,517
273,518
273,519
273,520
273,521
273,522
273,523
273,524
273,525
273,526
273,527
273,528
273,529
273,530
273,531
273,532
273,533
273,534
273,535
273,536
273,537
273,538
273,539
273,540
273,541
273,542
273,543
273,544
273,545
273,546
273,547
273,548
273,549
273,550
273,551
273,552
273,553
273,554
273,555
273,556
273,557
273,558
273,559
273,560
273,561
273,562
273,563
273,564
273,565
273,566
273,567
273,568
273,569
273,570
273,571
273,572
273,573
273,574
273,575
273,576
273,577
273,578
273,579
273,580
273,581
273,582
273,583
273,584
273,585
273,586
273,587
273,588
273,589
273,590
273,591
273,592
273,593
273,594
273,595
273,596
273,597
273,598
273,599
273,600
273,601
273,602
273,603
273,604
273,605
273,606
273,607
273,608
273,609
273,610
273,611
273,612
273,613
273,614
273,615
273,616
273,617
273,618
273,619
273,620
273,621
273,622
273,623
273,624
273,625
273,626
273,627
273,628
273,629
273,630
273,631
273,632
273,633
273,634
38,779
38,780
38,781
38,782
38,783
38,784
38,785
38,786
38,787
38,788
38,789
38,790
38,791
38,792
38,793
38,794
38,795
38,796
38,797
38,798
38,799
38,800
38,801
38,802
38,803
38,804
38,805
38,806
38,807
38,808
38,809
38,810
38,811
38,812
38,813
38,814
38,815
38,816
38,817
38,818
38,819
38,820
38,821
38,822
38,823
38,824
38,825
38,826
38,827
38,828
38,829
38,830
38,831
38,832
38,833
38,834
38,835
38,836
38,837
38,838
38,839
38,840
38,841
38,842
38,843
38,844
38,845
38,846
38,847
38,848
38,849
38,850
38,851
38,852
38,853
38,854
38,855
38,856
38,857
38,858
38,859
38,860
38,861
38,862
38,863
38,864
38,865
38,866
38,867
38,868
38,869
38,870
38,871
38,872
38,873
38,874
38,875
38,876
38,877
38,878
38,879
38,880
38,881
38,882
38,883
38,884
38,885
38,886
38,887
38,888
38,889
38,890
38,891
38,892
38,893
38,894
38,895
38,896
38,897
38,898
38,899
38,900
38,901
38,902
38,903
38,904
38,905
38,906
39,779
39,780
39,781
39,782
39,783
39,784
39,785
39,786
39,787
39,788
39,789
39,790
39,791
39,792
39,793
39,794
39,795
39,796
39,797
39,798
39,799
39,800
39,801
39,802
39,803
39,804
39,805
39,806
39,807
39,808
39,809
39,810
39,811
39,812
39,813
39,814
39,815
39,816
39,817
39,818
39,819
39,820
39,821
39,822
39,823
39,824
39,825
39,826
39,827
39,828
39,829
39,830
39,831
39,832
39,833
39,834
39,835
39,836
39,837
39,838
39,839
39,840
39,841
39,842
39,843
39,844
39,845
39,846
39,847
39,848
39,849
39,850
39,851
39,852
39,853
39,854
39,855
39,856
39,857
39,858
39,859
39,860
39,861
39,862
39,863
39,864
39,865
39,866
39,867
39,868
39,869
39,870
39,871
39,872
39,873
39,874
39,875
39,876
39,877
39,878
39,879
39,880
39,881
39,882
39,883
39,884
39,885
39,886
39,887
39,888
39,889
39,890
39,891
39,892
39,893
39,894
39,895
39,896
39,897
39,898
39,899
39,900
39,901
39,902
39,903
39,904
39,905
39,906
652,703
652,704
652,705
652,706
652,707
652,708
652,709
652,710
652,711
652,712
652,713
652,714
652,715
652,716
652,717
652,718
652,719
652,720
652,721
652,722
652,723
652,724
652,725
652,726
652,727
652,728
652,729
652,730
652,731
652,732
652,733
652,734
652,735
652,736
652,737
652,738
652,739
652,740
652,741
652,742
652,743
652,744
652,745
652,746
652,747
652,748
652,749
652,750
652,751
652,752
652,753
652,754
652,755
652,756
652,757
652,758
652,759
652,760
652,761
652,762
652,763
652,764
652,765
652,766
652,767
652,768
652,769
652,770
652,771
652,772
652,773
652,774
652,775
652,776
652,777
652,778
652,779
652,780
652,781
652,782
652,783
652,784
652,785
652,786
652,787
652,788
652,789
652,790
652,791
652,792
652,793
652,794
652,795
652,796
652,797
652,798
652,799
652,800
652,801
652,802
652,803
652,804
652,805
652,806
652,807
652,808
652,809
652,810
652,811
652,812
652,813
652,814
652,815
652,816
652,817
652,818
652,819
652,820
652,821
652,822
652,823
652,824
652,825
652,826
652,827
652,828
652,829
652,830
653,703
653,704
653,705
653,706
653,707
653,708
653,709
653,710
653,711
653,712
653,713
653,714
653,715
653,716
653,717
653,718
653,719
653,720
653,721
653,722
653,723
653,724
653,725
653,726
653,727
653,728
653,729
653,730
653,731
653,732
653,733
653,734
653,735
653,736
653,737
653,738
653,739
653,740
653,741
653,742
653,743
653,744
653,745
653,746
653,747
653,748
653,749
653,750
653,751
653,752
653,753
653,754
653,755
653,756
653,757
653,758
653,759
653,760
653,761
653,762
653,763
653,764
653,765
653,766
653,767
653,768
653,769
653,770
653,771
653,772
653,773
653,774
653,775
653,776
653,777
653,778
653,779
653,780
653,781
653,782
653,783
653,784
653,785
653,786
653,787
653,788
653,789
653,790
653,791
653,792
653,793
653,794
653,795
653,796
653,797
653,798
653,799
653,800
653,801
653,802
653,803
653,804
653,805
653,806
653,807
653,808
653,809
653,810
653,811
653,812
653,813
653,814
653,815
653,816
653,817
653,818
653,819
653,820
653,821
653,822
653,823
653,824
653,825
653,826
653,827
653,828
653,829
653,830
14,26
14,27
14,28
14,29
14,30
14,31
14,32
14,33
14,34
14,35
14,36
14,37
14,38
14,39
14,40
14,41
14,42
14,43
14,44
14,45
14,46
14,47
14,48
14,49
14,50
14,51
14,52
14,53
14,54
14,55
14,56
14,57
14,58
14,59
14,60
14,61
14,62
14,63
14,64
14,65
14,66
14,67
14,68
14,69
14,70
14,71
14,72
14,73
14,74
14,75
14,76
14,77
14,78
14,79
14,80
14,81
14,82
14,83
14,84
14,85
14,86
14,87
14,88
14,89
14,90
14,91
14,92
14,93
14,94
14,95
14,96
14,97
14,98
14,99
14,100
14,101
14,102
14,103
14,104
14,105
14,106
14,107
14,108
14,109
14,110
14,111
14,112
14,113
14,114
14,115
14,116
14,117
14,118
14,119
14,120
14,121
14,122
14,123
14,124
14,125
14,126
14,127
14,128
14,129
14,130
14,131
14,132
14,133
14,134
14,135
14,136
14,137
14,138
14,139
14,140
14,141
14,142
14,143
14,144
14,145
14,146
14,147
14,148
14,149
14,150
14,151
14,152
14,153
15,26
15,27
15,28
15,29
15,30
15,31
15,32
15,33
15,34
15,35
15,36
15,37
15,38
15,39
15,40
15,41
15,42
15,43
15,44
15,45
15,46
15,47
15,48
15,49
15,50
15,51
15,52
15,53
15,54
15,55
15,56
15,57
15,58
15,59
15,60
15,61
15,62
15,63
15,64
15,65
15,66
15,67
15,68
15,69
15,70
15,71
15,72
15,73
15,74
15,75
15,76
15,77
15,78
15,79
15,80
15,81
15,82
15,83
15,84
15,85
15,86
15,87
15,88
15,89
15,90
15,91
15,92
15,93
15,94
15,95
15,96
15,97
15,98
15,99
15,100
15,101
15,102
15,103
15,104
15,105
15,106
15,107
15,108
15,109
15,110
15,111
15,112
15,113
15,114
15,115
15,116
15,117
15,118
15,119
15,120
15,121
15,122
15,123
15,124
15,125
15,126
15,127
15,128
15,129
15,130
15,131
15,132
15,133
15,134
15,135
15,136
15,137
15,138
15,139
15,140
15,141
15,142
15,143
15,144
15,145
15,146
15,147
15,148
15,149
15,150
15,151
15,152
15,153
939,585
939,586
939,587
939,588
939,589
939,590
939,591
939,592
939,593
939,594
939,595
939,596
939,597
939,598
939,599
939,600
939,601
939,602
939,603
939,604
939,605
939,606
939,607
939,608
939,609
939,610
939,611
939,612
939,613
939,614
939,615
939,616
939,617
939,618
939,619
939,620
939,621
939,622
939,623
939,624
939,625
939,626
939,627
939,628
939,629
939,630
939,631
939,632
939,633
939,634
939,635
939,636
939,637
939,638
939,639
939,640
939,641
939,642
939,643
939,644
939,645
939,646
939,647
939,648
939,649
939,650
939,651
939,652
939,653
939,654
939,655
939,656
939,657
939,658
939,659
939,660
939,661
939,662
939,663
939,664
939,665
939,666
939,667
939,668
939,669
939,670
939,671
939,672
939,673
939,674
939,675
939,676
939,677
939,678
939,679
939,680
939,681
939,682
939,683
939,684
939,685
939,686
939,687
939,688
939,689
939,690
939,691
939,692
939,693
939,694
939,695
939,696
939,697
939,698
939,699
939,700
939,701
939,702
939,703
939,704
939,705
939,706
939,707
939,708
939,709
939,710
939,711
939,712
940,585
940,586
940,587
940,588
940,589
940,590
940,591
940,592
940,593
940,594
940,595
940,596
940,597
940,598
940,599
940,600
940,601
940,602
940,603
940,604
940,605
940,606
940,607
940,608
940,609
940,610
940,611
940,612
940,613
940,614
940,615
940,616
940,617
940,618
940,619
940,620
940,621
940,622
940,623
940,624
940,625
940,626
940,627
940,628
940,629
940,630
940,631
940,632
940,633
940,634
940,635
940,636
940,637
940,638
940,639
940,640
940,641
940,642
940,643
940,644
940,645
940,646
940,647
940,648
940,649
940,650
940,651
940,652
940,653
940,654
940,655
940,656
940,657
940,658
940,659
940,660
940,661
940,662
940,663
940,664
940,665
940,666
940,667
940,668
940,669
940,670
940,671
940,672
940,673
940,674
940,675
940,676
940,677
940,678
940,679
940,680
940,681
940,682
940,683
940,684
940,685
940,686
940,687
940,688
940,689
940,690
940,691
940,692
940,693
940,694
940,695
940,696
940,697
940,698
940,699
940,700
940,701
940,702
940,703
940,704
940,705
940,706
940,707
940,708
940,709
940,710
940,711
940,712
376,98
376,99
376,100
376,101
376,102
376,103
376,104
376,105
376,106
376,107
376,108
376,109
376,110
376,111
376,112
376,113
376,114
376,115
376,116
376,117
376,118
376,119
376,120
376,121
376,122
376,123
376,124
376,125
376,126
376,127
376,128
376,129
376,130
376,131
376,132
376,133
376,134
376,135
376,136
376,137
376,138
376,139
376,140
376,141
376,142
376,143
376,144
376,145
376,146
376,147
376,148
376,149
376,150
376,151
376,152
376,153
376,154
376,155
376,156
376,157
376,158
376,159
376,160
376,161
376,162
376,163
376,164
376,165
376,166
376,167
376,168
376,169
376,170
376,171
376,172
376,173
376,174
376,175
376,176
376,177
376,178
376,179
376,180
376,181
376,182
376,183
376,184
376,185
376,186
376,187
376,188
376,189
376,190
376,191
376,192
376,193
376,194
376,195
376,196
376,197
376,198
376,199
376,200
376,201
376,202
376,203
376,204
376,205
376,206
376,207
376,208
376,209
376,210
376,211
376,212
376,213
376,214
376,215
376,216
376,217
376,218
376,219
376,220
376,221
376,222
376,223
376,224
376,225
377,98
377,99
377,100
377,101
377,102
377,103
377,104
377,105
377,106
377,107
377,108
377,109
377,110
377,111
377,112
377,113
377,114
377,115
377,116
377,117
377,118
377,119
377,120
377,121
377,122
377,123
377,124
377,125
377,126
377,127
377,128
377,129
377,130
377,131
377,132
377,133
377,134
377,135
377,136
377,137
377,138
377,139
377,140
377,141
377,142
377,143
377,144
377,145
377,146
377,147
377,148
377,149
377,150
377,151
377,152
377,153
377,154
377,155
377,156
377,157
377,158
377,159
377,160
377,161
377,162
377,163
377,164
377,165
377,166
377,167
377,168
377,169
377,170
377,171
377,172
377,173
377,174
377,175
377,176
377,177
377,178
377,179
377,180
377,181
377,182
377,183
377,184
377,185
377,186
377,187
377,188
377,189
377,190
377,191
377,192
377,193
377,194
377,195
377,196
377,197
377,198
377,199
377,200
377,201
377,202
377,203
377,204
377,205
377,206
377,207
377,208
377,209
377,210
377,211
377,212
377,213
377,214
377,215
377,216
377,217
377,218
377,219
377,220
377,221
377,222
377,223
377,224
377,225
998,690
998,691
998,692
998,693
998,694
998,695
998,696
998,697
998,698
998,699
998,700
998,701
998,702
998,703
998,704
998,705
998,706
998,707
998,708
998,709
998,710
998,711
998,712
998,713
998,714
998,715
998,716
998,717
998,718
998,719
998,720
998,721
998,722
998,723
998,724
998,725
998,726
998,727
998,728
998,729
998,730
998,731
998,732
998,733
998,734
998,735
998,736
998,737
998,738
998,739
998,740
998,741
998,742
998,743
998,744
998,745
998,746
998,747
998,748
998,749
998,750
998,751
998,752
998,753
998,754
998,755
998,756
998,757
998,758
998,759
998,760
998,761
998,762
998,763
998,764
998,765
998,766
998,767
998,768
998,769
998,770
998,771
998,772
998,773
998,774
998,775
998,776
998,777
998,778
998,779
998,780
998,781
998,782
998,783
998,784
998,785
998,786
998,787
998,788
998,789
998,790
998,791
998,792
998,793
998,794
998,795
998,796
998,797
998,798
998,799
998,800
998,801
998,802
998,803
998,804
998,805
998,806
998,807
998,808
998,809
998,810
998,811
998,812
998,813
998,814
998,815
998,816
998,817
999,690
999,691
999,692
999,693
999,694
999,695
999,696
999,697
999,698
999,699
999,700
999,701
999,702
999,703
999,704
999,705
999,706
999,707
999,708
999,709
999,710
999,711
999,712
999,713
999,714
999,715
999,716
999,717
999,718
999,719
999,720
999,721
999,722
999,723
999,724
999,725
999,726
999,727
999,728
999,729
999,730
999,731
999,732
999,733
999,734
999,735
999,736
999,737
999,738
999,739
999,740
999,741
999,742
999,743
999,744
999,745
999,746
999,747
999,748
999,749
999,750
999,751
999,752
999,753
999,754
999,755
999,756
999,757
999,758
999,759
999,760
999,761
999,762
999,763
999,764
999,765
999,766
999,767
999,768
999,769
999,770
999,771
999,772
999,773
999,774
999,775
999,776
999,777
999,778
999,779
999,780
999,781
999,782
999,783
999,784
999,785
999,786
999,787
999,788
999,789
999,790
999,791
999,792
999,793
999,794
999,795
999,796
999,797
999,798
999,799
999,800
999,801
999,802
999,803
999,804
999,805
999,806
999,807
999,808
999,809
999,810
999,811
999,812
999,813
999,814
999,815
999,816
999,817
968,534
968,535
968,536
968,537
968,538
968,539
968,540
968,541
968,542
968,543
968,544
968,545
968,546
968,547
968,548
968,549
968,550
968,551
968,552
968,553
968,554
968,555
968,556
968,557
968,558
968,559
968,560
968,561
968,562
968,563
968,564
968,565
968,566
968,567
968,568
968,569
968,570
968,571
968,572
968,573
968,574
968,575
968,576
968,577
968,578
968,579
968,580
968,581
968,582
968,583
968,584
968,585
968,586
968,587
968,588
968,589
968,590
968,591
968,592
968,593
968,594
968,595
968,596
968,597
968,598
968,599
968,600
968,601
968,602
968,603
968,604
968,605
968,606
968,607
968,608
968,609
968,610
968,611
968,612
968,613
968,614
968,615
968,616
968,617
968,618
968,619
968,620
968,621
968,622
968,623
968,624
968,625
968,626
968,627
968,628
968,629
968,630
968,631
968,632
968,633
968,634
968,635
968,636
968,637
968,638
968,639
968,640
968,641
968,642
968,643
968,644
968,645
968,646
968,647
968,648
968,649
968,650
968,651
968,652
968,653
968,654
968,655
968,656
968,657
968,658
968,659
968,660
968,661
969,534
969,535
969,536
969,537
969,538
969,539
969,540
969,541
969,542
969,543
969,544
969,545
969,546
969,547
969,548
969,549
969,550
969,551
969,552
969,553
969,554
969,555
969,556
969,557
969,558
969,559
969,560
969,561
969,562
969,563
969,564
969,565
969,566
969,567
969,568
969,569
969,570
969,571
969,572
969,573
969,574
969,575
969,576
969,577
969,578
969,579
969,580
969,581
969,582
969,583
969,584
969,585
969,586
969,587
969,588
969,589
969,590
969,591
969,592
969,593
969,594
969,595
969,596
969,597
969,598
969,599
969,600
969,601
969,602
969,603
969,604
969,605
969,606
969,607
969,608
969,609
969,610
969,611
969,612
969,613
969,614
969,615
969,616
969,617
969,618
969,619
969,620
969,621
969,622
969,623
969,624
969,625
969,626
969,627
969,628
969,629
969,630
969,631
969,632
969,633
969,634
969,635
969,636
969,637
969,638
969,639
969,640
969,641
969,642
969,643
969,644
969,645
969,646
969,647
969,648
969,649
969,650
969,651
969,652
969,653
969,654
969,655
969,656
969,657
969,658
969,659
969,660
969,661
111,774
111,775
111,776
111,777
111,778
111,779
111,780
111,781
111,782
111,783
111,784
111,785
111,786
111,787
111,788
111,789
111,790
111,791
111,792
111,793
111,794
111,795
111,796
111,797
111,798
111,799
111,800
111,801
111,802
111,803
111,804
111,805
111,806
111,807
111,808
111,809
111,810
111,811
111,812
111,813
111,814
111,815
111,816
111,817
111,818
111,819
111,820
111,821
111,822
111,823
111,824
111,825
111,826
111,827
111,828
111,829
111,830
111,831
111,832
111,833
111,834
111,835
111,836
111,837
111,838
111,839
111,840
111,841
111,842
111,843
111,844
111,845
111,846
111,847
111,848
111,849
111,850
111,851
111,852
111,853
111,854
111,855
111,856
111,857
111,858
111,859
111,860
111,861
111,862
111,863
111,864
111,865
111,866
111,867
111,868
111,869
111,870
111,871
111,872
111,873
111,874
111,875
111,876
111,877
111,878
111,879
111,880
111,881
111,882
111,883
111,884
111,885
111,886
111,887
111,888
111,889
111,890
111,891
111,892
111,893
111,894
111,895
111,896
111,897
111,898
111,899
111,900
111,901
112,774
112,775
112,776
112,777
112,778
112,779
112,780
112,781
112,782
112,783
112,784
112,785
112,786
112,787
112,788
112,789
112,790
112,791
112,792
112,793
112,794
112,795
112,796
112,797
112,798
112,799
112,800
112,801
112,802
112,803
112,804
112,805
112,806
112,807
112,808
112,809
112,810
112,811
112,812
112,813
112,814
112,815
112,816
112,817
112,818
112,819
112,820
112,821
112,822
112,823
112,824
112,825
112,826
112,827
112,828
112,829
112,830
112,831
112,832
112,833
112,834
112,835
112,836
112,837
112,838
112,839
112,840
112,841
112,842
112,843
112,844
112,845
112,846
112,847
112,848
112,849
112,850
112,851
112,852
112,853
112,854
112,855
112,856
112,857
112,858
112,859
112,860
112,861
112,862
112,863
112,864
112,865
112,866
112,867
112,868
112,869
112,870
112,871
112,872
112,873
112,874
112,875
112,876
112,877
112,878
112,879
112,880
112,881
112,882
112,883
112,884
112,885
112,886
112,887
112,888
112,889
112,890
112,891
112,892
112,893
112,894
112,895
112,896
112,897
112,898
112,899
112,900
112,901
976,474
976,475
976,476
976,477
976,478
976,479
976,480
976,481
976,482
976,483
976,484
976,485
976,486
976,487
976,488
976,489
976,490
976,491
976,492
976,493
976,494
976,495
976,496
976,497
976,498
976,499
976,500
976,501
976,502
976,503
976,504
976,505
976,506
976,507
976,508
976,509
976,510
976,511
976,512
976,513
976,514
976,515
976,516
976,517
976,518
976,519
976,520
976,521
976,522
976,523
976,524
976,525
976,526
976,527
976,528
976,529
976,530
976,531
976,532
976,533
976,534
976,535
976,536
976,537
976,538
976,539
976,540
976,541
976,542
976,543
976,544
976,545
976,546
976,547
976,548
976,549
976,550
976,551
976,552
976,553
976,554
976,555
976,556
976,557
976,558
976,559
976,560
976,561
976,562
976,563
976,564
976,565
976,566
976,567
976,568
976,569
976,570
976,571
976,572
976,573
976,574
976,575
976,576
976,577
976,578
976,579
976,580
976,581
976,582
976,583
976,584
976,585
976,586
976,587
976,588
976,589
976,590
976,591
976,592
976,593
976,594
976,595
976,596
976,597
976,598
976,599
976,600
976,601
977,474
977,475
977,476
977,477
977,478
977,479
977,480
977,481
977,482
977,483
977,484
977,485
977,486
977,487
977,488
977,489
977,490
977,491
977,492
977,493
977,494
977,495
977,496
977,497
977,498
977,499
977,500
977,501
977,502
977,503
977,504
977,505
977,506
977,507
977,508
977,509
977,510
977,511
977,512
977,513
977,514
977,515
977,516
977,517
977,518
977,519
977,520
977,521
977,522
977,523
977,524
977,525
977,526
977,527
977,528
977,529
977,530
977,531
977,532
977,533
977,534
977,535
977,536
977,537
977,538
977,539
977,540
977,541
977,542
977,543
977,544
977,545
977,546
977,547
977,548
977,549
977,550
977,551
977,552
977,553
977,554
977,555
977,556
977,557
977,558
977,559
977,560
977,561
977,562
977,563
977,564
977,565
977,566
977,567
977,568
977,569
977,570
977,571
977,572
977,573
977,574
977,575
977,576
977,577
977,578
977,579
977,580
977,581
977,582
977,583
977,584
977,585
977,586
977,587
977,588
977,589
977,590
977,591
977,592
977,593
977,594
977,595
977,596
977,597
977,598
977,599
977,600
977,601
677,499
677,500
677,501
677,502
677,503
677,504
677,505
677,506
677,507
677,508
677,509
677,510
677,511
677,512
677,513
677,514
677,515
677,516
677,517
677,518
677,519
677,520
677,521
677,522
677,523
677,524
677,525
677,526
677,527
677,528
677,529
677,530
677,531
677,532
677,533
677,534
677,535
677,536
677,537
677,538
677,539
677,540
677,541
677,542
677,543
677,544
677,545
677,546
677,547
677,548
677,549
677,550
677,551
677,552
677,553
677,554
677,555
677,556
677,557
677,558
677,559
677,560
677,561
677,562
677,563
677,564
677,565
677,566
677,567
677,568
677,569
677,570
677,571
677,572
677,573
677,574
677,575
677,576
677,577
677,578
677,579
677,580
677,581
677,582
677,583
677,584
677,585
677,586
677,587
677,588
677,589
677,590
677,591
677,592
677,593
677,594
677,595
677,596
677,597
677,598
677,599
677,600
677,601
677,602
677,603
677,604
677,605
677,606
677,607
677,608
677,609
677,610
677,611
677,612
677,613
677,614
677,615
677,616
677,617
677,618
677,619
677,620
677,621
677,622
677,623
677,624
677,625
677,626
678,499
678,500
678,501
678,502
678,503
678,504
678,505
678,506
678,507
678,508
678,509
678,510
678,511
678,512
678,513
678,514
678,515
678,516
678,517
678,518
678,519
678,520
678,521
678,522
678,523
678,524
678,525
678,526
678,527
678,528
678,529
678,530
678,531
678,532
678,533
678,534
678,535
678,536
678,537
678,538
678,539
678,540
678,541
678,542
678,543
678,544
678,545
678,546
678,547
678,548
678,549
678,550
678,551
678,552
678,553
678,554
678,555
678,556
678,557
678,558
678,559
678,560
678,561
678,562
678,563
678,564
678,565
678,566
678,567
678,568
678,569
678,570
678,571
678,572
678,573
678,574
678,575
678,576
678,577
678,578
678,579
678,580
678,581
678,582
678,583
678,584
678,585
678,586
678,587
678,588
678,589
678,590
678,591
678,592
678,593
678,594
678,595
678,596
678,597
678,598
678,599
678,600
678,601
678,602
678,603
678,604
678,605
678,606
678,607
678,608
678,609
678,610
678,611
678,612
678,613
678,614
678,615
678,616
678,617
678,618
678,619
678,620
678,621
678,622
678,623
678,624
678,625
678,626
139,757
139,758
139,759
139,760
139,761
139,762
139,763
139,764
139,765
139,766
139,767
139,768
139,769
139,770
139,771
139,772
139,773
139,774
139,775
139,776
139,777
139,778
139,779
139,780
139,781
139,782
139,783
139,784
139,785
139,786
139,787
139,788
139,789
139,790
139,791
139,792
139,793
139,794
139,795
139,796
139,797
139,798
139,799
139,800
139,801
139,802
139,803
139,804
139,805
139,806
139,807
139,808
139,809
139,810
139,811
139,812
139,813
139,814
139,815
139,816
139,817
139,818
139,819
139,820
139,821
139,822
139,823
139,824
139,825
139,826
139,827
139,828
139,829
139,830
139,831
139,832
139,833
139,834
139,835
139,836
139,837
139,838
139,839
139,840
139,841
139,842
139,843
139,844
139,845
139,846
139,847
139,848
139,849
139,850
139,851
139,852
139,853
139,854
139,855
139,856
139,857
139,858
139,859
139,860
139,861
139,862
139,863
139,864
139,865
139,866
139,867
139,868
139,869
139,870
139,871
139,872
139,873
139,874
139,875
139,876
139,877
139,878
139,879
139,880
139,881
139,882
139,883
139,884
140,757
140,758
140,759
140,760
140,761
140,762
140,763
140,764
140,765
140,766
140,767
140,768
140,769
140,770
140,771
140,772
140,773
140,774
140,775
140,776
140,777
140,778
140,779
140,780
140,781
140,782
140,783
140,784
140,785
140,786
140,787
140,788
140,789
140,790
140,791
140,792
140,793
140,794
140,795
140,796
140,797
140,798
140,799
140,800
140,801
140,802
140,803
140,804
140,805
140,806
140,807
140,808
140,809
140,810
140,811
140,812
140,813
140,814
140,815
140,816
140,817
140,818
140,819
140,820
140,821
140,822
140,823
140,824
140,825
140,826
140,827
140,828
140,829
140,830
140,831
140,832
140,833
140,834
140,835
140,836
140,837
140,838
140,839
140,840
140,841
140,842
140,843
140,844
140,845
140,846
140,847
140,848
140,849
140,850
140,851
140,852
140,853
140,854
140,855
140,856
140,857
140,858
140,859
140,860
140,861
140,862
140,863
140,864
140,865
140,866
140,867
140,868
140,869
140,870
140,871
140,872
140,873
140,874
140,875
140,876
140,877
140,878
140,879
140,880
140,881
140,882
140,883
140,884
359,62
359,63
359,64
359,65
359,66
359,67
359,68
359,69
359,70
359,71
359,72
359,73
359,74
359,75
359,76
359,77
359,78
359,79
359,80
359,81
359,82
359,83
359,84
359,85
359,86
359,87
359,88
359,89
359,90
359,91
359,92
359,93
359,94
359,95
359,96
359,97
359,98
359,99
359,100
359,101
359,102
359,103
359,104
359,105
359,106
359,107
359,108
359,109
359,110
359,111
359,112
359,113
359,114
359,115
359,116
359,117
359,118
359,119
359,120
359,121
359,122
359,123
359,124
359,125
359,126
359,127
359,128
359,129
359,130
359,131
359,132
359,133
359,134
359,135
359,136
359,137
359,138
359,139
359,140
359,141
359,142
359,143
359,144
359,145
359,146
359,147
359,148
359,149
359,150
359,151
359,152
359,153
359,154
359,155
359,156
359,157
359,158
359,159
359,160
359,161
359,162
359,163
359,164
359,165
359,166
359,167
359,168
359,169
359,170
359,171
359,172
359,173
359,174
359,175
359,176
359,177
359,178
359,179
359,180
359,181
359,182
359,183
359,184
359,185
359,186
359,187
359,188
359,189
360,62
360,63
360,64
360,65
360,66
360,67
360,68
360,69
360,70
360,71
360,72
360,73
360,74
360,75
360,76
360,77
360,78
360,79
360,80
360,81
360,82
360,83
360,84
360,85
360,86
360,87
360,88
360,89
360,90
360,91
360,92
360,93
360,94
360,95
360,96
360,97
360,98
360,99
360,100
360,101
360,102
360,103
360,104
360,105
360,106
360,107
360,108
360,109
360,110
360,111
360,112
360,113
360,114
360,115
360,116
360,117
360,118
360,119
360,120
360,121
360,122
360,123
360,124
360,125
360,126
360,127
360,128
360,129
360,130
360,131
360,132
360,133
360,134
360,135
360,136
360,137
360,138
360,139
360,140
360,141
360,142
360,143
360,144
360,145
360,146
360,147
360,148
360,149
360,150
360,151
360,152
360,153
360,154
360,155
360,156
360,157
360,158
360,159
360,160
360,161
360,162
360,163
360,164
360,165
360,166
360,167
360,168
360,169
360,170
360,171
360,172
360,173
360,174
360,175
360,176
360,177
360,178
360,179
360,180
360,181
360,182
360,183
360,184
360,185
360,186
360,187
360,188
360,189
875,129
875,130
875,131
875,132
875,133
875,134
875,135
875,136
875,137
875,138
875,139
875,140
875,141
875,142
875,143
875,144
875,145
875,146
875,147
875,148
875,149
875,150
875,151
875,152
875,153
875,154
875,155
875,156
875,157
875,158
875,159
875,160
875,161
875,162
875,163
875,164
875,165
875,166
875,167
875,168
875,169
875,170
875,171
875,172
875,173
875,174
875,175
875,176
875,177
875,178
875,179
875,180
875,181
875,182
875,183
875,184
875,185
875,186
875,187
875,188
875,189
875,190
875,191
875,192
875,193
875,194
875,195
875,196
875,197
875,198
875,199
875,200
875,201
875,202
875,203
875,204
875,205
875,206
875,207
875,208
875,209
875,210
875,211
875,212
875,213
875,214
875,215
875,216
875,217
875,218
875,219
875,220
875,221
875,222
875,223
875,224
875,225
875,226
875,227
875,228
875,229
875,230
875,231
875,232
875,233
875,234
875,235
875,236
875,237
875,238
875,239
875,240
875,241
875,242
875,243
875,244
875,245
875,246
875,247
875,248
875,249
875,250
875,251
875,252
875,253
875,254
875,255
875,256
876,129
876,130
876,131
876,132
876,133
876,134
876,135
876,136
876,137
876,138
876,139
876,140
876,141
876,142
876,143
876,144
876,145
876,146
876,147
876,148
876,149
876,150
876,151
876,152
876,153
876,154
876,155
876,156
876,157
876,158
876,159
876,160
876,161
876,162
876,163
876,164
876,165
876,166
876,167
876,168
876,169
876,170
876,171
876,172
876,173
876,174
876,175
876,176
876,177
876,178
876,179
876,180
876,181
876,182
876,183
876,184
876,185
876,186
876,187
876,188
876,189
876,190
876,191
876,192
876,193
876,194
876,195
876,196
876,197
876,198
876,199
876,200
876,201
876,202
876,203
876,204
876,205
876,206
876,207
876,208
876,209
876,210
876,211
876,212
876,213
876,214
876,215
876,216
876,217
876,218
876,219
876,220
876,221
876,222
876,223
876,224
876,225
876,226
876,227
876,228
876,229
876,230
876,231
876,232
876,233
876,234
876,235
876,236
876,237
876,238
876,239
876,240
876,241
876,242
876,243
876,244
876,245
876,246
876,247
876,248
876,249
876,250
876,251
876,252
876,253
876,254
876,255
876,256
696,656
696,657
696,658
696,659
696,660
696,661
696,662
696,663
696,664
696,665
696,666
696,667
696,668
696,669
696,670
696,671
696,672
696,673
696,674
696,675
696,676
696,677
696,678
696,679
696,680
696,681
696,682
696,683
696,684
696,685
696,686
696,687
696,688
696,689
696,690
696,691
696,692
696,693
696,694
696,695
696,696
696,697
696,698
696,699
696,700
696,701
696,702
696,703
696,704
696,705
696,706
696,707
696,708
696,709
696,710
696,711
696,712
696,713
696,714
696,715
696,716
696,717
696,718
696,719
696,720
696,721
696,722
696,723
696,724
696,725
696,726
696,727
696,728
696,729
696,730
696,731
696,732
696,733
696,734
696,735
696,736
696,737
696,738
696,739
696,740
696,741
696,742
696,743
696,744
696,745
696,746
696,747
696,748
696,749
696,750
696,751
696,752
696,753
696,754
696,755
696,756
696,757
696,758
696,759
696,760
696,761
696,762
696,763
696,764
696,765
696,766
696,767
696,768
696,769
696,770
696,771
696,772
696,773
696,774
696,775
696,776
696,777
696,778
696,779
696,780
696,781
696,782
696,783
697,656
697,657
697,658
697,659
697,660
697,661
697,662
697,663
697,664
697,665
697,666
697,667
697,668
697,669
697,670
697,671
697,672
697,673
697,674
697,675
697,676
697,677
697,678
697,679
697,680
697,681
697,682
697,683
697,684
697,685
697,686
697,687
697,688
697,689
697,690
697,691
697,692
697,693
697,694
697,695
697,696
697,697
697,698
697,699
697,700
697,701
697,702
697,703
697,704
697,705
697,706
697,707
697,708
697,709
697,710
697,711
697,712
697,713
697,714
697,715
697,716
697,717
697,718
697,719
697,720
697,721
697,722
697,723
697,724
697,725
697,726
697,727
697,728
697,729
697,730
697,731
697,732
697,733
697,734
697,735
697,736
697,737
697,738
697,739
697,740
697,741
697,742
697,743
697,744
697,745
697,746
697,747
697,748
697,749
697,750
697,751
697,752
697,753
697,754
697,755
697,756
697,757
697,758
697,759
697,760
697,761
697,762
697,763
697,764
697,765
697,766
697,767
697,768
697,769
697,770
697,771
697,772
697,773
697,774
697,775
697,776
697,777
697,778
697,779
697,780
697,781
697,782
697,783
881,596
881,597
881,598
881,599
881,600
881,601
881,602
881,603
881,604
881,605
881,606
881,607
881,608
881,609
881,610
881,611
881,612
881,613
881,614
881,615
881,616
881,617
881,618
881,619
881,620
881,621
881,622
881,623
881,624
881,625
881,626
881,627
881,628
881,629
881,630
881,631
881,632
881,633
881,634
881,635
881,636
881,637
881,638
881,639
881,640
881,641
881,642
881,643
881,644
881,645
881,646
881,647
881,648
881,649
881,650
881,651
881,652
881,653
881,654
881,655
881,656
881,657
881,658
881,659
881,660
881,661
881,662
881,663
881,664
881,665
881,666
881,667
881,668
881,669
881,670
881,671
881,672
881,673
881,674
881,675
881,676
881,677
881,678
881,679
881,680
881,681
881,682
881,683
881,684
881,685
881,686
881,687
881,688
881,689
881,690
881,691
881,692
881,693
881,694
881,695
881,696
881,697
881,698
881,699
881,700
881,701
881,702
881,703
881,704
881,705
881,706
881,707
881,708
881,709
881,710
881,711
881,712
881,713
881,714
881,715
881,716
881,717
881,718
881,719
881,720
881,721
881,722
881,723
882,596
882,597
882,598
882,599
882,600
882,601
882,602
882,603
882,604
882,605
882,606
882,607
882,608
882,609
882,610
882,611
882,612
882,613
882,614
882,615
882,616
882,617
882,618
882,619
882,620
882,621
882,622
882,623
882,624
882,625
882,626
882,627
882,628
882,629
882,630
882,631
882,632
882,633
882,634
882,635
882,636
882,637
882,638
882,639
882,640
882,641
882,642
882,643
882,644
882,645
882,646
882,647
882,648
882,649
882,650
882,651
882,652
882,653
882,654
882,655
882,656
882,657
882,658
882,659
882,660
882,661
882,662
882,663
882,664
882,665
882,666
882,667
882,668
882,669
882,670
882,671
882,672
882,673
882,674
882,675
882,676
882,677
882,678
882,679
882,680
882,681
882,682
882,683
882,684
882,685
882,686
882,687
882,688
882,689
882,690
882,691
882,692
882,693
882,694
882,695
882,696
882,697
882,698
882,699
882,700
882,701
882,702
882,703
882,704
882,705
882,706
882,707
882,708
882,709
882,710
882,711
882,712
882,713
882,714
882,715
882,716
882,717
882,718
882,719
882,720
882,721
882,722
882,723
611,745
611,746
611,747
611,748
611,749
611,750
611,751
611,752
611,753
611,754
611,755
611,756
611,757
611,758
611,759
611,760
611,761
611,762
611,763
611,764
611,765
611,766
611,767
611,768
611,769
611,770
611,771
611,772
611,773
611,774
611,775
611,776
611,777
611,778
611,779
611,780
611,781
611,782
611,783
611,784
611,785
611,786
611,787
611,788
611,789
611,790
611,791
611,792
611,793
611,794
611,795
611,796
611,797
611,798
611,799
611,800
611,801
611,802
611,803
611,804
611,805
611,806
611,807
611,808
611,809
611,810
611,811
611,812
611,813
611,814
611,815
611,816
611,817
611,818
611,819
611,820
611,821
611,822
611,823
611,824
611,825
611,826
611,827
611,828
611,829
611,830
611,831
611,832
611,833
611,834
611,835
611,836
611,837
611,838
611,839
611,840
611,841
611,842
611,843
611,844
611,845
611,846
611,847
611,848
611,849
611,850
611,851
611,852
611,853
611,854
611,855
611,856
611,857
611,858
611,859
611,860
611,861
611,862
611,863
611,864
611,865
611,866
611,867
611,868
611,869
611,870
611,871
611,872
612,745
612,746
612,747
612,748
612,749
612,750
612,751
612,752
612,753
612,754
612,755
612,756
612,757
612,758
612,759
612,760
612,761
612,762
612,763
612,764
612,765
612,766
612,767
612,768
612,769
612,770
612,771
612,772
612,773
612,774
612,775
612,776
612,777
612,778
612,779
612,780
612,781
612,782
612,783
612,784
612,785
612,786
612,787
612,788
612,789
612,790
612,791
612,792
612,793
612,794
612,795
612,796
612,797
612,798
612,799
612,800
612,801
612,802
612,803
612,804
612,805
612,806
612,807
612,808
612,809
612,810
612,811
612,812
612,813
612,814
612,815
612,816
612,817
612,818
612,819
612,820
612,821
612,822
612,823
612,824
612,825
612,826
612,827
612,828
612,829
612,830
612,831
612,832
612,833
612,834
612,835
612,836
612,837
612,838
612,839
612,840
612,841
612,842
612,843
612,844
612,845
612,846
612,847
612,848
612,849
612,850
612,851
612,852
612,853
612,854
612,855
612,856
612,857
612,858
612,859
612,860
612,861
612,862
612,863
612,864
612,865
612,866
612,867
612,868
612,869
612,870
612,871
612,872
1022,526
1022,527
1022,528
1022,529
1022,530
1022,531
1022,532
1022,533
1022,534
1022,535
1022,536
1022,537
1022,538
1022,539
1022,540
1022,541
1022,542
1022,543
1022,544
1022,545
1022,546
1022,547
1022,548
1022,549
1022,550
1022,551
1022,552
1022,553
1022,554
1022,555
1022,556
1022,557
1022,558
1022,559
1022,560
1022,561
1022,562
1022,563
1022,564
1022,565
1022,566
1022,567
1022,568
1022,569
1022,570
1022,571
1022,572
1022,573
1022,574
1022,575
1022,576
1022,577
1022,578
1022,579
1022,580
1022,581
1022,582
1022,583
1022,584
1022,585
1022,586
1022,587
1022,588
1022,589
1022,590
1022,591
1022,592
1022,593
1022,594
1022,595
1022,596
1022,597
1022,598
1022,599
1022,600
1022,601
1022,602
1022,603
1022,604
1022,605
1022,606
1022,607
1022,608
1022,609
1022,610
1022,611
1022,612
1022,613
1022,614
1022,615
1022,616
1022,617
1022,618
1022,619
1022,620
1022,621
1022,622
1022,623
1022,624
1022,625
1022,626
1022,627
1022,628
1022,629
1022,630
1022,631
1022,632
1022,633
1022,634
1022,635
1022,636
1022,637
1022,638
1022,639
1022,640
1022,641
1022,642
1022,643
1022,644
1022,645
1022,646
1022,647
1022,648
1022,649
1022,650
1022,651
1022,652
1022,653
1023,526
1023,527
1023,528
1023,529
1023,530
1023,531
1023,532
1023,533
1023,534
1023,535
1023,536
1023,537
1023,538
1023,539
1023,540
1023,541
1023,542
1023,543
1023,544
1023,545
1023,546
1023,547
1023,548
1023,549
1023,550
1023,551
1023,552
1023,553
1023,554
1023,555
1023,556
1023,557
1023,558
1023,559
1023,560
1023,561
1023,562
1023,563
1023,564
1023,565
1023,566
1023,567
1023,568
1023,569
1023,570
1023,571
1023,572
1023,573
1023,574
1023,575
1023,576
1023,577
1023,578
1023,579
1023,580
1023,581
1023,582
1023,583
1023,584
1023,585
1023,586
1023,587
1023,588
1023,589
1023,590
1023,591
1023,592
1023,593
1023,594
1023,595
1023,596
1023,597
1023,598
1023,599
1023,600
1023,601
1023,602
1023,603
1023,604
1023,605
1023,606
1023,607
1023,608
1023,609
1023,610
1023,611
1023,612
1023,613
1023,614
1023,615
1023,616
1023,617
1023,618
1023,619
1023,620
1023,621
1023,622
1023,623
1023,624
1023,625
1023,626
1023,627
1023,628
1023,629
1023,630
1023,631
1023,632
1023,633
1023,634
1023,635
1023,636
1023,637
1023,638
1023,639
1023,640
1023,641
1023,642
1023,643
1023,644
1023,645
1023,646
1023,647
1023,648
1023,649
1023,650
1023,651
1023,652
1023,653
881,735
881,736
881,737
881,738
881,739
881,740
881,741
881,742
881,743
881,744
881,745
881,746
881,747
881,748
881,749
881,750
881,751
881,752
881,753
881,754
881,755
881,756
881,757
881,758
881,759
881,760
881,761
881,762
881,763
881,764
881,765
881,766
881,767
881,768
881,769
881,770
881,771
881,772
881,773
881,774
881,775
881,776
881,777
881,778
881,779
881,780
881,781
881,782
881,783
881,784
881,785
881,786
881,787
881,788
881,789
881,790
881,791
881,792
881,793
881,794
881,795
881,796
881,797
881,798
881,799
881,800
881,801
881,802
881,803
881,804
881,805
881,806
881,807
881,808
881,809
881,810
881,811
881,812
881,813
881,814
881,815
881,816
881,817
881,818
881,819
881,820
881,821
881,822
881,823
881,824
881,825
881,826
881,827
881,828
881,829
881,830
881,831
881,832
881,833
881,834
881,835
881,836
881,837
881,838
881,839
881,840
881,841
881,842
881,843
881,844
881,845
881,846
881,847
881,848
881,849
881,850
881,851
881,852
881,853
881,854
881,855
881,856
881,857
881,858
881,859
881,860
881,861
881,862
882,735
882,736
882,737
882,738
882,739
882,740
882,741
882,742
882,743
882,744
882,745
882,746
882,747
882,748
882,749
882,750
882,751
882,752
882,753
882,754
882,755
882,756
882,757
882,758
882,759
882,760
882,761
882,762
882,763
882,764
882,765
882,766
882,767
882,768
882,769
882,770
882,771
882,772
882,773
882,774
882,775
882,776
882,777
882,778
882,779
882,780
882,781
882,782
882,783
882,784
882,785
882,786
882,787
882,788
882,789
882,790
882,791
882,792
882,793
882,794
882,795
882,796
882,797
882,798
882,799
882,800
882,801
882,802
882,803
882,804
882,805
882,806
882,807
882,808
882,809
882,810
882,811
882,812
882,813
882,814
882,815
882,816
882,817
882,818
882,819
882,820
882,821
882,822
882,823
882,824
882,825
882,826
882,827
882,828
882,829
882,830
882,831
882,832
882,833
882,834
882,835
882,836
882,837
882,838
882,839
882,840
882,841
882,842
882,843
882,844
882,845
882,846
882,847
882,848
882,849
882,850
882,851
882,852
882,853
882,854
882,855
882,856
882,857
882,858
882,859
882,860
882,861
882,862
690,746
690,747
690,748
690,749
690,750
690,751
690,752
690,753
690,754
690,755
690,756
690,757
690,758
690,759
690,760
690,761
690,762
690,763
690,764
690,765
690,766
690,767
690,768
690,769
690,770
690,771
690,772
690,773
690,774
690,775
690,776
690,777
690,778
690,779
690,780
690,781
690,782
690,783
690,784
690,785
690,786
690,787
690,788
690,789
690,790
690,791
690,792
690,793
690,794
690,795
690,796
690,797
690,798
690,799
690,800
690,801
690,802
690,803
690,804
690,805
690,806
690,807
690,808
690,809
690,810
690,811
690,812
690,813
690,814
690,815
690,816
690,817
690,818
690,819
690,820
690,821
690,822
690,823
690,824
690,825
690,826
690,827
690,828
690,829
690,830
690,831
690,832
690,833
690,834
690,835
690,836
690,837
690,838
690,839
690,840
690,841
690,842
690,843
690,844
690,845
690,846
690,847
690,848
690,849
690,850
690,851
690,852
690,853
690,854
690,855
690,856
690,857
690,858
690,859
690,860
690,861
690,862
690,863
690,864
690,865
690,866
690,867
690,868
690,869
690,870
690,871
690,872
690,873
691,746
691,747
691,748
691,749
691,750
691,751
691,752
691,753
691,754
691,755
691,756
691,757
691,758
691,759
691,760
691,761
691,762
691,763
691,764
691,765
691,766
691,767
691,768
691,769
691,770
691,771
691,772
691,773
691,774
691,775
691,776
691,777
691,778
691,779
691,780
691,781
691,782
691,783
691,784
691,785
691,786
691,787
691,788
691,789
691,790
691,791
691,792
691,793
691,794
691,795
691,796
691,797
691,798
691,799
691,800
691,801
691,802
691,803
691,804
691,805
691,806
691,807
691,808
691,809
691,810
691,811
691,812
691,813
691,814
691,815
691,816
691,817
691,818
691,819
691,820
691,821
691,822
691,823
691,824
691,825
691,826
691,827
691,828
691,829
691,830
691,831
691,832
691,833
691,834
691,835
691,836
691,837
691,838
691,839
691,840
691,841
691,842
691,843
691,844
691,845
691,846
691,847
691,848
691,849
691,850
691,851
691,852
691,853
691,854
691,855
691,856
691,857
691,858
691,859
691,860
691,861
691,862
691,863
691,864
691,865
691,866
691,867
691,868
691,869
691,870
691,871
691,872
691,873
648,645
648,646
648,647
648,648
648,649
648,650
648,651
648,652
648,653
648,654
648,655
648,656
648,657
648,658
648,659
648,660
648,661
648,662
648,663
648,664
648,665
648,666
648,667
648,668
648,669
648,670
648,671
648,672
648,673
648,674
648,675
648,676
648,677
648,678
648,679
648,680
648,681
648,682
648,683
648,684
648,685
648,686
648,687
648,688
648,689
648,690
648,691
648,692
648,693
648,694
648,695
648,696
648,697
648,698
648,699
648,700
648,701
648,702
648,703
648,704
648,705
648,706
648,707
648,708
648,709
648,710
648,711
648,712
648,713
648,714
648,715
648,716
648,717
648,718
648,719
648,720
648,721
648,722
648,723
648,724
648,725
648,726
648,727
648,728
648,729
648,730
648,731
648,732
648,733
648,734
648,735
648,736
648,737
648,738
648,739
648,740
648,741
648,742
648,743
648,744
648,745
648,746
648,747
648,748
648,749
648,750
648,751
648,752
648,753
648,754
648,755
648,756
648,757
648,758
648,759
648,760
648,761
648,762
648,763
648,764
648,765
648,766
648,767
648,768
648,769
648,770
648,771
648,772
649,645
649,646
649,647
649,648
649,649
649,650
649,651
649,652
649,653
649,654
649,655
649,656
649,657
649,658
649,659
649,660
649,661
649,662
649,663
649,664
649,665
649,666
649,667
649,668
649,669
649,670
649,671
649,672
649,673
649,674
649,675
649,676
649,677
649,678
649,679
649,680
649,681
649,682
649,683
649,684
649,685
649,686
649,687
649,688
649,689
649,690
649,691
649,692
649,693
649,694
649,695
649,696
649,697
649,698
649,699
649,700
649,701
649,702
649,703
649,704
649,705
649,706
649,707
649,708
649,709
649,710
649,711
649,712
649,713
649,714
649,715
649,716
649,717
649,718
649,719
649,720
649,721
649,722
649,723
649,724
649,725
649,726
649,727
649,728
649,729
649,730
649,731
649,732
649,733
649,734
649,735
649,736
649,737
649,738
649,739
649,740
649,741
649,742
649,743
649,744
649,745
649,746
649,747
649,748
649,749
649,750
649,751
649,752
649,753
649,754
649,755
649,756
649,757
649,758
649,759
649,760
649,761
649,762
649,763
649,764
649,765
649,766
649,767
649,768
649,769
649,770
649,771
649,772
787,118
787,119
787,120
787,121
787,122
787,123
787,124
787,125
787,126
787,127
787,128
787,129
787,130
787,131
787,132
787,133
787,134
787,135
787,136
787,137
787,138
787,139
787,140
787,141
787,142
787,143
787,144
787,145
787,146
787,147
787,148
787,149
787,150
787,151
787,152
787,153
787,154
787,155
787,156
787,157
787,158
787,159
787,160
787,161
787,162
787,163
787,164
787,165
787,166
787,167
787,168
787,169
787,170
787,171
787,172
787,173
787,174
787,175
787,176
787,177
787,178
787,179
787,180
787,181
787,182
787,183
787,184
787,185
787,186
787,187
787,188
787,189
787,190
787,191
787,192
787,193
787,194
787,195
787,196
787,197
787,198
787,199
787,200
787,201
787,202
787,203
787,204
787,205
787,206
787,207
787,208
787,209
787,210
787,211
787,212
787,213
787,214
787,215
787,216
787,217
787,218
787,219
787,220
787,221
787,222
787,223
787,224
787,225
787,226
787,227
787,228
787,229
787,230
787,231
787,232
787,233
787,234
787,235
787,236
787,237
787,238
787,239
787,240
787,241
787,242
787,243
787,244
787,245
788,118
788,119
788,120
788,121
788,122
788,123
788,124
788,125
788,126
788,127
788,128
788,129
788,130
788,131
788,132
788,133
788,134
788,135
788,136
788,137
788,138
788,139
788,140
788,141
788,142
788,143
788,144
788,145
788,146
788,147
788,148
788,149
788,150
788,151
788,152
788,153
788,154
788,155
788,156
788,157
788,158
788,159
788,160
788,161
788,162
788,163
788,164
788,165
788,166
788,167
788,168
788,169
788,170
788,171
788,172
788,173
788,174
788,175
788,176
788,177
788,178
788,179
788,180
788,181
788,182
788,183
788,184
788,185
788,186
788,187
788,188
788,189
788,190
788,191
788,192
788,193
788,194
788,195
788,196
788,197
788,198
788,199
788,200
788,201
788,202
788,203
788,204
788,205
788,206
788,207
788,208
788,209
788,210
788,211
788,212
788,213
788,214
788,215
788,216
788,217
788,218
788,219
788,220
788,221
788,222
788,223
788,224
788,225
788,226
788,227
788,228
788,229
788,230
788,231
788,232
788,233
788,234
788,235
788,236
788,237
788,238
788,239
788,240
788,241
788,242
788,243
788,244
788,245
625,534
625,535
625,536
625,537
625,538
625,539
625,540
625,541
625,542
625,543
625,544
625,545
625,546
625,547
625,548
625,549
625,550
625,551
625,552
625,553
625,554
625,555
625,556
625,557
625,558
625,559
625,560
625,561
625,562
625,563
625,564
625,565
625,566
625,567
625,568
625,569
625,570
625,571
625,572
625,573
625,574
625,575
625,576
625,577
625,578
625,579
625,580
625,581
625,582
625,583
625,584
625,585
625,586
625,587
625,588
625,589
625,590
625,591
625,592
625,593
625,594
625,595
625,596
625,597
625,598
625,599
625,600
625,601
625,602
625,603
625,604
625,605
625,606
625,607
625,608
625,609
625,610
625,611
625,612
625,613
625,614
625,615
625,616
625,617
625,618
625,619
625,620
625,621
625,622
625,623
625,624
625,625
625,626
625,627
625,628
625,629
625,630
625,631
625,632
625,633
625,634
625,635
625,636
625,637
625,638
625,639
625,640
625,641
625,642
625,643
625,644
625,645
625,646
625,647
625,648
625,649
625,650
625,651
625,652
625,653
625,654
625,655
625,656
625,657
625,658
625,659
625,660
625,661
626,534
626,535
626,536
626,537
626,538
626,539
626,540
626,541
626,542
626,543
626,544
626,545
626,546
626,547
626,548
626,549
626,550
626,551
626,552
626,553
626,554
626,555
626,556
626,557
626,558
626,559
626,560
626,561
626,562
626,563
626,564
626,565
626,566
626,567
626,568
626,569
626,570
626,571
626,572
626,573
626,574
626,575
626,576
626,577
626,578
626,579
626,580
626,581
626,582
626,583
626,584
626,585
626,586
626,587
626,588
626,589
626,590
626,591
626,592
626,593
626,594
626,595
626,596
626,597
626,598
626,599
626,600
626,601
626,602
626,603
626,604
626,605
626,606
626,607
626,608
626,609
626,610
626,611
626,612
626,613
626,614
626,615
626,616
626,617
626,618
626,619
626,620
626,621
626,622
626,623
626,624
626,625
626,626
626,627
626,628
626,629
626,630
626,631
626,632
626,633
626,634
626,635
626,636
626,637
626,638
626,639
626,640
626,641
626,642
626,643
626,644
626,645
626,646
626,647
626,648
626,649
626,650
626,651
626,652
626,653
626,654
626,655
626,656
626,657
626,658
626,659
626,660
626,661
202,439
202,440
202,441
202,442
202,443
202,444
202,445
202,446
202,447
202,448
202,449
202,450
202,451
202,452
202,453
202,454
202,455
202,456
202,457
202,458
202,459
202,460
202,461
202,462
202,463
202,464
202,465
202,466
202,467
202,468
202,469
202,470
202,471
202,472
202,473
202,474
202,475
202,476
202,477
202,478
202,479
202,480
202,481
202,482
202,483
202,484
202,485
202,486
202,487
202,488
202,489
202,490
202,491
202,492
202,493
202,494
202,495
202,496
202,497
202,498
202,499
202,500
202,501
202,502
202,503
202,504
202,505
202,506
202,507
202,508
202,509
202,510
202,511
202,512
202,513
202,514
202,515
202,516
202,517
202,518
202,519
202,520
202,521
202,522
202,523
202,524
202,525
202,526
202,527
202,528
202,529
202,530
202,531
202,532
202,533
202,534
202,535
202,536
202,537
202,538
202,539
202,540
202,541
202,542
202,543
202,544
202,545
202,546
202,547
202,548
202,549
202,550
202,551
202,552
202,553
202,554
202,555
202,556
202,557
202,558
202,559
202,560
202,561
202,562
202,563
202,564
202,565
202,566
203,439
203,440
203,441
203,442
203,443
203,444
203,445
203,446
203,447
203,448
203,449
203,450
203,451
203,452
203,453
203,454
203,455
203,456
203,457
203,458
203,459
203,460
203,461
203,462
203,463
203,464
203,465
203,466
203,467
203,468
203,469
203,470
203,471
203,472
203,473
203,474
203,475
203,476
203,477
203,478
203,479
203,480
203,481
203,482
203,483
203,484
203,485
203,486
203,487
203,488
203,489
203,490
203,491
203,492
203,493
203,494
203,495
203,496
203,497
203,498
203,499
203,500
203,501
203,502
203,503
203,504
203,505
203,506
203,507
203,508
203,509
203,510
203,511
203,512
203,513
203,514
203,515
203,516
203,517
203,518
203,519
203,520
203,521
203,522
203,523
203,524
203,525
203,526
203,527
203,528
203,529
203,530
203,531
203,532
203,533
203,534
203,535
203,536
203,537
203,538
203,539
203,540
203,541
203,542
203,543
203,544
203,545
203,546
203,547
203,548
203,549
203,550
203,551
203,552
203,553
203,554
203,555
203,556
203,557
203,558
203,559
203,560
203,561
203,562
203,563
203,564
203,565
203,566
862,252
862,253
862,254
862,255
862,256
862,257
862,258
862,259
862,260
862,261
862,262
862,263
862,264
862,265
862,266
862,267
862,268
862,269
862,270
862,271
862,272
862,273
862,274
862,275
862,276
862,277
862,278
862,279
862,280
862,281
862,282
862,283
862,284
862,285
862,286
862,287
862,288
862,289
862,290
862,291
862,292
862,293
862,294
862,295
862,296
862,297
862,298
862,299
862,300
862,301
862,302
862,303
862,304
862,305
862,306
862,307
862,308
862,309
862,310
862,311
862,312
862,313
862,314
862,315
862,316
862,317
862,318
862,319
862,320
862,321
862,322
862,323
862,324
862,325
862,326
862,327
862,328
862,329
862,330
862,331
862,332
862,333
862,334
862,335
862,336
862,337
862,338
862,339
862,340
862,341
862,342
862,343
862,344
862,345
862,346
862,347
862,348
862,349
862,350
862,351
862,352
862,353
862,354
862,355
862,356
862,357
862,358
862,359
862,360
862,361
862,362
862,363
862,364
862,365
862,366
862,367
862,368
862,369
862,370
862,371
862,372
862,373
862,374
862,375
862,376
862,377
862,378
862,379
863,252
863,253
863,254
863,255
863,256
863,257
863,258
863,259
863,260
863,261
863,262
863,263
863,264
863,265
863,266
863,267
863,268
863,269
863,270
863,271
863,272
863,273
863,274
863,275
863,276
863,277
863,278
863,279
863,280
863,281
863,282
863,283
863,284
863,285
863,286
863,287
863,288
863,289
863,290
863,291
863,292
863,293
863,294
863,295
863,296
863,297
863,298
863,299
863,300
863,301
863,302
863,303
863,304
863,305
863,306
863,307
863,308
863,309
863,310
863,311
863,312
863,313
863,314
863,315
863,316
863,317
863,318
863,319
863,320
863,321
863,322
863,323
863,324
863,325
863,326
863,327
863,328
863,329
863,330
863,331
863,332
863,333
863,334
863,335
863,336
863,337
863,338
863,339
863,340
863,341
863,342
863,343
863,344
863,345
863,346
863,347
863,348
863,349
863,350
863,351
863,352
863,353
863,354
863,355
863,356
863,357
863,358
863,359
863,360
863,361
863,362
863,363
863,364
863,365
863,366
863,367
863,368
863,369
863,370
863,371
863,372
863,373
863,374
863,375
863,376
863,377
863,378
863,379
1016,657
1016,658
1016,659
1016,660
1016,661
1016,662
1016,663
1016,664
1016,665
1016,666
1016,667
1016,668
1016,669
1016,670
1016,671
1016,672
1016,673
1016,674
1016,675
1016,676
1016,677
1016,678
1016,679
1016,680
1016,681
1016,682
1016,683
1016,684
1016,685
1016,686
1016,687
1016,688
1016,689
1016,690
1016,691
1016,692
1016,693
1016,694
1016,695
1016,696
1016,697
1016,698
1016,699
1016,700
1016,701
1016,702
1016,703
1016,704
1016,705
1016,706
1016,707
1016,708
1016,709
1016,710
1016,711
1016,712
1016,713
1016,714
1016,715
1016,716
1016,717
1016,718
1016,719
1016,720
1016,721
1016,722
1016,723
1016,724
1016,725
1016,726
1016,727
1016,728
1016,729
1016,730
1016,731
1016,732
1016,733
1016,734
1016,735
1016,736
1016,737
1016,738
1016,739
1016,740
1016,741
1016,742
1016,743
1016,744
1016,745
1016,746
1016,747
1016,748
1016,749
1016,750
1016,751
1016,752
1016,753
1016,754
1016,755
1016,756
1016,757
1016,758
1016,759
1016,760
1016,761
1016,762
1016,763
1016,764
1016,765
1016,766
1016,767
1016,768
1016,769
1016,770
1016,771
1016,772
1016,773
1016,774
1016,775
1016,776
1016,777
1016,778
1016,779
1016,780
1016,781
1016,782
1016,783
1016,784
1017,657
1017,658
1017,659
1017,660
1017,661
1017,662
1017,663
1017,664
1017,665
1017,666
1017,667
1017,668
1017,669
1017,670
1017,671
1017,672
1017,673
1017,674
1017,675
1017,676
1017,677
1017,678
1017,679
1017,680
1017,681
1017,682
1017,683
1017,684
1017,685
1017,686
1017,687
1017,688
1017,689
1017,690
1017,691
1017,692
1017,693
1017,694
1017,695
1017,696
1017,697
1017,698
1017,699
1017,700
1017,701
1017,702
1017,703
1017,704
1017,705
1017,706
1017,707
1017,708
1017,709
1017,710
1017,711
1017,712
1017,713
1017,714
1017,715
1017,716
1017,717
1017,718
1017,719
1017,720
1017,721
1017,722
1017,723
1017,724
1017,725
1017,726
1017,727
1017,728
1017,729
1017,730
1017,731
1017,732
1017,733
1017,734
1017,735
1017,736
1017,737
1017,738
1017,739
1017,740
1017,741
1017,742
1017,743
1017,744
1017,745
1017,746
1017,747
1017,748
1017,749
1017,750
1017,751
1017,752
1017,753
1017,754
1017,755
1017,756
1017,757
1017,758
1017,759
1017,760
1017,761
1017,762
1017,763
1017,764
1017,765
1017,766
1017,767
1017,768
1017,769
1017,770
1017,771
1017,772
1017,773
1017,774
1017,775
1017,776
1017,777
1017,778
1017,779
1017,780
1017,781
1017,782
1017,783
1017,784
312,176
312,177
312,178
312,179
312,180
312,181
312,182
312,183
312,184
312,185
312,186
312,187
312,188
312,189
312,190
312,191
312,192
312,193
312,194
312,195
312,196
312,197
312,198
312,199
312,200
312,201
312,202
312,203
312,204
312,205
312,206
312,207
312,208
312,209
312,210
312,211
312,212
312,213
312,214
312,215
312,216
312,217
312,218
312,219
312,220
312,221
312,222
312,223
312,224
312,225
312,226
312,227
312,228
312,229
312,230
312,231
312,232
312,233
312,234
312,235
312,236
312,237
312,238
312,239
312,240
312,241
312,242
312,243
312,244
312,245
312,246
312,247
312,248
312,249
312,250
312,251
312,252
312,253
312,254
312,255
312,256
312,257
312,258
312,259
312,260
312,261
312,262
312,263
312,264
312,265
312,266
312,267
312,268
312,269
312,270
312,271
312,272
312,273
312,274
312,275
312,276
312,277
312,278
312,279
312,280
312,281
312,282
312,283
312,284
312,285
312,286
312,287
312,288
312,289
312,290
312,291
312,292
312,293
312,294
312,295
312,296
312,297
312,298
312,299
312,300
312,301
312,302
312,303
313,176
313,177
313,178
313,179
313,180
313,181
313,182
313,183
313,184
313,185
313,186
313,187
313,188
313,189
313,190
313,191
313,192
313,193
313,194
313,195
313,196
313,197
313,198
313,199
313,200
313,201
313,202
313,203
313,204
313,205
313,206
313,207
313,208
313,209
313,210
313,211
313,212
313,213
313,214
313,215
313,216
313,217
313,218
313,219
313,220
313,221
313,222
313,223
313,224
313,225
313,226
313,227
313,228
313,229
313,230
313,231
313,232
313,233
313,234
313,235
313,236
313,237
313,238
313,239
313,240
313,241
313,242
313,243
313,244
313,245
313,246
313,247
313,248
313,249
313,250
313,251
313,252
313,253
313,254
313,255
313,256
313,257
313,258
313,259
313,260
313,261
313,262
313,263
313,264
313,265
313,266
313,267
313,268
313,269
313,270
313,271
313,272
313,273
313,274
313,275
313,276
313,277
313,278
313,279
313,280
313,281
313,282
313,283
313,284
313,285
313,286
313,287
313,288
313,289
313,290
313,291
313,292
313,293
313,294
313,295
313,296
313,297
313,298
313,299
313,300
313,301
313,302
313,303
987,222
987,223
987,224
987,225
987,226
987,227
987,228
987,229
987,230
987,231
987,232
987,233
987,234
987,235
987,236
987,237
987,238
987,239
987,240
987,241
987,242
987,243
987,244
987,245
987,246
987,247
987,248
987,249
987,250
987,251
987,252
987,253
987,254
987,255
987,256
987,257
987,258
987,259
987,260
987,261
987,262
987,263
987,264
987,265
987,266
987,267
987,268
987,269
987,270
987,271
987,272
987,273
987,274
987,275
987,276
987,277
987,278
987,279
987,280
987,281
987,282
987,283
987,284
987,285
987,286
987,287
987,288
987,289
987,290
987,291
987,292
987,293
987,294
987,295
987,296
987,297
987,298
987,299
987,300
987,301
987,302
987,303
987,304
987,305
987,306
987,307
987,308
987,309
987,310
987,311
987,312
987,313
987,314
987,315
987,316
987,317
987,318
987,319
987,320
987,321
987,322
987,323
987,324
987,325
987,326
987,327
987,328
987,329
987,330
987,331
987,332
987,333
987,334
987,335
987,336
987,337
987,338
987,339
987,340
987,341
987,342
987,343
987,344
987,345
987,346
987,347
987,348
987,349
988,222
988,223
988,224
988,225
988,226
988,227
988,228
988,229
988,230
988,231
988,232
988,233
988,234
988,235
988,236
988,237
988,238
988,239
988,240
988,241
988,242
988,243
988,244
988,245
988,246
988,247
988,248
988,249
988,250
988,251
988,252
988,253
988,254
988,255
988,256
988,257
988,258
988,259
988,260
988,261
988,262
988,263
988,264
988,265
988,266
988,267
988,268
988,269
988,270
988,271
988,272
988,273
988,274
988,275
988,276
988,277
988,278
988,279
988,280
988,281
988,282
988,283
988,284
988,285
988,286
988,287
988,288
988,289
988,290
988,291
988,292
988,293
988,294
988,295
988,296
988,297
988,298
988,299
988,300
988,301
988,302
988,303
988,304
988,305
988,306
988,307
988,308
988,309
988,310
988,311
988,312
988,313
988,314
988,315
988,316
988,317
988,318
988,319
988,320
988,321
988,322
988,323
988,324
988,325
988,326
988,327
988,328
988,329
988,330
988,331
988,332
988,333
988,334
988,335
988,336
988,337
988,338
988,339
988,340
988,341
988,342
988,343
988,344
988,345
988,346
988,347
988,348
988,349
769,562
769,563
769,564
769,565
769,566
769,567
769,568
769,569
769,570
769,571
769,572
769,573
769,574
769,575
769,576
769,577
769,578
769,579
769,580
769,581
769,582
769,583
769,584
769,585
769,586
769,587
769,588
769,589
769,590
769,591
769,592
769,593
769,594
769,595
769,596
769,597
769,598
769,599
769,600
769,601
769,602
769,603
769,604
769,605
769,606
769,607
769,608
769,609
769,610
769,611
769,612
769,613
769,614
769,615
769,616
769,617
769,618
769,619
769,620
769,621
769,622
769,623
769,624
769,625
769,626
769,627
769,628
769,629
769,630
769,631
769,632
769,633
769,634
769,635
769,636
769,637
769,638
769,639
769,640
769,641
769,642
769,643
769,644
769,645
769,646
769,647
769,648
769,649
769,650
769,651
769,652
769,653
769,654
769,655
769,656
769,657
769,658
769,659
769,660
769,661
769,662
769,663
769,664
769,665
769,666
769,667
769,668
769,669
769,670
769,671
769,672
769,673
769,674
769,675
769,676
769,677
769,678
769,679
769,680
769,681
769,682
769,683
769,684
769,685
769,686
769,687
769,688
769,689
770,562
770,563
770,564
770,565
770,566
770,567
770,568
770,569
770,570
770,571
770,572
770,573
770,574
770,575
770,576
770,577
770,578
770,579
770,580
770,581
770,582
770,583
770,584
770,585
770,586
770,587
770,588
770,589
770,590
770,591
770,592
770,593
770,594
770,595
770,596
770,597
770,598
770,599
770,600
770,601
770,602
770,603
770,604
770,605
770,606
770,607
770,608
770,609
770,610
770,611
770,612
770,613
770,614
770,615
770,616
770,617
770,618
770,619
770,620
770,621
770,622
770,623
770,624
770,625
770,626
770,627
770,628
770,629
770,630
770,631
770,632
770,633
770,634
770,635
770,636
770,637
770,638
770,639
770,640
770,641
770,642
770,643
770,644
770,645
770,646
770,647
770,648
770,649
770,650
770,651
770,652
770,653
770,654
770,655
770,656
770,657
770,658
770,659
770,660
770,661
770,662
770,663
770,664
770,665
770,666
770,667
770,668
770,669
770,670
770,671
770,672
770,673
770,674
770,675
770,676
770,677
770,678
770,679
770,680
770,681
770,682
770,683
770,684
770,685
770,686
770,687
770,688
770,689