652,680
653,679
174,336
175,337
396,545
397,544
715,666
716,667
883,927
884,926
74,99
75,98
130,136
131,137
608,81
609,82
220,806
221,807
829,246
830,245
206,618
207,617
107,123
108,122
383,648
384,649
78,978
79,977
1021,1014
1022,1015
961,107
962,106
521,167
522,166
623,830
624,829
159,620
160,619
718,933
719,934
30,986
31,985
288,515
289,514
182,678
183,677
697,95
698,96
711,1006
712,1005
31,770
32,771
561,735
562,736
995,863
996,864
74,575
75,574
815,224
816,225
419,377
420,378
631,102
632,101
711,900
712,899
622,929
623,928
100,197
101,196
427,833
428,832
22,515
23,516
823,729
824,728
888,323
889,322
54,784
55,785
117,575
118,574
427,528
428,529
998,299
999,298
287,253
288,254
483,721
484,720
457,827
458,826
154,854
155,853
910,213
911,212
613,577
614,576
91,29
92,28
148,26
149,25
262,617
263,618
682,806
683,805
772,906
773,905
907,719
908,720
331,571
332,572
154,384
155,383
932,176
933,175
18,87
19,88
1001,771
1002,770
452,799
453,798
858,546
859,547