641,266
641,267
641,268
641,269
641,270
641,271
641,272
641,273
641,274
641,275
641,276
641,277
641,278
641,279
641,280
641,281
641,282
641,283
641,284
641,285
641,286
641,287
641,288
641,289
641,290
641,291
641,292
641,293
641,294
641,295
641,296
641,297
641,298
641,299
641,300
641,301
641,302
641,303
641,304
641,305
641,306
641,307
641,308
641,309
641,310
641,311
641,312
641,313
641,314
641,315
641,316
641,317
641,318
641,319
641,320
641,321
641,322
641,323
641,324
641,325
641,326
641,327
641,328
641,329
641,330
641,331
641,332
641,333
641,334
641,335
641,336
641,337
641,338
641,339
641,340
641,341
641,342
641,343
641,344
641,345
641,346
641,347
641,348
641,349
641,350
641,351
641,352
641,353
641,354
641,355
641,356
641,357
641,358
641,359
641,360
641,361
641,362
641,363
641,364
641,365
641,366
641,367
641,368
641,369
641,370
641,371
641,372
641,373
641,374
641,375
641,376
641,377
641,378
641,379
641,380
641,381
641,382
641,383
641,384
641,385
641,386
641,387
641,388
641,389
641,390
641,391
641,392
641,393
638,356
639,356
640,356
642,356
643,356
644,356
645,356
646,356
647,356
648,356
649,356
650,356
651,356
652,356
653,356
654,356
655,356
656,356
657,356
658,356
659,356
660,356
661,356
662,356
663,356
664,356
665,356
666,356
667,356
668,356
669,356
670,356
671,356
672,356
673,356
674,356
675,356
676,356
677,356
678,356
679,356
680,356
681,356
682,356
683,356
684,356
685,356
686,356
687,356
688,356
689,356
690,356
691,356
692,356
693,356
694,356
695,356
696,356
697,356
698,356
699,356
700,356
701,356
702,356
703,356
704,356
705,356
706,356
707,356
708,356
709,356
710,356
711,356
712,356
713,356
714,356
715,356
716,356
717,356
718,356
719,356
720,356
721,356
722,356
723,356
724,356
725,356
726,356
727,356
728,356
729,356
730,356
731,356
732,356
733,356
734,356
735,356
736,356
737,356
738,356
739,356
740,356
741,356
742,356
743,356
744,356
745,356
746,356
747,356
748,356
749,356
750,356
751,356
752,356
753,356
754,356
755,356
756,356
757,356
758,356
759,356
760,356
761,356
762,356
763,356
764,356
765,356
461,849
461,850
461,851
461,852
461,853
461,854
461,855
461,856
461,857
461,858
461,859
461,860
461,861
461,862
461,863
461,864
461,865
461,866
461,867
461,868
461,869
461,870
461,871
461,872
461,873
461,874
461,875
461,876
461,877
461,878
461,879
461,880
461,881
461,882
461,883
461,884
461,885
461,886
461,887
461,888
461,889
461,890
461,891
461,892
461,893
461,894
461,895
461,896
461,897
461,898
461,899
461,900
461,901
461,902
461,903
461,904
461,905
461,906
461,907
461,908
461,909
461,910
461,911
461,912
461,913
461,914
461,915
461,916
461,917
461,918
461,919
461,920
461,921
461,922
461,923
461,924
461,925
461,926
461,927
461,928
461,929
461,930
461,931
461,932
461,933
461,934
461,935
461,936
461,937
461,938
461,939
461,940
461,941
461,942
461,943
461,944
461,945
461,946
461,947
461,948
461,949
461,950
461,951
461,952
461,953
461,954
461,955
461,956
461,957
461,958
461,959
461,960
461,961
461,962
461,963
461,964
461,965
461,966
461,967
461,968
461,969
461,970
461,971
461,972
461,973
461,974
461,975
461,976
411,881
412,881
413,881
414,881
415,881
416,881
417,881
418,881
419,881
420,881
421,881
422,881
423,881
424,881
425,881
426,881
427,881
428,881
429,881
430,881
431,881
432,881
433,881
434,881
435,881
436,881
437,881
438,881
439,881
440,881
441,881
442,881
443,881
444,881
445,881
446,881
447,881
448,881
449,881
450,881
451,881
452,881
453,881
454,881
455,881
456,881
457,881
458,881
459,881
460,881
462,881
463,881
464,881
465,881
466,881
467,881
468,881
469,881
470,881
471,881
472,881
473,881
474,881
475,881
476,881
477,881
478,881
479,881
480,881
481,881
482,881
483,881
484,881
485,881
486,881
487,881
488,881
489,881
490,881
491,881
492,881
493,881
494,881
495,881
496,881
497,881
498,881
499,881
500,881
501,881
502,881
503,881
504,881
505,881
506,881
507,881
508,881
509,881
510,881
511,881
512,881
513,881
514,881
515,881
516,881
517,881
518,881
519,881
520,881
521,881
522,881
523,881
524,881
525,881
526,881
527,881
528,881
529,881
530,881
531,881
532,881
533,881
534,881
535,881
536,881
537,881
538,881
69,402
69,403
69,404
69,405
69,406
69,407
69,408
69,409
69,410
69,411
69,412
69,413
69,414
69,415
69,416
69,417
69,418
69,419
69,420
69,421
69,422
69,423
69,424
69,425
69,426
69,427
69,428
69,429
69,430
69,431
69,432
69,433
69,434
69,435
69,436
69,437
69,438
69,439
69,440
69,441
69,442
69,443
69,444
69,445
69,446
69,447
69,448
69,449
69,450
69,451
69,452
69,453
69,454
69,455
69,456
69,457
69,458
69,459
69,460
69,461
69,462
69,463
69,464
69,465
69,466
69,467
69,468
69,469
69,470
69,471
69,472
69,473
69,474
69,475
69,476
69,477
69,478
69,479
69,480
69,481
69,482
69,483
69,484
69,485
69,486
69,487
69,488
69,489
69,490
69,491
69,492
69,493
69,494
69,495
69,496
69,497
69,498
69,499
69,500
69,501
69,502
69,503
69,504
69,505
69,506
69,507
69,508
69,509
69,510
69,511
69,512
69,513
69,514
69,515
69,516
69,517
69,518
69,519
69,520
69,521
69,522
69,523
69,524
69,525
69,526
69,527
69,528
69,529
35,520
36,520
37,520
38,520
39,520
40,520
41,520
42,520
43,520
44,520
45,520
46,520
47,520
48,520
49,520
50,520
51,520
52,520
53,520
54,520
55,520
56,520
57,520
58,520
59,520
60,520
61,520
62,520
63,520
64,520
65,520
66,520
67,520
68,520
70,520
71,520
72,520
73,520
74,520
75,520
76,520
77,520
78,520
79,520
80,520
81,520
82,520
83,520
84,520
85,520
86,520
87,520
88,520
89,520
90,520
91,520
92,520
93,520
94,520
95,520
96,520
97,520
98,520
99,520
100,520
101,520
102,520
103,520
104,520
105,520
106,520
107,520
108,520
109,520
110,520
111,520
112,520
113,520
114,520
115,520
116,520
117,520
118,520
119,520
120,520
121,520
122,520
123,520
124,520
125,520
126,520
127,520
128,520
129,520
130,520
131,520
132,520
133,520
134,520
135,520
136,520
137,520
138,520
139,520
140,520
141,520
142,520
143,520
144,520
145,520
146,520
147,520
148,520
149,520
150,520
151,520
152,520
153,520
154,520
155,520
156,520
157,520
158,520
159,520
160,520
161,520
162,520
339,281
339,282
339,283
339,284
339,285
339,286
339,287
339,288
339,289
339,290
339,291
339,292
339,293
339,294
339,295
339,296
339,297
339,298
339,299
339,300
339,301
339,302
339,303
339,304
339,305
339,306
339,307
339,308
339,309
339,310
339,311
339,312
339,313
339,314
339,315
339,316
339,317
339,318
339,319
339,320
339,321
339,322
339,323
339,324
339,325
339,326
339,327
339,328
339,329
339,330
339,331
339,332
339,333
339,334
339,335
339,336
339,337
339,338
339,339
339,340
339,341
339,342
339,343
339,344
339,345
339,346
339,347
339,348
339,349
339,350
339,351
339,352
339,353
339,354
339,355
339,356
339,357
339,358
339,359
339,360
339,361
339,362
339,363
339,364
339,365
339,366
339,367
339,368
339,369
339,370
339,371
339,372
339,373
339,374
339,375
339,376
339,377
339,378
339,379
339,380
339,381
339,382
339,383
339,384
339,385
339,386
339,387
339,388
339,389
339,390
339,391
339,392
339,393
339,394
339,395
339,396
339,397
339,398
339,399
339,400
339,401
339,402
339,403
339,404
339,405
339,406
339,407
339,408
288,283
289,283
290,283
291,283
292,283
293,283
294,283
295,283
296,283
297,283
298,283
299,283
300,283
301,283
302,283
303,283
304,283
305,283
306,283
307,283
308,283
309,283
310,283
311,283
312,283
313,283
314,283
315,283
316,283
317,283
318,283
319,283
320,283
321,283
322,283
323,283
324,283
325,283
326,283
327,283
328,283
329,283
330,283
331,283
332,283
333,283
334,283
335,283
336,283
337,283
338,283
340,283
341,283
342,283
343,283
344,283
345,283
346,283
347,283
348,283
349,283
350,283
351,283
352,283
353,283
354,283
355,283
356,283
357,283
358,283
359,283
360,283
361,283
362,283
363,283
364,283
365,283
366,283
367,283
368,283
369,283
370,283
371,283
372,283
373,283
374,283
375,283
376,283
377,283
378,283
379,283
380,283
381,283
382,283
383,283
384,283
385,283
386,283
387,283
388,283
389,283
390,283
391,283
392,283
393,283
394,283
395,283
396,283
397,283
398,283
399,283
400,283
401,283
402,283
403,283
404,283
405,283
406,283
407,283
408,283
409,283
410,283
411,283
412,283
413,283
414,283
415,283
896,373
896,374
896,375
896,376
896,377
896,378
896,379
896,380
896,381
896,382
896,383
896,384
896,385
896,386
896,387
896,388
896,389
896,390
896,391
896,392
896,393
896,394
896,395
896,396
896,397
896,398
896,399
896,400
896,401
896,402
896,403
896,404
896,405
896,406
896,407
896,408
896,409
896,410
896,411
896,412
896,413
896,414
896,415
896,416
896,417
896,418
896,419
896,420
896,421
896,422
896,423
896,424
896,425
896,426
896,427
896,428
896,429
896,430
896,431
896,432
896,433
896,434
896,435
896,436
896,437
896,438
896,439
896,440
896,441
896,442
896,443
896,444
896,445
896,446
896,447
896,448
896,449
896,450
896,451
896,452
896,453
896,454
896,455
896,456
896,457
896,458
896,459
896,460
896,461
896,462
896,463
896,464
896,465
896,466
896,467
896,468
896,469
896,470
896,471
896,472
896,473
896,474
896,475
896,476
896,477
896,478
896,479
896,480
896,481
896,482
896,483
896,484
896,485
896,486
896,487
896,488
896,489
896,490
896,491
896,492
896,493
896,494
896,495
896,496
896,497
896,498
896,499
896,500
842,478
843,478
844,478
845,478
846,478
847,478
848,478
849,478
850,478
851,478
852,478
853,478
854,478
855,478
856,478
857,478
858,478
859,478
860,478
861,478
862,478
863,478
864,478
865,478
866,478
867,478
868,478
869,478
870,478
871,478
872,478
873,478
874,478
875,478
876,478
877,478
878,478
879,478
880,478
881,478
882,478
883,478
884,478
885,478
886,478
887,478
888,478
889,478
890,478
891,478
892,478
893,478
894,478
895,478
897,478
898,478
899,478
900,478
901,478
902,478
903,478
904,478
905,478
906,478
907,478
908,478
909,478
910,478
911,478
912,478
913,478
914,478
915,478
916,478
917,478
918,478
919,478
920,478
921,478
922,478
923,478
924,478
925,478
926,478
927,478
928,478
929,478
930,478
931,478
932,478
933,478
934,478
935,478
936,478
937,478
938,478
939,478
940,478
941,478
942,478
943,478
944,478
945,478
946,478
947,478
948,478
949,478
950,478
951,478
952,478
953,478
954,478
955,478
956,478
957,478
958,478
959,478
960,478
961,478
962,478
963,478
964,478
965,478
966,478
967,478
968,478
969,478
104,619
104,620
104,621
104,622
104,623
104,624
104,625
104,626
104,627
104,628
104,629
104,630
104,631
104,632
104,633
104,634
104,635
104,636
104,637
104,638
104,639
104,640
104,641
104,642
104,643
104,644
104,645
104,646
104,647
104,648
104,649
104,650
104,651
104,652
104,653
104,654
104,655
104,656
104,657
104,658
104,659
104,660
104,661
104,662
104,663
104,664
104,665
104,666
104,667
104,668
104,669
104,670
104,671
104,672
104,673
104,674
104,675
104,676
104,677
104,678
104,679
104,680
104,681
104,682
104,683
104,684
104,685
104,686
104,687
104,688
104,689
104,690
104,691
104,692
104,693
104,694
104,695
104,696
104,697
104,698
104,699
104,700
104,701
104,702
104,703
104,704
104,705
104,706
104,707
104,708
104,709
104,710
104,711
104,712
104,713
104,714
104,715
104,716
104,717
104,718
104,719
104,720
104,721
104,722
104,723
104,724
104,725
104,726
104,727
104,728
104,729
104,730
104,731
104,732
104,733
104,734
104,735
104,736
104,737
104,738
104,739
104,740
104,741
104,742
104,743
104,744
104,745
104,746
15,629
16,629
17,629
18,629
19,629
20,629
21,629
22,629
23,629
24,629
25,629
26,629
27,629
28,629
29,629
30,629
31,629
32,629
33,629
34,629
35,629
36,629
37,629
38,629
39,629
40,629
41,629
42,629
43,629
44,629
45,629
46,629
47,629
48,629
49,629
50,629
51,629
52,629
53,629
54,629
55,629
56,629
57,629
58,629
59,629
60,629
61,629
62,629
63,629
64,629
65,629
66,629
67,629
68,629
69,629
70,629
71,629
72,629
73,629
74,629
75,629
76,629
77,629
78,629
79,629
80,629
81,629
82,629
83,629
84,629
85,629
86,629
87,629
88,629
89,629
90,629
91,629
92,629
93,629
94,629
95,629
96,629
97,629
98,629
99,629
100,629
101,629
102,629
103,629
105,629
106,629
107,629
108,629
109,629
110,629
111,629
112,629
113,629
114,629
115,629
116,629
117,629
118,629
119,629
120,629
121,629
122,629
123,629
124,629
125,629
126,629
127,629
128,629
129,629
130,629
131,629
132,629
133,629
134,629
135,629
136,629
137,629
138,629
139,629
140,629
141,629
142,629
505,120
505,121
505,122
505,123
505,124
505,125
505,126
505,127
505,128
505,129
505,130
505,131
505,132
505,133
505,134
505,135
505,136
505,137
505,138
505,139
505,140
505,141
505,142
505,143
505,144
505,145
505,146
505,147
505,148
505,149
505,150
505,151
505,152
505,153
505,154
505,155
505,156
505,157
505,158
505,159
505,160
505,161
505,162
505,163
505,164
505,165
505,166
505,167
505,168
505,169
505,170
505,171
505,172
505,173
505,174
505,175
505,176
505,177
505,178
505,179
505,180
505,181
505,182
505,183
505,184
505,185
505,186
505,187
505,188
505,189
505,190
505,191
505,192
505,193
505,194
505,195
505,196
505,197
505,198
505,199
505,200
505,201
505,202
505,203
505,204
505,205
505,206
505,207
505,208
505,209
505,210
505,211
505,212
505,213
505,214
505,215
505,216
505,217
505,218
505,219
505,220
505,221
505,222
505,223
505,224
505,225
505,226
505,227
505,228
505,229
505,230
505,231
505,232
505,233
505,234
505,235
505,236
505,237
505,238
505,239
505,240
505,241
505,242
505,243
505,244
505,245
505,246
505,247
438,124
439,124
440,124
441,124
442,124
443,124
444,124
445,124
446,124
447,124
448,124
449,124
450,124
451,124
452,124
453,124
454,124
455,124
456,124
457,124
458,124
459,124
460,124
461,124
462,124
463,124
464,124
465,124
466,124
467,124
468,124
469,124
470,124
471,124
472,124
473,124
474,124
475,124
476,124
477,124
478,124
479,124
480,124
481,124
482,124
483,124
484,124
485,124
486,124
487,124
488,124
489,124
490,124
491,124
492,124
493,124
494,124
495,124
496,124
497,124
498,124
499,124
500,124
501,124
502,124
503,124
504,124
506,124
507,124
508,124
509,124
510,124
511,124
512,124
513,124
514,124
515,124
516,124
517,124
518,124
519,124
520,124
521,124
522,124
523,124
524,124
525,124
526,124
527,124
528,124
529,124
530,124
531,124
532,124
533,124
534,124
535,124
536,124
537,124
538,124
539,124
540,124
541,124
542,124
543,124
544,124
545,124
546,124
547,124
548,124
549,124
550,124
551,124
552,124
553,124
554,124
555,124
556,124
557,124
558,124
559,124
560,124
561,124
562,124
563,124
564,124
565,124
428,666
428,667
428,668
428,669
428,670
428,671
428,672
428,673
428,674
428,675
428,676
428,677
428,678
428,679
428,680
428,681
428,682
428,683
428,684
428,685
428,686
428,687
428,688
428,689
428,690
428,691
428,692
428,693
428,694
428,695
428,696
428,697
428,698
428,699
428,700
428,701
428,702
428,703
428,704
428,705
428,706
428,707
428,708
428,709
428,710
428,711
428,712
428,713
428,714
428,715
428,716
428,717
428,718
428,719
428,720
428,721
428,722
428,723
428,724
428,725
428,726
428,727
428,728
428,729
428,730
428,731
428,732
428,733
428,734
428,735
428,736
428,737
428,738
428,739
428,740
428,741
428,742
428,743
428,744
428,745
428,746
428,747
428,748
428,749
428,750
428,751
428,752
428,753
428,754
428,755
428,756
428,757
428,758
428,759
428,760
428,761
428,762
428,763
428,764
428,765
428,766
428,767
428,768
428,769
428,770
428,771
428,772
428,773
428,774
428,775
428,776
428,777
428,778
428,779
428,780
428,781
428,782
428,783
428,784
428,785
428,786
428,787
428,788
428,789
428,790
428,791
428,792
428,793
302,724
303,724
304,724
305,724
306,724
307,724
308,724
309,724
310,724
311,724
312,724
313,724
314,724
315,724
316,724
317,724
318,724
319,724
320,724
321,724
322,724
323,724
324,724
325,724
326,724
327,724
328,724
329,724
330,724
331,724
332,724
333,724
334,724
335,724
336,724
337,724
338,724
339,724
340,724
341,724
342,724
343,724
344,724
345,724
346,724
347,724
348,724
349,724
350,724
351,724
352,724
353,724
354,724
355,724
356,724
357,724
358,724
359,724
360,724
361,724
362,724
363,724
364,724
365,724
366,724
367,724
368,724
369,724
370,724
371,724
372,724
373,724
374,724
375,724
376,724
377,724
378,724
379,724
380,724
381,724
382,724
383,724
384,724
385,724
386,724
387,724
388,724
389,724
390,724
391,724
392,724
393,724
394,724
395,724
396,724
397,724
398,724
399,724
400,724
401,724
402,724
403,724
404,724
405,724
406,724
407,724
408,724
409,724
410,724
411,724
412,724
413,724
414,724
415,724
416,724
417,724
418,724
419,724
420,724
421,724
422,724
423,724
424,724
425,724
426,724
427,724
429,724