36,191
36,192
648,269
648,270
154,293
154,294
301,641
301,642
435,1003
435,1004
104,215
104,216
106,144
106,145
1001,58
1001,59
174,687
174,688
166,274
166,275
569,809
569,810
218,109
218,110
527,740
527,741
460,707
460,708
674,17
674,18
585,889
585,890
391,810
391,811
122,958
122,959
273,337
273,338
40,772
40,773
931,726
931,727
708,656
708,657
299,546
299,547
214,635
214,636
49,947
49,948
269,104
269,105
926,876
926,877
436,212
436,213
532,211
532,212
374,120
374,121
881,141
881,142
19,295
19,296
588,501
588,502
945,652
945,653
471,79
471,80
337,918
337,919
864,522
864,523
659,172
659,173
576,29
576,30
201,748
201,749
269,865
269,866
534,762
534,763
576,115
576,116
512,1016
512,1017
810,618
810,619
747,101
747,102
200,254
200,255
432,1016
432,1017
206,373
206,374
62,949
62,950
402,899
402,900
1011,726
1011,727
649,980
649,981
191,476
191,477
123,4
123,5
208,17
208,18
761,500
761,501
270,459
270,460
406,526
406,527
721,207
721,208
765,753
765,754
168,532
168,533
4,682
4,683
802,232
802,233