789,727
790,727
341,463
342,463
107,5
108,5
980,473
981,473
255,959
256,959
662,427
663,427
845,372
846,372
552,346
553,346
392,33
393,33
318,690
319,690
678,470
679,470
78,258
79,258
935,729
936,729
668,866
669,866
901,967
902,967
434,424
435,424
927,328
928,328
565,79
566,79
849,620
850,620
642,929
643,929
91,221
92,221
933,199
934,199
416,34
417,34
178,741
179,741
480,571
481,571
167,811
168,811
19,449
20,449
815,157
816,157
97,63
98,63
171,280
172,280
168,886
169,886
944,113
945,113
620,217
621,217
58,5
59,5
721,533
722,533
593,816
594,816
201,208
202,208
1010,509
1011,509
192,331
193,331
911,975
912,975
711,474
712,474
238,283
239,283
566,448
567,448
422,119
423,119
390,824
391,824
531,414
532,414
170,416
171,416
184,41
185,41
350,598
351,598
816,190
817,190
462,433
463,433
855,532
856,532
363,164
364,164
456,86
457,86
169,773
170,773
384,901
385,901
321,1003
322,1003
885,734
886,734
364,769
365,769
49,197
50,197
466,264
467,264
61,830
62,830