833,121
833,122
833,123
833,124
833,125
833,126
833,127
833,128
833,129
833,130
833,131
833,132
833,133
833,134
833,135
833,136
833,137
833,138
833,139
833,140
833,141
833,142
833,143
833,144
833,145
833,146
833,147
833,148
833,149
833,150
833,151
833,152
833,153
833,154
833,155
833,156
833,157
833,158
833,159
833,160
833,161
833,162
833,163
833,164
833,165
833,166
833,167
833,168
833,169
833,170
833,171
833,172
833,173
833,174
833,175
833,176
833,177
833,178
833,179
833,180
833,181
833,182
833,183
833,184
833,185
833,186
833,187
833,188
833,189
833,190
833,191
833,192
833,193
833,194
833,195
833,196
833,197
833,198
833,199
833,200
833,201
833,202
833,203
833,204
833,205
833,206
833,207
833,208
833,209
833,210
833,211
833,212
833,213
833,214
833,215
833,216
833,217
833,218
833,219
833,220
833,221
833,222
833,223
833,224
833,225
833,226
833,227
833,228
833,229
833,230
833,231
833,232
833,233
833,234
833,235
833,236
833,237
833,238
833,239
833,240
833,241
833,242
833,243
833,244
833,245
833,246
833,247
833,248
834,121
834,122
834,123
834,124
834,125
834,126
834,127
834,128
834,129
834,130
834,131
834,132
834,133
834,134
834,135
834,136
834,137
834,138
834,139
834,140
834,141
834,142
834,143
834,144
834,145
834,146
834,147
834,148
834,149
834,150
834,151
834,152
834,153
834,154
834,155
834,156
834,157
834,158
834,159
834,160
834,161
834,162
834,163
834,164
834,165
834,166
834,167
834,168
834,169
834,170
834,171
834,172
834,173
834,174
834,175
834,176
834,177
834,178
834,179
834,180
834,181
834,182
834,183
834,184
834,185
834,186
834,187
834,188
834,189
834,190
834,191
834,192
834,193
834,194
834,195
834,196
834,197
834,198
834,199
834,200
834,201
834,202
834,203
834,204
834,205
834,206
834,207
834,208
834,209
834,210
834,211
834,212
834,213
834,214
834,215
834,216
834,217
834,218
834,219
834,220
834,221
834,222
834,223
834,224
834,225
834,226
834,227
834,228
834,229
834,230
834,231
834,232
834,233
834,234
834,235
834,236
834,237
834,238
834,239
834,240
834,241
834,242
834,243
834,244
834,245
834,246
834,247
834,248
835,121
835,122
835,123
835,124
835,125
835,126
835,127
835,128
835,129
835,130
835,131
835,132
835,133
835,134
835,135
835,136
835,137
835,138
835,139
835,140
835,141
835,142
835,143
835,144
835,145
835,146
835,147
835,148
835,149
835,150
835,151
835,152
835,153
835,154
835,155
835,156
835,157
835,158
835,159
835,160
835,161
835,162
835,163
835,164
835,165
835,166
835,167
835,168
835,169
835,170
835,171
835,172
835,173
835,174
835,175
835,176
835,177
835,178
835,179
835,180
835,181
835,182
835,183
835,184
835,185
835,186
835,187
835,188
835,189
835,190
835,191
835,192
835,193
835,194
835,195
835,196
835,197
835,198
835,199
835,200
835,201
835,202
835,203
835,204
835,205
835,206
835,207
835,208
835,209
835,210
835,211
835,212
835,213
835,214
835,215
835,216
835,217
835,218
835,219
835,220
835,221
835,222
835,223
835,224
835,225
835,226
835,227
835,228
835,229
835,230
835,231
835,232
835,233
835,234
835,235
835,236
835,237
835,238
835,239
835,240
835,241
835,242
835,243
835,244
835,245
835,246
835,247
835,248
836,121
836,122
836,123
836,124
836,125
836,126
836,127
836,128
836,129
836,130
836,131
836,132
836,133
836,134
836,135
836,136
836,137
836,138
836,139
836,140
836,141
836,142
836,143
836,144
836,145
836,146
836,147
836,148
836,149
836,150
836,151
836,152
836,153
836,154
836,155
836,156
836,157
836,158
836,159
836,160
836,161
836,162
836,163
836,164
836,165
836,166
836,167
836,168
836,169
836,170
836,171
836,172
836,173
836,174
836,175
836,176
836,177
836,178
836,179
836,180
836,181
836,182
836,183
836,184
836,185
836,186
836,187
836,188
836,189
836,190
836,191
836,192
836,193
836,194
836,195
836,196
836,197
836,198
836,199
836,200
836,201
836,202
836,203
836,204
836,205
836,206
836,207
836,208
836,209
836,210
836,211
836,212
836,213
836,214
836,215
836,216
836,217
836,218
836,219
836,220
836,221
836,222
836,223
836,224
836,225
836,226
836,227
836,228
836,229
836,230
836,231
836,232
836,233
836,234
836,235
836,236
836,237
836,238
836,239
836,240
836,241
836,242
836,243
836,244
836,245
836,246
836,247
836,248
454,353
454,354
454,355
454,356
454,357
454,358
454,359
454,360
454,361
454,362
454,363
454,364
454,365
454,366
454,367
454,368
454,369
454,370
454,371
454,372
454,373
454,374
454,375
454,376
454,377
454,378
454,379
454,380
454,381
454,382
454,383
454,384
454,385
454,386
454,387
454,388
454,389
454,390
454,391
454,392
454,393
454,394
454,395
454,396
454,397
454,398
454,399
454,400
454,401
454,402
454,403
454,404
454,405
454,406
454,407
454,408
454,409
454,410
454,411
454,412
454,413
454,414
454,415
454,416
454,417
454,418
454,419
454,420
454,421
454,422
454,423
454,424
454,425
454,426
454,427
454,428
454,429
454,430
454,431
454,432
454,433
454,434
454,435
454,436
454,437
454,438
454,439
454,440
454,441
454,442
454,443
454,444
454,445
454,446
454,447
454,448
454,449
454,450
454,451
454,452
454,453
454,454
454,455
454,456
454,457
454,458
454,459
454,460
454,461
454,462
454,463
454,464
454,465
454,466
454,467
454,468
454,469
454,470
454,471
454,472
454,473
454,474
454,475
454,476
454,477
454,478
454,479
454,480
455,353
455,354
455,355
455,356
455,357
455,358
455,359
455,360
455,361
455,362
455,363
455,364
455,365
455,366
455,367
455,368
455,369
455,370
455,371
455,372
455,373
455,374
455,375
455,376
455,377
455,378
455,379
455,380
455,381
455,382
455,383
455,384
455,385
455,386
455,387
455,388
455,389
455,390
455,391
455,392
455,393
455,394
455,395
455,396
455,397
455,398
455,399
455,400
455,401
455,402
455,403
455,404
455,405
455,406
455,407
455,408
455,409
455,410
455,411
455,412
455,413
455,414
455,415
455,416
455,417
455,418
455,419
455,420
455,421
455,422
455,423
455,424
455,425
455,426
455,427
455,428
455,429
455,430
455,431
455,432
455,433
455,434
455,435
455,436
455,437
455,438
455,439
455,440
455,441
455,442
455,443
455,444
455,445
455,446
455,447
455,448
455,449
455,450
455,451
455,452
455,453
455,454
455,455
455,456
455,457
455,458
455,459
455,460
455,461
455,462
455,463
455,464
455,465
455,466
455,467
455,468
455,469
455,470
455,471
455,472
455,473
455,474
455,475
455,476
455,477
455,478
455,479
455,480
456,353
456,354
456,355
456,356
456,357
456,358
456,359
456,360
456,361
456,362
456,363
456,364
456,365
456,366
456,367
456,368
456,369
456,370
456,371
456,372
456,373
456,374
456,375
456,376
456,377
456,378
456,379
456,380
456,381
456,382
456,383
456,384
456,385
456,386
456,387
456,388
456,389
456,390
456,391
456,392
456,393
456,394
456,395
456,396
456,397
456,398
456,399
456,400
456,401
456,402
456,403
456,404
456,405
456,406
456,407
456,408
456,409
456,410
456,411
456,412
456,413
456,414
456,415
456,416
456,417
456,418
456,419
456,420
456,421
456,422
456,423
456,424
456,425
456,426
456,427
456,428
456,429
456,430
456,431
456,432
456,433
456,434
456,435
456,436
456,437
456,438
456,439
456,440
456,441
456,442
456,443
456,444
456,445
456,446
456,447
456,448
456,449
456,450
456,451
456,452
456,453
456,454
456,455
456,456
456,457
456,458
456,459
456,460
456,461
456,462
456,463
456,464
456,465
456,466
456,467
456,468
456,469
456,470
456,471
456,472
456,473
456,474
456,475
456,476
456,477
456,478
456,479
456,480
457,353
457,354
457,355
457,356
457,357
457,358
457,359
457,360
457,361
457,362
457,363
457,364
457,365
457,366
457,367
457,368
457,369
457,370
457,371
457,372
457,373
457,374
457,375
457,376
457,377
457,378
457,379
457,380
457,381
457,382
457,383
457,384
457,385
457,386
457,387
457,388
457,389
457,390
457,391
457,392
457,393
457,394
457,395
457,396
457,397
457,398
457,399
457,400
457,401
457,402
457,403
457,404
457,405
457,406
457,407
457,408
457,409
457,410
457,411
457,412
457,413
457,414
457,415
457,416
457,417
457,418
457,419
457,420
457,421
457,422
457,423
457,424
457,425
457,426
457,427
457,428
457,429
457,430
457,431
457,432
457,433
457,434
457,435
457,436
457,437
457,438
457,439
457,440
457,441
457,442
457,443
457,444
457,445
457,446
457,447
457,448
457,449
457,450
457,451
457,452
457,453
457,454
457,455
457,456
457,457
457,458
457,459
457,460
457,461
457,462
457,463
457,464
457,465
457,466
457,467
457,468
457,469
457,470
457,471
457,472
457,473
457,474
457,475
457,476
457,477
457,478
457,479
457,480
809,98
809,99
809,100
809,101
809,102
809,103
809,104
809,105
809,106
809,107
809,108
809,109
809,110
809,111
809,112
809,113
809,114
809,115
809,116
809,117
809,118
809,119
809,120
809,121
809,122
809,123
809,124
809,125
809,126
809,127
809,128
809,129
809,130
809,131
809,132
809,133
809,134
809,135
809,136
809,137
809,138
809,139
809,140
809,141
809,142
809,143
809,144
809,145
809,146
809,147
809,148
809,149
809,150
809,151
809,152
809,153
809,154
809,155
809,156
809,157
809,158
809,159
809,160
809,161
809,162
809,163
809,164
809,165
809,166
809,167
809,168
809,169
809,170
809,171
809,172
809,173
809,174
809,175
809,176
809,177
809,178
809,179
809,180
809,181
809,182
809,183
809,184
809,185
809,186
809,187
809,188
809,189
809,190
809,191
809,192
809,193
809,194
809,195
809,196
809,197
809,198
809,199
809,200
809,201
809,202
809,203
809,204
809,205
809,206
809,207
809,208
809,209
809,210
809,211
809,212
809,213
809,214
809,215
809,216
809,217
809,218
809,219
809,220
809,221
809,222
809,223
809,224
809,225
810,98
810,99
810,100
810,101
810,102
810,103
810,104
810,105
810,106
810,107
810,108
810,109
810,110
810,111
810,112
810,113
810,114
810,115
810,116
810,117
810,118
810,119
810,120
810,121
810,122
810,123
810,124
810,125
810,126
810,127
810,128
810,129
810,130
810,131
810,132
810,133
810,134
810,135
810,136
810,137
810,138
810,139
810,140
810,141
810,142
810,143
810,144
810,145
810,146
810,147
810,148
810,149
810,150
810,151
810,152
810,153
810,154
810,155
810,156
810,157
810,158
810,159
810,160
810,161
810,162
810,163
810,164
810,165
810,166
810,167
810,168
810,169
810,170
810,171
810,172
810,173
810,174
810,175
810,176
810,177
810,178
810,179
810,180
810,181
810,182
810,183
810,184
810,185
810,186
810,187
810,188
810,189
810,190
810,191
810,192
810,193
810,194
810,195
810,196
810,197
810,198
810,199
810,200
810,201
810,202
810,203
810,204
810,205
810,206
810,207
810,208
810,209
810,210
810,211
810,212
810,213
810,214
810,215
810,216
810,217
810,218
810,219
810,220
810,221
810,222
810,223
810,224
810,225
811,98
811,99
811,100
811,101
811,102
811,103
811,104
811,105
811,106
811,107
811,108
811,109
811,110
811,111
811,112
811,113
811,114
811,115
811,116
811,117
811,118
811,119
811,120
811,121
811,122
811,123
811,124
811,125
811,126
811,127
811,128
811,129
811,130
811,131
811,132
811,133
811,134
811,135
811,136
811,137
811,138
811,139
811,140
811,141
811,142
811,143
811,144
811,145
811,146
811,147
811,148
811,149
811,150
811,151
811,152
811,153
811,154
811,155
811,156
811,157
811,158
811,159
811,160
811,161
811,162
811,163
811,164
811,165
811,166
811,167
811,168
811,169
811,170
811,171
811,172
811,173
811,174
811,175
811,176
811,177
811,178
811,179
811,180
811,181
811,182
811,183
811,184
811,185
811,186
811,187
811,188
811,189
811,190
811,191
811,192
811,193
811,194
811,195
811,196
811,197
811,198
811,199
811,200
811,201
811,202
811,203
811,204
811,205
811,206
811,207
811,208
811,209
811,210
811,211
811,212
811,213
811,214
811,215
811,216
811,217
811,218
811,219
811,220
811,221
811,222
811,223
811,224
811,225
812,98
812,99
812,100
812,101
812,102
812,103
812,104
812,105
812,106
812,107
812,108
812,109
812,110
812,111
812,112
812,113
812,114
812,115
812,116
812,117
812,118
812,119
812,120
812,121
812,122
812,123
812,124
812,125
812,126
812,127
812,128
812,129
812,130
812,131
812,132
812,133
812,134
812,135
812,136
812,137
812,138
812,139
812,140
812,141
812,142
812,143
812,144
812,145
812,146
812,147
812,148
812,149
812,150
812,151
812,152
812,153
812,154
812,155
812,156
812,157
812,158
812,159
812,160
812,161
812,162
812,163
812,164
812,165
812,166
812,167
812,168
812,169
812,170
812,171
812,172
812,173
812,174
812,175
812,176
812,177
812,178
812,179
812,180
812,181
812,182
812,183
812,184
812,185
812,186
812,187
812,188
812,189
812,190
812,191
812,192
812,193
812,194
812,195
812,196
812,197
812,198
812,199
812,200
812,201
812,202
812,203
812,204
812,205
812,206
812,207
812,208
812,209
812,210
812,211
812,212
812,213
812,214
812,215
812,216
812,217
812,218
812,219
812,220
812,221
812,222
812,223
812,224
812,225
46,666
46,667
46,668
46,669
46,670
46,671
46,672
46,673
46,674
46,675
46,676
46,677
46,678
46,679
46,680
46,681
46,682
46,683
46,684
46,685
46,686
46,687
46,688
46,689
46,690
46,691
46,692
46,693
46,694
46,695
46,696
46,697
46,698
46,699
46,700
46,701
46,702
46,703
46,704
46,705
46,706
46,707
46,708
46,709
46,710
46,711
46,712
46,713
46,714
46,715
46,716
46,717
46,718
46,719
46,720
46,721
46,722
46,723
46,724
46,725
46,726
46,727
46,728
46,729
46,730
46,731
46,732
46,733
46,734
46,735
46,736
46,737
46,738
46,739
46,740
46,741
46,742
46,743
46,744
46,745
46,746
46,747
46,748
46,749
46,750
46,751
46,752
46,753
46,754
46,755
46,756
46,757
46,758
46,759
46,760
46,761
46,762
46,763
46,764
46,765
46,766
46,767
46,768
46,769
46,770
46,771
46,772
46,773
46,774
46,775
46,776
46,777
46,778
46,779
46,780
46,781
46,782
46,783
46,784
46,785
46,786
46,787
46,788
46,789
46,790
46,791
46,792
46,793
47,666
47,667
47,668
47,669
47,670
47,671
47,672
47,673
47,674
47,675
47,676
47,677
47,678
47,679
47,680
47,681
47,682
47,683
47,684
47,685
47,686
47,687
47,688
47,689
47,690
47,691
47,692
47,693
47,694
47,695
47,696
47,697
47,698
47,699
47,700
47,701
47,702
47,703
47,704
47,705
47,706
47,707
47,708
47,709
47,710
47,711
47,712
47,713
47,714
47,715
47,716
47,717
47,718
47,719
47,720
47,721
47,722
47,723
47,724
47,725
47,726
47,727
47,728
47,729
47,730
47,731
47,732
47,733
47,734
47,735
47,736
47,737
47,738
47,739
47,740
47,741
47,742
47,743
47,744
47,745
47,746
47,747
47,748
47,749
47,750
47,751
47,752
47,753
47,754
47,755
47,756
47,757
47,758
47,759
47,760
47,761
47,762
47,763
47,764
47,765
47,766
47,767
47,768
47,769
47,770
47,771
47,772
47,773
47,774
47,775
47,776
47,777
47,778
47,779
47,780
47,781
47,782
47,783
47,784
47,785
47,786
47,787
47,788
47,789
47,790
47,791
47,792
47,793
48,666
48,667
48,668
48,669
48,670
48,671
48,672
48,673
48,674
48,675
48,676
48,677
48,678
48,679
48,680
48,681
48,682
48,683
48,684
48,685
48,686
48,687
48,688
48,689
48,690
48,691
48,692
48,693
48,694
48,695
48,696
48,697
48,698
48,699
48,700
48,701
48,702
48,703
48,704
48,705
48,706
48,707
48,708
48,709
48,710
48,711
48,712
48,713
48,714
48,715
48,716
48,717
48,718
48,719
48,720
48,721
48,722
48,723
48,724
48,725
48,726
48,727
48,728
48,729
48,730
48,731
48,732
48,733
48,734
48,735
48,736
48,737
48,738
48,739
48,740
48,741
48,742
48,743
48,744
48,745
48,746
48,747
48,748
48,749
48,750
48,751
48,752
48,753
48,754
48,755
48,756
48,757
48,758
48,759
48,760
48,761
48,762
48,763
48,764
48,765
48,766
48,767
48,768
48,769
48,770
48,771
48,772
48,773
48,774
48,775
48,776
48,777
48,778
48,779
48,780
48,781
48,782
48,783
48,784
48,785
48,786
48,787
48,788
48,789
48,790
48,791
48,792
48,793
49,666
49,667
49,668
49,669
49,670
49,671
49,672
49,673
49,674
49,675
49,676
49,677
49,678
49,679
49,680
49,681
49,682
49,683
49,684
49,685
49,686
49,687
49,688
49,689
49,690
49,691
49,692
49,693
49,694
49,695
49,696
49,697
49,698
49,699
49,700
49,701
49,702
49,703
49,704
49,705
49,706
49,707
49,708
49,709
49,710
49,711
49,712
49,713
49,714
49,715
49,716
49,717
49,718
49,719
49,720
49,721
49,722
49,723
49,724
49,725
49,726
49,727
49,728
49,729
49,730
49,731
49,732
49,733
49,734
49,735
49,736
49,737
49,738
49,739
49,740
49,741
49,742
49,743
49,744
49,745
49,746
49,747
49,748
49,749
49,750
49,751
49,752
49,753
49,754
49,755
49,756
49,757
49,758
49,759
49,760
49,761
49,762
49,763
49,764
49,765
49,766
49,767
49,768
49,769
49,770
49,771
49,772
49,773
49,774
49,775
49,776
49,777
49,778
49,779
49,780
49,781
49,782
49,783
49,784
49,785
49,786
49,787
49,788
49,789
49,790
49,791
49,792
49,793
430,265
430,266
430,267
430,268
430,269
430,270
430,271
430,272
430,273
430,274
430,275
430,276
430,277
430,278
430,279
430,280
430,281
430,282
430,283
430,284
430,285
430,286
430,287
430,288
430,289
430,290
430,291
430,292
430,293
430,294
430,295
430,296
430,297
430,298
430,299
430,300
430,301
430,302
430,303
430,304
430,305
430,306
430,307
430,308
430,309
430,310
430,311
430,312
430,313
430,314
430,315
430,316
430,317
430,318
430,319
430,320
430,321
430,322
430,323
430,324
430,325
430,326
430,327
430,328
430,329
430,330
430,331
430,332
430,333
430,334
430,335
430,336
430,337
430,338
430,339
430,340
430,341
430,342
430,343
430,344
430,345
430,346
430,347
430,348
430,349
430,350
430,351
430,352
430,353
430,354
430,355
430,356
430,357
430,358
430,359
430,360
430,361
430,362
430,363
430,364
430,365
430,366
430,367
430,368
430,369
430,370
430,371
430,372
430,373
430,374
430,375
430,376
430,377
430,378
430,379
430,380
430,381
430,382
430,383
430,384
430,385
430,386
430,387
430,388
430,389
430,390
430,391
430,392
431,265
431,266
431,267
431,268
431,269
431,270
431,271
431,272
431,273
431,274
431,275
431,276
431,277
431,278
431,279
431,280
431,281
431,282
431,283
431,284
431,285
431,286
431,287
431,288
431,289
431,290
431,291
431,292
431,293
431,294
431,295
431,296
431,297
431,298
431,299
431,300
431,301
431,302
431,303
431,304
431,305
431,306
431,307
431,308
431,309
431,310
431,311
431,312
431,313
431,314
431,315
431,316
431,317
431,318
431,319
431,320
431,321
431,322
431,323
431,324
431,325
431,326
431,327
431,328
431,329
431,330
431,331
431,332
431,333
431,334
431,335
431,336
431,337
431,338
431,339
431,340
431,341
431,342
431,343
431,344
431,345
431,346
431,347
431,348
431,349
431,350
431,351
431,352
431,353
431,354
431,355
431,356
431,357
431,358
431,359
431,360
431,361
431,362
431,363
431,364
431,365
431,366
431,367
431,368
431,369
431,370
431,371
431,372
431,373
431,374
431,375
431,376
431,377
431,378
431,379
431,380
431,381
431,382
431,383
431,384
431,385
431,386
431,387
431,388
431,389
431,390
431,391
431,392
432,265
432,266
432,267
432,268
432,269
432,270
432,271
432,272
432,273
432,274
432,275
432,276
432,277
432,278
432,279
432,280
432,281
432,282
432,283
432,284
432,285
432,286
432,287
432,288
432,289
432,290
432,291
432,292
432,293
432,294
432,295
432,296
432,297
432,298
432,299
432,300
432,301
432,302
432,303
432,304
432,305
432,306
432,307
432,308
432,309
432,310
432,311
432,312
432,313
432,314
432,315
432,316
432,317
432,318
432,319
432,320
432,321
432,322
432,323
432,324
432,325
432,326
432,327
432,328
432,329
432,330
432,331
432,332
432,333
432,334
432,335
432,336
432,337
432,338
432,339
432,340
432,341
432,342
432,343
432,344
432,345
432,346
432,347
432,348
432,349
432,350
432,351
432,352
432,353
432,354
432,355
432,356
432,357
432,358
432,359
432,360
432,361
432,362
432,363
432,364
432,365
432,366
432,367
432,368
432,369
432,370
432,371
432,372
432,373
432,374
432,375
432,376
432,377
432,378
432,379
432,380
432,381
432,382
432,383
432,384
432,385
432,386
432,387
432,388
432,389
432,390
432,391
432,392
433,265
433,266
433,267
433,268
433,269
433,270
433,271
433,272
433,273
433,274
433,275
433,276
433,277
433,278
433,279
433,280
433,281
433,282
433,283
433,284
433,285
433,286
433,287
433,288
433,289
433,290
433,291
433,292
433,293
433,294
433,295
433,296
433,297
433,298
433,299
433,300
433,301
433,302
433,303
433,304
433,305
433,306
433,307
433,308
433,309
433,310
433,311
433,312
433,313
433,314
433,315
433,316
433,317
433,318
433,319
433,320
433,321
433,322
433,323
433,324
433,325
433,326
433,327
433,328
433,329
433,330
433,331
433,332
433,333
433,334
433,335
433,336
433,337
433,338
433,339
433,340
433,341
433,342
433,343
433,344
433,345
433,346
433,347
433,348
433,349
433,350
433,351
433,352
433,353
433,354
433,355
433,356
433,357
433,358
433,359
433,360
433,361
433,362
433,363
433,364
433,365
433,366
433,367
433,368
433,369
433,370
433,371
433,372
433,373
433,374
433,375
433,376
433,377
433,378
433,379
433,380
433,381
433,382
433,383
433,384
433,385
433,386
433,387
433,388
433,389
433,390
433,391
433,392
238,598
238,599
238,600
238,601
238,602
238,603
238,604
238,605
238,606
238,607
238,608
238,609
238,610
238,611
238,612
238,613
238,614
238,615
238,616
238,617
238,618
238,619
238,620
238,621
238,622
238,623
238,624
238,625
238,626
238,627
238,628
238,629
238,630
238,631
238,632
238,633
238,634
238,635
238,636
238,637
238,638
238,639
238,640
238,641
238,642
238,643
238,644
238,645
238,646
238,647
238,648
238,649
238,650
238,651
238,652
238,653
238,654
238,655
238,656
238,657
238,658
238,659
238,660
238,661
238,662
238,663
238,664
238,665
238,666
238,667
238,668
238,669
238,670
238,671
238,672
238,673
238,674
238,675
238,676
238,677
238,678
238,679
238,680
238,681
238,682
238,683
238,684
238,685
238,686
238,687
238,688
238,689
238,690
238,691
238,692
238,693
238,694
238,695
238,696
238,697
238,698
238,699
238,700
238,701
238,702
238,703
238,704
238,705
238,706
238,707
238,708
238,709
238,710
238,711
238,712
238,713
238,714
238,715
238,716
238,717
238,718
238,719
238,720
238,721
238,722
238,723
238,724
238,725
239,598
239,599
239,600
239,601
239,602
239,603
239,604
239,605
239,606
239,607
239,608
239,609
239,610
239,611
239,612
239,613
239,614
239,615
239,616
239,617
239,618
239,619
239,620
239,621
239,622
239,623
239,624
239,625
239,626
239,627
239,628
239,629
239,630
239,631
239,632
239,633
239,634
239,635
239,636
239,637
239,638
239,639
239,640
239,641
239,642
239,643
239,644
239,645
239,646
239,647
239,648
239,649
239,650
239,651
239,652
239,653
239,654
239,655
239,656
239,657
239,658
239,659
239,660
239,661
239,662
239,663
239,664
239,665
239,666
239,667
239,668
239,669
239,670
239,671
239,672
239,673
239,674
239,675
239,676
239,677
239,678
239,679
239,680
239,681
239,682
239,683
239,684
239,685
239,686
239,687
239,688
239,689
239,690
239,691
239,692
239,693
239,694
239,695
239,696
239,697
239,698
239,699
239,700
239,701
239,702
239,703
239,704
239,705
239,706
239,707
239,708
239,709
239,710
239,711
239,712
239,713
239,714
239,715
239,716
239,717
239,718
239,719
239,720
239,721
239,722
239,723
239,724
239,725
240,598
240,599
240,600
240,601
240,602
240,603
240,604
240,605
240,606
240,607
240,608
240,609
240,610
240,611
240,612
240,613
240,614
240,615
240,616
240,617
240,618
240,619
240,620
240,621
240,622
240,623
240,624
240,625
240,626
240,627
240,628
240,629
240,630
240,631
240,632
240,633
240,634
240,635
240,636
240,637
240,638
240,639
240,640
240,641
240,642
240,643
240,644
240,645
240,646
240,647
240,648
240,649
240,650
240,651
240,652
240,653
240,654
240,655
240,656
240,657
240,658
240,659
240,660
240,661
240,662
240,663
240,664
240,665
240,666
240,667
240,668
240,669
240,670
240,671
240,672
240,673
240,674
240,675
240,676
240,677
240,678
240,679
240,680
240,681
240,682
240,683
240,684
240,685
240,686
240,687
240,688
240,689
240,690
240,691
240,692
240,693
240,694
240,695
240,696
240,697
240,698
240,699
240,700
240,701
240,702
240,703
240,704
240,705
240,706
240,707
240,708
240,709
240,710
240,711
240,712
240,713
240,714
240,715
240,716
240,717
240,718
240,719
240,720
240,721
240,722
240,723
240,724
240,725
241,598
241,599
241,600
241,601
241,602
241,603
241,604
241,605
241,606
241,607
241,608
241,609
241,610
241,611
241,612
241,613
241,614
241,615
241,616
241,617
241,618
241,619
241,620
241,621
241,622
241,623
241,624
241,625
241,626
241,627
241,628
241,629
241,630
241,631
241,632
241,633
241,634
241,635
241,636
241,637
241,638
241,639
241,640
241,641
241,642
241,643
241,644
241,645
241,646
241,647
241,648
241,649
241,650
241,651
241,652
241,653
241,654
241,655
241,656
241,657
241,658
241,659
241,660
241,661
241,662
241,663
241,664
241,665
241,666
241,667
241,668
241,669
241,670
241,671
241,672
241,673
241,674
241,675
241,676
241,677
241,678
241,679
241,680
241,681
241,682
241,683
241,684
241,685
241,686
241,687
241,688
241,689
241,690
241,691
241,692
241,693
241,694
241,695
241,696
241,697
241,698
241,699
241,700
241,701
241,702
241,703
241,704
241,705
241,706
241,707
241,708
241,709
241,710
241,711
241,712
241,713
241,714
241,715
241,716
241,717
241,718
241,719
241,720
241,721
241,722
241,723
241,724
241,725
7,563
7,564
7,565
7,566
7,567
7,568
7,569
7,570
7,571
7,572
7,573
7,574
7,575
7,576
7,577
7,578
7,579
7,580
7,581
7,582
7,583
7,584
7,585
7,586
7,587
7,588
7,589
7,590
7,591
7,592
7,593
7,594
7,595
7,596
7,597
7,598
7,599
7,600
7,601
7,602
7,603
7,604
7,605
7,606
7,607
7,608
7,609
7,610
7,611
7,612
7,613
7,614
7,615
7,616
7,617
7,618
7,619
7,620
7,621
7,622
7,623
7,624
7,625
7,626
7,627
7,628
7,629
7,630
7,631
7,632
7,633
7,634
7,635
7,636
7,637
7,638
7,639
7,640
7,641
7,642
7,643
7,644
7,645
7,646
7,647
7,648
7,649
7,650
7,651
7,652
7,653
7,654
7,655
7,656
7,657
7,658
7,659
7,660
7,661
7,662
7,663
7,664
7,665
7,666
7,667
7,668
7,669
7,670
7,671
7,672
7,673
7,674
7,675
7,676
7,677
7,678
7,679
7,680
7,681
7,682
7,683
7,684
7,685
7,686
7,687
7,688
7,689
7,690
8,563
8,564
8,565
8,566
8,567
8,568
8,569
8,570
8,571
8,572
8,573
8,574
8,575
8,576
8,577
8,578
8,579
8,580
8,581
8,582
8,583
8,584
8,585
8,586
8,587
8,588
8,589
8,590
8,591
8,592
8,593
8,594
8,595
8,596
8,597
8,598
8,599
8,600
8,601
8,602
8,603
8,604
8,605
8,606
8,607
8,608
8,609
8,610
8,611
8,612
8,613
8,614
8,615
8,616
8,617
8,618
8,619
8,620
8,621
8,622
8,623
8,624
8,625
8,626
8,627
8,628
8,629
8,630
8,631
8,632
8,633
8,634
8,635
8,636
8,637
8,638
8,639
8,640
8,641
8,642
8,643
8,644
8,645
8,646
8,647
8,648
8,649
8,650
8,651
8,652
8,653
8,654
8,655
8,656
8,657
8,658
8,659
8,660
8,661
8,662
8,663
8,664
8,665
8,666
8,667
8,668
8,669
8,670
8,671
8,672
8,673
8,674
8,675
8,676
8,677
8,678
8,679
8,680
8,681
8,682
8,683
8,684
8,685
8,686
8,687
8,688
8,689
8,690
9,563
9,564
9,565
9,566
9,567
9,568
9,569
9,570
9,571
9,572
9,573
9,574
9,575
9,576
9,577
9,578
9,579
9,580
9,581
9,582
9,583
9,584
9,585
9,586
9,587
9,588
9,589
9,590
9,591
9,592
9,593
9,594
9,595
9,596
9,597
9,598
9,599
9,600
9,601
9,602
9,603
9,604
9,605
9,606
9,607
9,608
9,609
9,610
9,611
9,612
9,613
9,614
9,615
9,616
9,617
9,618
9,619
9,620
9,621
9,622
9,623
9,624
9,625
9,626
9,627
9,628
9,629
9,630
9,631
9,632
9,633
9,634
9,635
9,636
9,637
9,638
9,639
9,640
9,641
9,642
9,643
9,644
9,645
9,646
9,647
9,648
9,649
9,650
9,651
9,652
9,653
9,654
9,655
9,656
9,657
9,658
9,659
9,660
9,661
9,662
9,663
9,664
9,665
9,666
9,667
9,668
9,669
9,670
9,671
9,672
9,673
9,674
9,675
9,676
9,677
9,678
9,679
9,680
9,681
9,682
9,683
9,684
9,685
9,686
9,687
9,688
9,689
9,690
10,563
10,564
10,565
10,566
10,567
10,568
10,569
10,570
10,571
10,572
10,573
10,574
10,575
10,576
10,577
10,578
10,579
10,580
10,581
10,582
10,583
10,584
10,585
10,586
10,587
10,588
10,589
10,590
10,591
10,592
10,593
10,594
10,595
10,596
10,597
10,598
10,599
10,600
10,601
10,602
10,603
10,604
10,605
10,606
10,607
10,608
10,609
10,610
10,611
10,612
10,613
10,614
10,615
10,616
10,617
10,618
10,619
10,620
10,621
10,622
10,623
10,624
10,625
10,626
10,627
10,628
10,629
10,630
10,631
10,632
10,633
10,634
10,635
10,636
10,637
10,638
10,639
10,640
10,641
10,642
10,643
10,644
10,645
10,646
10,647
10,648
10,649
10,650
10,651
10,652
10,653
10,654
10,655
10,656
10,657
10,658
10,659
10,660
10,661
10,662
10,663
10,664
10,665
10,666
10,667
10,668
10,669
10,670
10,671
10,672
10,673
10,674
10,675
10,676
10,677
10,678
10,679
10,680
10,681
10,682
10,683
10,684
10,685
10,686
10,687
10,688
10,689
10,690
354,542
354,543
354,544
354,545
354,546
354,547
354,548
354,549
354,550
354,551
354,552
354,553
354,554
354,555
354,556
354,557
354,558
354,559
354,560
354,561
354,562
354,563
354,564
354,565
354,566
354,567
354,568
354,569
354,570
354,571
354,572
354,573
354,574
354,575
354,576
354,577
354,578
354,579
354,580
354,581
354,582
354,583
354,584
354,585
354,586
354,587
354,588
354,589
354,590
354,591
354,592
354,593
354,594
354,595
354,596
354,597
354,598
354,599
354,600
354,601
354,602
354,603
354,604
354,605
354,606
354,607
354,608
354,609
354,610
354,611
354,612
354,613
354,614
354,615
354,616
354,617
354,618
354,619
354,620
354,621
354,622
354,623
354,624
354,625
354,626
354,627
354,628
354,629
354,630
354,631
354,632
354,633
354,634
354,635
354,636
354,637
354,638
354,639
354,640
354,641
354,642
354,643
354,644
354,645
354,646
354,647
354,648
354,649
354,650
354,651
354,652
354,653
354,654
354,655
354,656
354,657
354,658
354,659
354,660
354,661
354,662
354,663
354,664
354,665
354,666
354,667
354,668
354,669
355,542
355,543
355,544
355,545
355,546
355,547
355,548
355,549
355,550
355,551
355,552
355,553
355,554
355,555
355,556
355,557
355,558
355,559
355,560
355,561
355,562
355,563
355,564
355,565
355,566
355,567
355,568
355,569
355,570
355,571
355,572
355,573
355,574
355,575
355,576
355,577
355,578
355,579
355,580
355,581
355,582
355,583
355,584
355,585
355,586
355,587
355,588
355,589
355,590
355,591
355,592
355,593
355,594
355,595
355,596
355,597
355,598
355,599
355,600
355,601
355,602
355,603
355,604
355,605
355,606
355,607
355,608
355,609
355,610
355,611
355,612
355,613
355,614
355,615
355,616
355,617
355,618
355,619
355,620
355,621
355,622
355,623
355,624
355,625
355,626
355,627
355,628
355,629
355,630
355,631
355,632
355,633
355,634
355,635
355,636
355,637
355,638
355,639
355,640
355,641
355,642
355,643
355,644
355,645
355,646
355,647
355,648
355,649
355,650
355,651
355,652
355,653
355,654
355,655
355,656
355,657
355,658
355,659
355,660
355,661
355,662
355,663
355,664
355,665
355,666
355,667
355,668
355,669
356,542
356,543
356,544
356,545
356,546
356,547
356,548
356,549
356,550
356,551
356,552
356,553
356,554
356,555
356,556
356,557
356,558
356,559
356,560
356,561
356,562
356,563
356,564
356,565
356,566
356,567
356,568
356,569
356,570
356,571
356,572
356,573
356,574
356,575
356,576
356,577
356,578
356,579
356,580
356,581
356,582
356,583
356,584
356,585
356,586
356,587
356,588
356,589
356,590
356,591
356,592
356,593
356,594
356,595
356,596
356,597
356,598
356,599
356,600
356,601
356,602
356,603
356,604
356,605
356,606
356,607
356,608
356,609
356,610
356,611
356,612
356,613
356,614
356,615
356,616
356,617
356,618
356,619
356,620
356,621
356,622
356,623
356,624
356,625
356,626
356,627
356,628
356,629
356,630
356,631
356,632
356,633
356,634
356,635
356,636
356,637
356,638
356,639
356,640
356,641
356,642
356,643
356,644
356,645
356,646
356,647
356,648
356,649
356,650
356,651
356,652
356,653
356,654
356,655
356,656
356,657
356,658
356,659
356,660
356,661
356,662
356,663
356,664
356,665
356,666
356,667
356,668
356,669
357,542
357,543
357,544
357,545
357,546
357,547
357,548
357,549
357,550
357,551
357,552
357,553
357,554
357,555
357,556
357,557
357,558
357,559
357,560
357,561
357,562
357,563
357,564
357,565
357,566
357,567
357,568
357,569
357,570
357,571
357,572
357,573
357,574
357,575
357,576
357,577
357,578
357,579
357,580
357,581
357,582
357,583
357,584
357,585
357,586
357,587
357,588
357,589
357,590
357,591
357,592
357,593
357,594
357,595
357,596
357,597
357,598
357,599
357,600
357,601
357,602
357,603
357,604
357,605
357,606
357,607
357,608
357,609
357,610
357,611
357,612
357,613
357,614
357,615
357,616
357,617
357,618
357,619
357,620
357,621
357,622
357,623
357,624
357,625
357,626
357,627
357,628
357,629
357,630
357,631
357,632
357,633
357,634
357,635
357,636
357,637
357,638
357,639
357,640
357,641
357,642
357,643
357,644
357,645
357,646
357,647
357,648
357,649
357,650
357,651
357,652
357,653
357,654
357,655
357,656
357,657
357,658
357,659
357,660
357,661
357,662
357,663
357,664
357,665
357,666
357,667
357,668
357,669
1013,409
1013,410
1013,411
1013,412
1013,413
1013,414
1013,415
1013,416
1013,417
1013,418
1013,419
1013,420
1013,421
1013,422
1013,423
1013,424
1013,425
1013,426
1013,427
1013,428
1013,429
1013,430
1013,431
1013,432
1013,433
1013,434
1013,435
1013,436
1013,437
1013,438
1013,439
1013,440
1013,441
1013,442
1013,443
1013,444
1013,445
1013,446
1013,447
1013,448
1013,449
1013,450
1013,451
1013,452
1013,453
1013,454
1013,455
1013,456
1013,457
1013,458
1013,459
1013,460
1013,461
1013,462
1013,463
1013,464
1013,465
1013,466
1013,467
1013,468
1013,469
1013,470
1013,471
1013,472
1013,473
1013,474
1013,475
1013,476
1013,477
1013,478
1013,479
1013,480
1013,481
1013,482
1013,483
1013,484
1013,485
1013,486
1013,487
1013,488
1013,489
1013,490
1013,491
1013,492
1013,493
1013,494
1013,495
1013,496
1013,497
1013,498
1013,499
1013,500
1013,501
1013,502
1013,503
1013,504
1013,505
1013,506
1013,507
1013,508
1013,509
1013,510
1013,511
1013,512
1013,513
1013,514
1013,515
1013,516
1013,517
1013,518
1013,519
1013,520
1013,521
1013,522
1013,523
1013,524
1013,525
1013,526
1013,527
1013,528
1013,529
1013,530
1013,531
1013,532
1013,533
1013,534
1013,535
1013,536
1014,409
1014,410
1014,411
1014,412
1014,413
1014,414
1014,415
1014,416
1014,417
1014,418
1014,419
1014,420
1014,421
1014,422
1014,423
1014,424
1014,425
1014,426
1014,427
1014,428
1014,429
1014,430
1014,431
1014,432
1014,433
1014,434
1014,435
1014,436
1014,437
1014,438
1014,439
1014,440
1014,441
1014,442
1014,443
1014,444
1014,445
1014,446
1014,447
1014,448
1014,449
1014,450
1014,451
1014,452
1014,453
1014,454
1014,455
1014,456
1014,457
1014,458
1014,459
1014,460
1014,461
1014,462
1014,463
1014,464
1014,465
1014,466
1014,467
1014,468
1014,469
1014,470
1014,471
1014,472
1014,473
1014,474
1014,475
1014,476
1014,477
1014,478
1014,479
1014,480
1014,481
1014,482
1014,483
1014,484
1014,485
1014,486
1014,487
1014,488
1014,489
1014,490
1014,491
1014,492
1014,493
1014,494
1014,495
1014,496
1014,497
1014,498
1014,499
1014,500
1014,501
1014,502
1014,503
1014,504
1014,505
1014,506
1014,507
1014,508
1014,509
1014,510
1014,511
1014,512
1014,513
1014,514
1014,515
1014,516
1014,517
1014,518
1014,519
1014,520
1014,521
1014,522
1014,523
1014,524
1014,525
1014,526
1014,527
1014,528
1014,529
1014,530
1014,531
1014,532
1014,533
1014,534
1014,535
1014,536
1015,409
1015,410
1015,411
1015,412
1015,413
1015,414
1015,415
1015,416
1015,417
1015,418
1015,419
1015,420
1015,421
1015,422
1015,423
1015,424
1015,425
1015,426
1015,427
1015,428
1015,429
1015,430
1015,431
1015,432
1015,433
1015,434
1015,435
1015,436
1015,437
1015,438
1015,439
1015,440
1015,441
1015,442
1015,443
1015,444
1015,445
1015,446
1015,447
1015,448
1015,449
1015,450
1015,451
1015,452
1015,453
1015,454
1015,455
1015,456
1015,457
1015,458
1015,459
1015,460
1015,461
1015,462
1015,463
1015,464
1015,465
1015,466
1015,467
1015,468
1015,469
1015,470
1015,471
1015,472
1015,473
1015,474
1015,475
1015,476
1015,477
1015,478
1015,479
1015,480
1015,481
1015,482
1015,483
1015,484
1015,485
1015,486
1015,487
1015,488
1015,489
1015,490
1015,491
1015,492
1015,493
1015,494
1015,495
1015,496
1015,497
1015,498
1015,499
1015,500
1015,501
1015,502
1015,503
1015,504
1015,505
1015,506
1015,507
1015,508
1015,509
1015,510
1015,511
1015,512
1015,513
1015,514
1015,515
1015,516
1015,517
1015,518
1015,519
1015,520
1015,521
1015,522
1015,523
1015,524
1015,525
1015,526
1015,527
1015,528
1015,529
1015,530
1015,531
1015,532
1015,533
1015,534
1015,535
1015,536
1016,409
1016,410
1016,411
1016,412
1016,413
1016,414
1016,415
1016,416
1016,417
1016,418
1016,419
1016,420
1016,421
1016,422
1016,423
1016,424
1016,425
1016,426
1016,427
1016,428
1016,429
1016,430
1016,431
1016,432
1016,433
1016,434
1016,435
1016,436
1016,437
1016,438
1016,439
1016,440
1016,441
1016,442
1016,443
1016,444
1016,445
1016,446
1016,447
1016,448
1016,449
1016,450
1016,451
1016,452
1016,453
1016,454
1016,455
1016,456
1016,457
1016,458
1016,459
1016,460
1016,461
1016,462
1016,463
1016,464
1016,465
1016,466
1016,467
1016,468
1016,469
1016,470
1016,471
1016,472
1016,473
1016,474
1016,475
1016,476
1016,477
1016,478
1016,479
1016,480
1016,481
1016,482
1016,483
1016,484
1016,485
1016,486
1016,487
1016,488
1016,489
1016,490
1016,491
1016,492
1016,493
1016,494
1016,495
1016,496
1016,497
1016,498
1016,499
1016,500
1016,501
1016,502
1016,503
1016,504
1016,505
1016,506
1016,507
1016,508
1016,509
1016,510
1016,511
1016,512
1016,513
1016,514
1016,515
1016,516
1016,517
1016,518
1016,519
1016,520
1016,521
1016,522
1016,523
1016,524
1016,525
1016,526
1016,527
1016,528
1016,529
1016,530
1016,531
1016,532
1016,533
1016,534
1016,535
1016,536
488,453
488,454
488,455
488,456
488,457
488,458
488,459
488,460
488,461
488,462
488,463
488,464
488,465
488,466
488,467
488,468
488,469
488,470
488,471
488,472
488,473
488,474
488,475
488,476
488,477
488,478
488,479
488,480
488,481
488,482
488,483
488,484
488,485
488,486
488,487
488,488
488,489
488,490
488,491
488,492
488,493
488,494
488,495
488,496
488,497
488,498
488,499
488,500
488,501
488,502
488,503
488,504
488,505
488,506
488,507
488,508
488,509
488,510
488,511
488,512
488,513
488,514
488,515
488,516
488,517
488,518
488,519
488,520
488,521
488,522
488,523
488,524
488,525
488,526
488,527
488,528
488,529
488,530
488,531
488,532
488,533
488,534
488,535
488,536
488,537
488,538
488,539
488,540
488,541
488,542
488,543
488,544
488,545
488,546
488,547
488,548
488,549
488,550
488,551
488,552
488,553
488,554
488,555
488,556
488,557
488,558
488,559
488,560
488,561
488,562
488,563
488,564
488,565
488,566
488,567
488,568
488,569
488,570
488,571
488,572
488,573
488,574
488,575
488,576
488,577
488,578
488,579
488,580
489,453
489,454
489,455
489,456
489,457
489,458
489,459
489,460
489,461
489,462
489,463
489,464
489,465
489,466
489,467
489,468
489,469
489,470
489,471
489,472
489,473
489,474
489,475
489,476
489,477
489,478
489,479
489,480
489,481
489,482
489,483
489,484
489,485
489,486
489,487
489,488
489,489
489,490
489,491
489,492
489,493
489,494
489,495
489,496
489,497
489,498
489,499
489,500
489,501
489,502
489,503
489,504
489,505
489,506
489,507
489,508
489,509
489,510
489,511
489,512
489,513
489,514
489,515
489,516
489,517
489,518
489,519
489,520
489,521
489,522
489,523
489,524
489,525
489,526
489,527
489,528
489,529
489,530
489,531
489,532
489,533
489,534
489,535
489,536
489,537
489,538
489,539
489,540
489,541
489,542
489,543
489,544
489,545
489,546
489,547
489,548
489,549
489,550
489,551
489,552
489,553
489,554
489,555
489,556
489,557
489,558
489,559
489,560
489,561
489,562
489,563
489,564
489,565
489,566
489,567
489,568
489,569
489,570
489,571
489,572
489,573
489,574
489,575
489,576
489,577
489,578
489,579
489,580
490,453
490,454
490,455
490,456
490,457
490,458
490,459
490,460
490,461
490,462
490,463
490,464
490,465
490,466
490,467
490,468
490,469
490,470
490,471
490,472
490,473
490,474
490,475
490,476
490,477
490,478
490,479
490,480
490,481
490,482
490,483
490,484
490,485
490,486
490,487
490,488
490,489
490,490
490,491
490,492
490,493
490,494
490,495
490,496
490,497
490,498
490,499
490,500
490,501
490,502
490,503
490,504
490,505
490,506
490,507
490,508
490,509
490,510
490,511
490,512
490,513
490,514
490,515
490,516
490,517
490,518
490,519
490,520
490,521
490,522
490,523
490,524
490,525
490,526
490,527
490,528
490,529
490,530
490,531
490,532
490,533
490,534
490,535
490,536
490,537
490,538
490,539
490,540
490,541
490,542
490,543
490,544
490,545
490,546
490,547
490,548
490,549
490,550
490,551
490,552
490,553
490,554
490,555
490,556
490,557
490,558
490,559
490,560
490,561
490,562
490,563
490,564
490,565
490,566
490,567
490,568
490,569
490,570
490,571
490,572
490,573
490,574
490,575
490,576
490,577
490,578
490,579
490,580
491,453
491,454
491,455
491,456
491,457
491,458
491,459
491,460
491,461
491,462
491,463
491,464
491,465
491,466
491,467
491,468
491,469
491,470
491,471
491,472
491,473
491,474
491,475
491,476
491,477
491,478
491,479
491,480
491,481
491,482
491,483
491,484
491,485
491,486
491,487
491,488
491,489
491,490
491,491
491,492
491,493
491,494
491,495
491,496
491,497
491,498
491,499
491,500
491,501
491,502
491,503
491,504
491,505
491,506
491,507
491,508
491,509
491,510
491,511
491,512
491,513
491,514
491,515
491,516
491,517
491,518
491,519
491,520
491,521
491,522
491,523
491,524
491,525
491,526
491,527
491,528
491,529
491,530
491,531
491,532
491,533
491,534
491,535
491,536
491,537
491,538
491,539
491,540
491,541
491,542
491,543
491,544
491,545
491,546
491,547
491,548
491,549
491,550
491,551
491,552
491,553
491,554
491,555
491,556
491,557
491,558
491,559
491,560
491,561
491,562
491,563
491,564
491,565
491,566
491,567
491,568
491,569
491,570
491,571
491,572
491,573
491,574
491,575
491,576
491,577
491,578
491,579
491,580
659,553
659,554
659,555
659,556
659,557
659,558
659,559
659,560
659,561
659,562
659,563
659,564
659,565
659,566
659,567
659,568
659,569
659,570
659,571
659,572
659,573
659,574
659,575
659,576
659,577
659,578
659,579
659,580
659,581
659,582
659,583
659,584
659,585
659,586
659,587
659,588
659,589
659,590
659,591
659,592
659,593
659,594
659,595
659,596
659,597
659,598
659,599
659,600
659,601
659,602
659,603
659,604
659,605
659,606
659,607
659,608
659,609
659,610
659,611
659,612
659,613
659,614
659,615
659,616
659,617
659,618
659,619
659,620
659,621
659,622
659,623
659,624
659,625
659,626
659,627
659,628
659,629
659,630
659,631
659,632
659,633
659,634
659,635
659,636
659,637
659,638
659,639
659,640
659,641
659,642
659,643
659,644
659,645
659,646
659,647
659,648
659,649
659,650
659,651
659,652
659,653
659,654
659,655
659,656
659,657
659,658
659,659
659,660
659,661
659,662
659,663
659,664
659,665
659,666
659,667
659,668
659,669
659,670
659,671
659,672
659,673
659,674
659,675
659,676
659,677
659,678
659,679
659,680
660,553
660,554
660,555
660,556
660,557
660,558
660,559
660,560
660,561
660,562
660,563
660,564
660,565
660,566
660,567
660,568
660,569
660,570
660,571
660,572
660,573
660,574
660,575
660,576
660,577
660,578
660,579
660,580
660,581
660,582
660,583
660,584
660,585
660,586
660,587
660,588
660,589
660,590
660,591
660,592
660,593
660,594
660,595
660,596
660,597
660,598
660,599
660,600
660,601
660,602
660,603
660,604
660,605
660,606
660,607
660,608
660,609
660,610
660,611
660,612
660,613
660,614
660,615
660,616
660,617
660,618
660,619
660,620
660,621
660,622
660,623
660,624
660,625
660,626
660,627
660,628
660,629
660,630
660,631
660,632
660,633
660,634
660,635
660,636
660,637
660,638
660,639
660,640
660,641
660,642
660,643
660,644
660,645
660,646
660,647
660,648
660,649
660,650
660,651
660,652
660,653
660,654
660,655
660,656
660,657
660,658
660,659
660,660
660,661
660,662
660,663
660,664
660,665
660,666
660,667
660,668
660,669
660,670
660,671
660,672
660,673
660,674
660,675
660,676
660,677
660,678
660,679
660,680
661,553
661,554
661,555
661,556
661,557
661,558
661,559
661,560
661,561
661,562
661,563
661,564
661,565
661,566
661,567
661,568
661,569
661,570
661,571
661,572
661,573
661,574
661,575
661,576
661,577
661,578
661,579
661,580
661,581
661,582
661,583
661,584
661,585
661,586
661,587
661,588
661,589
661,590
661,591
661,592
661,593
661,594
661,595
661,596
661,597
661,598
661,599
661,600
661,601
661,602
661,603
661,604
661,605
661,606
661,607
661,608
661,609
661,610
661,611
661,612
661,613
661,614
661,615
661,616
661,617
661,618
661,619
661,620
661,621
661,622
661,623
661,624
661,625
661,626
661,627
661,628
661,629
661,630
661,631
661,632
661,633
661,634
661,635
661,636
661,637
661,638
661,639
661,640
661,641
661,642
661,643
661,644
661,645
661,646
661,647
661,648
661,649
661,650
661,651
661,652
661,653
661,654
661,655
661,656
661,657
661,658
661,659
661,660
661,661
661,662
661,663
661,664
661,665
661,666
661,667
661,668
661,669
661,670
661,671
661,672
661,673
661,674
661,675
661,676
661,677
661,678
661,679
661,680
662,553
662,554
662,555
662,556
662,557
662,558
662,559
662,560
662,561
662,562
662,563
662,564
662,565
662,566
662,567
662,568
662,569
662,570
662,571
662,572
662,573
662,574
662,575
662,576
662,577
662,578
662,579
662,580
662,581
662,582
662,583
662,584
662,585
662,586
662,587
662,588
662,589
662,590
662,591
662,592
662,593
662,594
662,595
662,596
662,597
662,598
662,599
662,600
662,601
662,602
662,603
662,604
662,605
662,606
662,607
662,608
662,609
662,610
662,611
662,612
662,613
662,614
662,615
662,616
662,617
662,618
662,619
662,620
662,621
662,622
662,623
662,624
662,625
662,626
662,627
662,628
662,629
662,630
662,631
662,632
662,633
662,634
662,635
662,636
662,637
662,638
662,639
662,640
662,641
662,642
662,643
662,644
662,645
662,646
662,647
662,648
662,649
662,650
662,651
662,652
662,653
662,654
662,655
662,656
662,657
662,658
662,659
662,660
662,661
662,662
662,663
662,664
662,665
662,666
662,667
662,668
662,669
662,670
662,671
662,672
662,673
662,674
662,675
662,676
662,677
662,678
662,679
662,680
510,682
510,683
510,684
510,685
510,686
510,687
510,688
510,689
510,690
510,691
510,692
510,693
510,694
510,695
510,696
510,697
510,698
510,699
510,700
510,701
510,702
510,703
510,704
510,705
510,706
510,707
510,708
510,709
510,710
510,711
510,712
510,713
510,714
510,715
510,716
510,717
510,718
510,719
510,720
510,721
510,722
510,723
510,724
510,725
510,726
510,727
510,728
510,729
510,730
510,731
510,732
510,733
510,734
510,735
510,736
510,737
510,738
510,739
510,740
510,741
510,742
510,743
510,744
510,745
510,746
510,747
510,748
510,749
510,750
510,751
510,752
510,753
510,754
510,755
510,756
510,757
510,758
510,759
510,760
510,761
510,762
510,763
510,764
510,765
510,766
510,767
510,768
510,769
510,770
510,771
510,772
510,773
510,774
510,775
510,776
510,777
510,778
510,779
510,780
510,781
510,782
510,783
510,784
510,785
510,786
510,787
510,788
510,789
510,790
510,791
510,792
510,793
510,794
510,795
510,796
510,797
510,798
510,799
510,800
510,801
510,802
510,803
510,804
510,805
510,806
510,807
510,808
510,809
511,682
511,683
511,684
511,685
511,686
511,687
511,688
511,689
511,690
511,691
511,692
511,693
511,694
511,695
511,696
511,697
511,698
511,699
511,700
511,701
511,702
511,703
511,704
511,705
511,706
511,707
511,708
511,709
511,710
511,711
511,712
511,713
511,714
511,715
511,716
511,717
511,718
511,719
511,720
511,721
511,722
511,723
511,724
511,725
511,726
511,727
511,728
511,729
511,730
511,731
511,732
511,733
511,734
511,735
511,736
511,737
511,738
511,739
511,740
511,741
511,742
511,743
511,744
511,745
511,746
511,747
511,748
511,749
511,750
511,751
511,752
511,753
511,754
511,755
511,756
511,757
511,758
511,759
511,760
511,761
511,762
511,763
511,764
511,765
511,766
511,767
511,768
511,769
511,770
511,771
511,772
511,773
511,774
511,775
511,776
511,777
511,778
511,779
511,780
511,781
511,782
511,783
511,784
511,785
511,786
511,787
511,788
511,789
511,790
511,791
511,792
511,793
511,794
511,795
511,796
511,797
511,798
511,799
511,800
511,801
511,802
511,803
511,804
511,805
511,806
511,807
511,808
511,809
512,682
512,683
512,684
512,685
512,686
512,687
512,688
512,689
512,690
512,691
512,692
512,693
512,694
512,695
512,696
512,697
512,698
512,699
512,700
512,701
512,702
512,703
512,704
512,705
512,706
512,707
512,708
512,709
512,710
512,711
512,712
512,713
512,714
512,715
512,716
512,717
512,718
512,719
512,720
512,721
512,722
512,723
512,724
512,725
512,726
512,727
512,728
512,729
512,730
512,731
512,732
512,733
512,734
512,735
512,736
512,737
512,738
512,739
512,740
512,741
512,742
512,743
512,744
512,745
512,746
512,747
512,748
512,749
512,750
512,751
512,752
512,753
512,754
512,755
512,756
512,757
512,758
512,759
512,760
512,761
512,762
512,763
512,764
512,765
512,766
512,767
512,768
512,769
512,770
512,771
512,772
512,773
512,774
512,775
512,776
512,777
512,778
512,779
512,780
512,781
512,782
512,783
512,784
512,785
512,786
512,787
512,788
512,789
512,790
512,791
512,792
512,793
512,794
512,795
512,796
512,797
512,798
512,799
512,800
512,801
512,802
512,803
512,804
512,805
512,806
512,807
512,808
512,809
513,682
513,683
513,684
513,685
513,686
513,687
513,688
513,689
513,690
513,691
513,692
513,693
513,694
513,695
513,696
513,697
513,698
513,699
513,700
513,701
513,702
513,703
513,704
513,705
513,706
513,707
513,708
513,709
513,710
513,711
513,712
513,713
513,714
513,715
513,716
513,717
513,718
513,719
513,720
513,721
513,722
513,723
513,724
513,725
513,726
513,727
513,728
513,729
513,730
513,731
513,732
513,733
513,734
513,735
513,736
513,737
513,738
513,739
513,740
513,741
513,742
513,743
513,744
513,745
513,746
513,747
513,748
513,749
513,750
513,751
513,752
513,753
513,754
513,755
513,756
513,757
513,758
513,759
513,760
513,761
513,762
513,763
513,764
513,765
513,766
513,767
513,768
513,769
513,770
513,771
513,772
513,773
513,774
513,775
513,776
513,777
513,778
513,779
513,780
513,781
513,782
513,783
513,784
513,785
513,786
513,787
513,788
513,789
513,790
513,791
513,792
513,793
513,794
513,795
513,796
513,797
513,798
513,799
513,800
513,801
513,802
513,803
513,804
513,805
513,806
513,807
513,808
513,809
336,574
336,575
336,576
336,577
336,578
336,579
336,580
336,581
336,582
336,583
336,584
336,585
336,586
336,587
336,588
336,589
336,590
336,591
336,592
336,593
336,594
336,595
336,596
336,597
336,598
336,599
336,600
336,601
336,602
336,603
336,604
336,605
336,606
336,607
336,608
336,609
336,610
336,611
336,612
336,613
336,614
336,615
336,616
336,617
336,618
336,619
336,620
336,621
336,622
336,623
336,624
336,625
336,626
336,627
336,628
336,629
336,630
336,631
336,632
336,633
336,634
336,635
336,636
336,637
336,638
336,639
336,640
336,641
336,642
336,643
336,644
336,645
336,646
336,647
336,648
336,649
336,650
336,651
336,652
336,653
336,654
336,655
336,656
336,657
336,658
336,659
336,660
336,661
336,662
336,663
336,664
336,665
336,666
336,667
336,668
336,669
336,670
336,671
336,672
336,673
336,674
336,675
336,676
336,677
336,678
336,679
336,680
336,681
336,682
336,683
336,684
336,685
336,686
336,687
336,688
336,689
336,690
336,691
336,692
336,693
336,694
336,695
336,696
336,697
336,698
336,699
336,700
336,701
337,574
337,575
337,576
337,577
337,578
337,579
337,580
337,581
337,582
337,583
337,584
337,585
337,586
337,587
337,588
337,589
337,590
337,591
337,592
337,593
337,594
337,595
337,596
337,597
337,598
337,599
337,600
337,601
337,602
337,603
337,604
337,605
337,606
337,607
337,608
337,609
337,610
337,611
337,612
337,613
337,614
337,615
337,616
337,617
337,618
337,619
337,620
337,621
337,622
337,623
337,624
337,625
337,626
337,627
337,628
337,629
337,630
337,631
337,632
337,633
337,634
337,635
337,636
337,637
337,638
337,639
337,640
337,641
337,642
337,643
337,644
337,645
337,646
337,647
337,648
337,649
337,650
337,651
337,652
337,653
337,654
337,655
337,656
337,657
337,658
337,659
337,660
337,661
337,662
337,663
337,664
337,665
337,666
337,667
337,668
337,669
337,670
337,671
337,672
337,673
337,674
337,675
337,676
337,677
337,678
337,679
337,680
337,681
337,682
337,683
337,684
337,685
337,686
337,687
337,688
337,689
337,690
337,691
337,692
337,693
337,694
337,695
337,696
337,697
337,698
337,699
337,700
337,701
338,574
338,575
338,576
338,577
338,578
338,579
338,580
338,581
338,582
338,583
338,584
338,585
338,586
338,587
338,588
338,589
338,590
338,591
338,592
338,593
338,594
338,595
338,596
338,597
338,598
338,599
338,600
338,601
338,602
338,603
338,604
338,605
338,606
338,607
338,608
338,609
338,610
338,611
338,612
338,613
338,614
338,615
338,616
338,617
338,618
338,619
338,620
338,621
338,622
338,623
338,624
338,625
338,626
338,627
338,628
338,629
338,630
338,631
338,632
338,633
338,634
338,635
338,636
338,637
338,638
338,639
338,640
338,641
338,642
338,643
338,644
338,645
338,646
338,647
338,648
338,649
338,650
338,651
338,652
338,653
338,654
338,655
338,656
338,657
338,658
338,659
338,660
338,661
338,662
338,663
338,664
338,665
338,666
338,667
338,668
338,669
338,670
338,671
338,672
338,673
338,674
338,675
338,676
338,677
338,678
338,679
338,680
338,681
338,682
338,683
338,684
338,685
338,686
338,687
338,688
338,689
338,690
338,691
338,692
338,693
338,694
338,695
338,696
338,697
338,698
338,699
338,700
338,701
339,574
339,575
339,576
339,577
339,578
339,579
339,580
339,581
339,582
339,583
339,584
339,585
339,586
339,587
339,588
339,589
339,590
339,591
339,592
339,593
339,594
339,595
339,596
339,597
339,598
339,599
339,600
339,601
339,602
339,603
339,604
339,605
339,606
339,607
339,608
339,609
339,610
339,611
339,612
339,613
339,614
339,615
339,616
339,617
339,618
339,619
339,620
339,621
339,622
339,623
339,624
339,625
339,626
339,627
339,628
339,629
339,630
339,631
339,632
339,633
339,634
339,635
339,636
339,637
339,638
339,639
339,640
339,641
339,642
339,643
339,644
339,645
339,646
339,647
339,648
339,649
339,650
339,651
339,652
339,653
339,654
339,655
339,656
339,657
339,658
339,659
339,660
339,661
339,662
339,663
339,664
339,665
339,666
339,667
339,668
339,669
339,670
339,671
339,672
339,673
339,674
339,675
339,676
339,677
339,678
339,679
339,680
339,681
339,682
339,683
339,684
339,685
339,686
339,687
339,688
339,689
339,690
339,691
339,692
339,693
339,694
339,695
339,696
339,697
339,698
339,699
339,700
339,701
243,613
243,614
243,615
243,616
243,617
243,618
243,619
243,620
243,621
243,622
243,623
243,624
243,625
243,626
243,627
243,628
243,629
243,630
243,631
243,632
243,633
243,634
243,635
243,636
243,637
243,638
243,639
243,640
243,641
243,642
243,643
243,644
243,645
243,646
243,647
243,648
243,649
243,650
243,651
243,652
243,653
243,654
243,655
243,656
243,657
243,658
243,659
243,660
243,661
243,662
243,663
243,664
243,665
243,666
243,667
243,668
243,669
243,670
243,671
243,672
243,673
243,674
243,675
243,676
243,677
243,678
243,679
243,680
243,681
243,682
243,683
243,684
243,685
243,686
243,687
243,688
243,689
243,690
243,691
243,692
243,693
243,694
243,695
243,696
243,697
243,698
243,699
243,700
243,701
243,702
243,703
243,704
243,705
243,706
243,707
243,708
243,709
243,710
243,711
243,712
243,713
243,714
243,715
243,716
243,717
243,718
243,719
243,720
243,721
243,722
243,723
243,724
243,725
243,726
243,727
243,728
243,729
243,730
243,731
243,732
243,733
243,734
243,735
243,736
243,737
243,738
243,739
243,740
244,613
244,614
244,615
244,616
244,617
244,618
244,619
244,620
244,621
244,622
244,623
244,624
244,625
244,626
244,627
244,628
244,629
244,630
244,631
244,632
244,633
244,634
244,635
244,636
244,637
244,638
244,639
244,640
244,641
244,642
244,643
244,644
244,645
244,646
244,647
244,648
244,649
244,650
244,651
244,652
244,653
244,654
244,655
244,656
244,657
244,658
244,659
244,660
244,661
244,662
244,663
244,664
244,665
244,666
244,667
244,668
244,669
244,670
244,671
244,672
244,673
244,674
244,675
244,676
244,677
244,678
244,679
244,680
244,681
244,682
244,683
244,684
244,685
244,686
244,687
244,688
244,689
244,690
244,691
244,692
244,693
244,694
244,695
244,696
244,697
244,698
244,699
244,700
244,701
244,702
244,703
244,704
244,705
244,706
244,707
244,708
244,709
244,710
244,711
244,712
244,713
244,714
244,715
244,716
244,717
244,718
244,719
244,720
244,721
244,722
244,723
244,724
244,725
244,726
244,727
244,728
244,729
244,730
244,731
244,732
244,733
244,734
244,735
244,736
244,737
244,738
244,739
244,740
245,613
245,614
245,615
245,616
245,617
245,618
245,619
245,620
245,621
245,622
245,623
245,624
245,625
245,626
245,627
245,628
245,629
245,630
245,631
245,632
245,633
245,634
245,635
245,636
245,637
245,638
245,639
245,640
245,641
245,642
245,643
245,644
245,645
245,646
245,647
245,648
245,649
245,650
245,651
245,652
245,653
245,654
245,655
245,656
245,657
245,658
245,659
245,660
245,661
245,662
245,663
245,664
245,665
245,666
245,667
245,668
245,669
245,670
245,671
245,672
245,673
245,674
245,675
245,676
245,677
245,678
245,679
245,680
245,681
245,682
245,683
245,684
245,685
245,686
245,687
245,688
245,689
245,690
245,691
245,692
245,693
245,694
245,695
245,696
245,697
245,698
245,699
245,700
245,701
245,702
245,703
245,704
245,705
245,706
245,707
245,708
245,709
245,710
245,711
245,712
245,713
245,714
245,715
245,716
245,717
245,718
245,719
245,720
245,721
245,722
245,723
245,724
245,725
245,726
245,727
245,728
245,729
245,730
245,731
245,732
245,733
245,734
245,735
245,736
245,737
245,738
245,739
245,740
246,613
246,614
246,615
246,616
246,617
246,618
246,619
246,620
246,621
246,622
246,623
246,624
246,625
246,626
246,627
246,628
246,629
246,630
246,631
246,632
246,633
246,634
246,635
246,636
246,637
246,638
246,639
246,640
246,641
246,642
246,643
246,644
246,645
246,646
246,647
246,648
246,649
246,650
246,651
246,652
246,653
246,654
246,655
246,656
246,657
246,658
246,659
246,660
246,661
246,662
246,663
246,664
246,665
246,666
246,667
246,668
246,669
246,670
246,671
246,672
246,673
246,674
246,675
246,676
246,677
246,678
246,679
246,680
246,681
246,682
246,683
246,684
246,685
246,686
246,687
246,688
246,689
246,690
246,691
246,692
246,693
246,694
246,695
246,696
246,697
246,698
246,699
246,700
246,701
246,702
246,703
246,704
246,705
246,706
246,707
246,708
246,709
246,710
246,711
246,712
246,713
246,714
246,715
246,716
246,717
246,718
246,719
246,720
246,721
246,722
246,723
246,724
246,725
246,726
246,727
246,728
246,729
246,730
246,731
246,732
246,733
246,734
246,735
246,736
246,737
246,738
246,739
246,740
75,776
75,777
75,778
75,779
75,780
75,781
75,782
75,783
75,784
75,785
75,786
75,787
75,788
75,789
75,790
75,791
75,792
75,793
75,794
75,795
75,796
75,797
75,798
75,799
75,800
75,801
75,802
75,803
75,804
75,805
75,806
75,807
75,808
75,809
75,810
75,811
75,812
75,813
75,814
75,815
75,816
75,817
75,818
75,819
75,820
75,821
75,822
75,823
75,824
75,825
75,826
75,827
75,828
75,829
75,830
75,831
75,832
75,833
75,834
75,835
75,836
75,837
75,838
75,839
75,840
75,841
75,842
75,843
75,844
75,845
75,846
75,847
75,848
75,849
75,850
75,851
75,852
75,853
75,854
75,855
75,856
75,857
75,858
75,859
75,860
75,861
75,862
75,863
75,864
75,865
75,866
75,867
75,868
75,869
75,870
75,871
75,872
75,873
75,874
75,875
75,876
75,877
75,878
75,879
75,880
75,881
75,882
75,883
75,884
75,885
75,886
75,887
75,888
75,889
75,890
75,891
75,892
75,893
75,894
75,895
75,896
75,897
75,898
75,899
75,900
75,901
75,902
75,903
76,776
76,777
76,778
76,779
76,780
76,781
76,782
76,783
76,784
76,785
76,786
76,787
76,788
76,789
76,790
76,791
76,792
76,793
76,794
76,795
76,796
76,797
76,798
76,799
76,800
76,801
76,802
76,803
76,804
76,805
76,806
76,807
76,808
76,809
76,810
76,811
76,812
76,813
76,814
76,815
76,816
76,817
76,818
76,819
76,820
76,821
76,822
76,823
76,824
76,825
76,826
76,827
76,828
76,829
76,830
76,831
76,832
76,833
76,834
76,835
76,836
76,837
76,838
76,839
76,840
76,841
76,842
76,843
76,844
76,845
76,846
76,847
76,848
76,849
76,850
76,851
76,852
76,853
76,854
76,855
76,856
76,857
76,858
76,859
76,860
76,861
76,862
76,863
76,864
76,865
76,866
76,867
76,868
76,869
76,870
76,871
76,872
76,873
76,874
76,875
76,876
76,877
76,878
76,879
76,880
76,881
76,882
76,883
76,884
76,885
76,886
76,887
76,888
76,889
76,890
76,891
76,892
76,893
76,894
76,895
76,896
76,897
76,898
76,899
76,900
76,901
76,902
76,903
77,776
77,777
77,778
77,779
77,780
77,781
77,782
77,783
77,784
77,785
77,786
77,787
77,788
77,789
77,790
77,791
77,792
77,793
77,794
77,795
77,796
77,797
77,798
77,799
77,800
77,801
77,802
77,803
77,804
77,805
77,806
77,807
77,808
77,809
77,810
77,811
77,812
77,813
77,814
77,815
77,816
77,817
77,818
77,819
77,820
77,821
77,822
77,823
77,824
77,825
77,826
77,827
77,828
77,829
77,830
77,831
77,832
77,833
77,834
77,835
77,836
77,837
77,838
77,839
77,840
77,841
77,842
77,843
77,844
77,845
77,846
77,847
77,848
77,849
77,850
77,851
77,852
77,853
77,854
77,855
77,856
77,857
77,858
77,859
77,860
77,861
77,862
77,863
77,864
77,865
77,866
77,867
77,868
77,869
77,870
77,871
77,872
77,873
77,874
77,875
77,876
77,877
77,878
77,879
77,880
77,881
77,882
77,883
77,884
77,885
77,886
77,887
77,888
77,889
77,890
77,891
77,892
77,893
77,894
77,895
77,896
77,897
77,898
77,899
77,900
77,901
77,902
77,903
78,776
78,777
78,778
78,779
78,780
78,781
78,782
78,783
78,784
78,785
78,786
78,787
78,788
78,789
78,790
78,791
78,792
78,793
78,794
78,795
78,796
78,797
78,798
78,799
78,800
78,801
78,802
78,803
78,804
78,805
78,806
78,807
78,808
78,809
78,810
78,811
78,812
78,813
78,814
78,815
78,816
78,817
78,818
78,819
78,820
78,821
78,822
78,823
78,824
78,825
78,826
78,827
78,828
78,829
78,830
78,831
78,832
78,833
78,834
78,835
78,836
78,837
78,838
78,839
78,840
78,841
78,842
78,843
78,844
78,845
78,846
78,847
78,848
78,849
78,850
78,851
78,852
78,853
78,854
78,855
78,856
78,857
78,858
78,859
78,860
78,861
78,862
78,863
78,864
78,865
78,866
78,867
78,868
78,869
78,870
78,871
78,872
78,873
78,874
78,875
78,876
78,877
78,878
78,879
78,880
78,881
78,882
78,883
78,884
78,885
78,886
78,887
78,888
78,889
78,890
78,891
78,892
78,893
78,894
78,895
78,896
78,897
78,898
78,899
78,900
78,901
78,902
78,903
344,62
344,63
344,64
344,65
344,66
344,67
344,68
344,69
344,70
344,71
344,72
344,73
344,74
344,75
344,76
344,77
344,78
344,79
344,80
344,81
344,82
344,83
344,84
344,85
344,86
344,87
344,88
344,89
344,90
344,91
344,92
344,93
344,94
344,95
344,96
344,97
344,98
344,99
344,100
344,101
344,102
344,103
344,104
344,105
344,106
344,107
344,108
344,109
344,110
344,111
344,112
344,113
344,114
344,115
344,116
344,117
344,118
344,119
344,120
344,121
344,122
344,123
344,124
344,125
344,126
344,127
344,128
344,129
344,130
344,131
344,132
344,133
344,134
344,135
344,136
344,137
344,138
344,139
344,140
344,141
344,142
344,143
344,144
344,145
344,146
344,147
344,148
344,149
344,150
344,151
344,152
344,153
344,154
344,155
344,156
344,157
344,158
344,159
344,160
344,161
344,162
344,163
344,164
344,165
344,166
344,167
344,168
344,169
344,170
344,171
344,172
344,173
344,174
344,175
344,176
344,177
344,178
344,179
344,180
344,181
344,182
344,183
344,184
344,185
344,186
344,187
344,188
344,189
345,62
345,63
345,64
345,65
345,66
345,67
345,68
345,69
345,70
345,71
345,72
345,73
345,74
345,75
345,76
345,77
345,78
345,79
345,80
345,81
345,82
345,83
345,84
345,85
345,86
345,87
345,88
345,89
345,90
345,91
345,92
345,93
345,94
345,95
345,96
345,97
345,98
345,99
345,100
345,101
345,102
345,103
345,104
345,105
345,106
345,107
345,108
345,109
345,110
345,111
345,112
345,113
345,114
345,115
345,116
345,117
345,118
345,119
345,120
345,121
345,122
345,123
345,124
345,125
345,126
345,127
345,128
345,129
345,130
345,131
345,132
345,133
345,134
345,135
345,136
345,137
345,138
345,139
345,140
345,141
345,142
345,143
345,144
345,145
345,146
345,147
345,148
345,149
345,150
345,151
345,152
345,153
345,154
345,155
345,156
345,157
345,158
345,159
345,160
345,161
345,162
345,163
345,164
345,165
345,166
345,167
345,168
345,169
345,170
345,171
345,172
345,173
345,174
345,175
345,176
345,177
345,178
345,179
345,180
345,181
345,182
345,183
345,184
345,185
345,186
345,187
345,188
345,189
346,62
346,63
346,64
346,65
346,66
346,67
346,68
346,69
346,70
346,71
346,72
346,73
346,74
346,75
346,76
346,77
346,78
346,79
346,80
346,81
346,82
346,83
346,84
346,85
346,86
346,87
346,88
346,89
346,90
346,91
346,92
346,93
346,94
346,95
346,96
346,97
346,98
346,99
346,100
346,101
346,102
346,103
346,104
346,105
346,106
346,107
346,108
346,109
346,110
346,111
346,112
346,113
346,114
346,115
346,116
346,117
346,118
346,119
346,120
346,121
346,122
346,123
346,124
346,125
346,126
346,127
346,128
346,129
346,130
346,131
346,132
346,133
346,134
346,135
346,136
346,137
346,138
346,139
346,140
346,141
346,142
346,143
346,144
346,145
346,146
346,147
346,148
346,149
346,150
346,151
346,152
346,153
346,154
346,155
346,156
346,157
346,158
346,159
346,160
346,161
346,162
346,163
346,164
346,165
346,166
346,167
346,168
346,169
346,170
346,171
346,172
346,173
346,174
346,175
346,176
346,177
346,178
346,179
346,180
346,181
346,182
346,183
346,184
346,185
346,186
346,187
346,188
346,189
347,62
347,63
347,64
347,65
347,66
347,67
347,68
347,69
347,70
347,71
347,72
347,73
347,74
347,75
347,76
347,77
347,78
347,79
347,80
347,81
347,82
347,83
347,84
347,85
347,86
347,87
347,88
347,89
347,90
347,91
347,92
347,93
347,94
347,95
347,96
347,97
347,98
347,99
347,100
347,101
347,102
347,103
347,104
347,105
347,106
347,107
347,108
347,109
347,110
347,111
347,112
347,113
347,114
347,115
347,116
347,117
347,118
347,119
347,120
347,121
347,122
347,123
347,124
347,125
347,126
347,127
347,128
347,129
347,130
347,131
347,132
347,133
347,134
347,135
347,136
347,137
347,138
347,139
347,140
347,141
347,142
347,143
347,144
347,145
347,146
347,147
347,148
347,149
347,150
347,151
347,152
347,153
347,154
347,155
347,156
347,157
347,158
347,159
347,160
347,161
347,162
347,163
347,164
347,165
347,166
347,167
347,168
347,169
347,170
347,171
347,172
347,173
347,174
347,175
347,176
347,177
347,178
347,179
347,180
347,181
347,182
347,183
347,184
347,185
347,186
347,187
347,188
347,189
670,568
670,569
670,570
670,571
670,572
670,573
670,574
670,575
670,576
670,577
670,578
670,579
670,580
670,581
670,582
670,583
670,584
670,585
670,586
670,587
670,588
670,589
670,590
670,591
670,592
670,593
670,594
670,595
670,596
670,597
670,598
670,599
670,600
670,601
670,602
670,603
670,604
670,605
670,606
670,607
670,608
670,609
670,610
670,611
670,612
670,613
670,614
670,615
670,616
670,617
670,618
670,619
670,620
670,621
670,622
670,623
670,624
670,625
670,626
670,627
670,628
670,629
670,630
670,631
670,632
670,633
670,634
670,635
670,636
670,637
670,638
670,639
670,640
670,641
670,642
670,643
670,644
670,645
670,646
670,647
670,648
670,649
670,650
670,651
670,652
670,653
670,654
670,655
670,656
670,657
670,658
670,659
670,660
670,661
670,662
670,663
670,664
670,665
670,666
670,667
670,668
670,669
670,670
670,671
670,672
670,673
670,674
670,675
670,676
670,677
670,678
670,679
670,680
670,681
670,682
670,683
670,684
670,685
670,686
670,687
670,688
670,689
670,690
670,691
670,692
670,693
670,694
670,695
671,568
671,569
671,570
671,571
671,572
671,573
671,574
671,575
671,576
671,577
671,578
671,579
671,580
671,581
671,582
671,583
671,584
671,585
671,586
671,587
671,588
671,589
671,590
671,591
671,592
671,593
671,594
671,595
671,596
671,597
671,598
671,599
671,600
671,601
671,602
671,603
671,604
671,605
671,606
671,607
671,608
671,609
671,610
671,611
671,612
671,613
671,614
671,615
671,616
671,617
671,618
671,619
671,620
671,621
671,622
671,623
671,624
671,625
671,626
671,627
671,628
671,629
671,630
671,631
671,632
671,633
671,634
671,635
671,636
671,637
671,638
671,639
671,640
671,641
671,642
671,643
671,644
671,645
671,646
671,647
671,648
671,649
671,650
671,651
671,652
671,653
671,654
671,655
671,656
671,657
671,658
671,659
671,660
671,661
671,662
671,663
671,664
671,665
671,666
671,667
671,668
671,669
671,670
671,671
671,672
671,673
671,674
671,675
671,676
671,677
671,678
671,679
671,680
671,681
671,682
671,683
671,684
671,685
671,686
671,687
671,688
671,689
671,690
671,691
671,692
671,693
671,694
671,695
672,568
672,569
672,570
672,571
672,572
672,573
672,574
672,575
672,576
672,577
672,578
672,579
672,580
672,581
672,582
672,583
672,584
672,585
672,586
672,587
672,588
672,589
672,590
672,591
672,592
672,593
672,594
672,595
672,596
672,597
672,598
672,599
672,600
672,601
672,602
672,603
672,604
672,605
672,606
672,607
672,608
672,609
672,610
672,611
672,612
672,613
672,614
672,615
672,616
672,617
672,618
672,619
672,620
672,621
672,622
672,623
672,624
672,625
672,626
672,627
672,628
672,629
672,630
672,631
672,632
672,633
672,634
672,635
672,636
672,637
672,638
672,639
672,640
672,641
672,642
672,643
672,644
672,645
672,646
672,647
672,648
672,649
672,650
672,651
672,652
672,653
672,654
672,655
672,656
672,657
672,658
672,659
672,660
672,661
672,662
672,663
672,664
672,665
672,666
672,667
672,668
672,669
672,670
672,671
672,672
672,673
672,674
672,675
672,676
672,677
672,678
672,679
672,680
672,681
672,682
672,683
672,684
672,685
672,686
672,687
672,688
672,689
672,690
672,691
672,692
672,693
672,694
672,695
673,568
673,569
673,570
673,571
673,572
673,573
673,574
673,575
673,576
673,577
673,578
673,579
673,580
673,581
673,582
673,583
673,584
673,585
673,586
673,587
673,588
673,589
673,590
673,591
673,592
673,593
673,594
673,595
673,596
673,597
673,598
673,599
673,600
673,601
673,602
673,603
673,604
673,605
673,606
673,607
673,608
673,609
673,610
673,611
673,612
673,613
673,614
673,615
673,616
673,617
673,618
673,619
673,620
673,621
673,622
673,623
673,624
673,625
673,626
673,627
673,628
673,629
673,630
673,631
673,632
673,633
673,634
673,635
673,636
673,637
673,638
673,639
673,640
673,641
673,642
673,643
673,644
673,645
673,646
673,647
673,648
673,649
673,650
673,651
673,652
673,653
673,654
673,655
673,656
673,657
673,658
673,659
673,660
673,661
673,662
673,663
673,664
673,665
673,666
673,667
673,668
673,669
673,670
673,671
673,672
673,673
673,674
673,675
673,676
673,677
673,678
673,679
673,680
673,681
673,682
673,683
673,684
673,685
673,686
673,687
673,688
673,689
673,690
673,691
673,692
673,693
673,694
673,695
960,573
960,574
960,575
960,576
960,577
960,578
960,579
960,580
960,581
960,582
960,583
960,584
960,585
960,586
960,587
960,588
960,589
960,590
960,591
960,592
960,593
960,594
960,595
960,596
960,597
960,598
960,599
960,600
960,601
960,602
960,603
960,604
960,605
960,606
960,607
960,608
960,609
960,610
960,611
960,612
960,613
960,614
960,615
960,616
960,617
960,618
960,619
960,620
960,621
960,622
960,623
960,624
960,625
960,626
960,627
960,628
960,629
960,630
960,631
960,632
960,633
960,634
960,635
960,636
960,637
960,638
960,639
960,640
960,641
960,642
960,643
960,644
960,645
960,646
960,647
960,648
960,649
960,650
960,651
960,652
960,653
960,654
960,655
960,656
960,657
960,658
960,659
960,660
960,661
960,662
960,663
960,664
960,665
960,666
960,667
960,668
960,669
960,670
960,671
960,672
960,673
960,674
960,675
960,676
960,677
960,678
960,679
960,680
960,681
960,682
960,683
960,684
960,685
960,686
960,687
960,688
960,689
960,690
960,691
960,692
960,693
960,694
960,695
960,696
960,697
960,698
960,699
960,700
961,573
961,574
961,575
961,576
961,577
961,578
961,579
961,580
961,581
961,582
961,583
961,584
961,585
961,586
961,587
961,588
961,589
961,590
961,591
961,592
961,593
961,594
961,595
961,596
961,597
961,598
961,599
961,600
961,601
961,602
961,603
961,604
961,605
961,606
961,607
961,608
961,609
961,610
961,611
961,612
961,613
961,614
961,615
961,616
961,617
961,618
961,619
961,620
961,621
961,622
961,623
961,624
961,625
961,626
961,627
961,628
961,629
961,630
961,631
961,632
961,633
961,634
961,635
961,636
961,637
961,638
961,639
961,640
961,641
961,642
961,643
961,644
961,645
961,646
961,647
961,648
961,649
961,650
961,651
961,652
961,653
961,654
961,655
961,656
961,657
961,658
961,659
961,660
961,661
961,662
961,663
961,664
961,665
961,666
961,667
961,668
961,669
961,670
961,671
961,672
961,673
961,674
961,675
961,676
961,677
961,678
961,679
961,680
961,681
961,682
961,683
961,684
961,685
961,686
961,687
961,688
961,689
961,690
961,691
961,692
961,693
961,694
961,695
961,696
961,697
961,698
961,699
961,700
962,573
962,574
962,575
962,576
962,577
962,578
962,579
962,580
962,581
962,582
962,583
962,584
962,585
962,586
962,587
962,588
962,589
962,590
962,591
962,592
962,593
962,594
962,595
962,596
962,597
962,598
962,599
962,600
962,601
962,602
962,603
962,604
962,605
962,606
962,607
962,608
962,609
962,610
962,611
962,612
962,613
962,614
962,615
962,616
962,617
962,618
962,619
962,620
962,621
962,622
962,623
962,624
962,625
962,626
962,627
962,628
962,629
962,630
962,631
962,632
962,633
962,634
962,635
962,636
962,637
962,638
962,639
962,640
962,641
962,642
962,643
962,644
962,645
962,646
962,647
962,648
962,649
962,650
962,651
962,652
962,653
962,654
962,655
962,656
962,657
962,658
962,659
962,660
962,661
962,662
962,663
962,664
962,665
962,666
962,667
962,668
962,669
962,670
962,671
962,672
962,673
962,674
962,675
962,676
962,677
962,678
962,679
962,680
962,681
962,682
962,683
962,684
962,685
962,686
962,687
962,688
962,689
962,690
962,691
962,692
962,693
962,694
962,695
962,696
962,697
962,698
962,699
962,700
963,573
963,574
963,575
963,576
963,577
963,578
963,579
963,580
963,581
963,582
963,583
963,584
963,585
963,586
963,587
963,588
963,589
963,590
963,591
963,592
963,593
963,594
963,595
963,596
963,597
963,598
963,599
963,600
963,601
963,602
963,603
963,604
963,605
963,606
963,607
963,608
963,609
963,610
963,611
963,612
963,613
963,614
963,615
963,616
963,617
963,618
963,619
963,620
963,621
963,622
963,623
963,624
963,625
963,626
963,627
963,628
963,629
963,630
963,631
963,632
963,633
963,634
963,635
963,636
963,637
963,638
963,639
963,640
963,641
963,642
963,643
963,644
963,645
963,646
963,647
963,648
963,649
963,650
963,651
963,652
963,653
963,654
963,655
963,656
963,657
963,658
963,659
963,660
963,661
963,662
963,663
963,664
963,665
963,666
963,667
963,668
963,669
963,670
963,671
963,672
963,673
963,674
963,675
963,676
963,677
963,678
963,679
963,680
963,681
963,682
963,683
963,684
963,685
963,686
963,687
963,688
963,689
963,690
963,691
963,692
963,693
963,694
963,695
963,696
963,697
963,698
963,699
963,700
404,91
404,92
404,93
404,94
404,95
404,96
404,97
404,98
404,99
404,100
404,101
404,102
404,103
404,104
404,105
404,106
404,107
404,108
404,109
404,110
404,111
404,112
404,113
404,114
404,115
404,116
404,117
404,118
404,119
404,120
404,121
404,122
404,123
404,124
404,125
404,126
404,127
404,128
404,129
404,130
404,131
404,132
404,133
404,134
404,135
404,136
404,137
404,138
404,139
404,140
404,141
404,142
404,143
404,144
404,145
404,146
404,147
404,148
404,149
404,150
404,151
404,152
404,153
404,154
404,155
404,156
404,157
404,158
404,159
404,160
404,161
404,162
404,163
404,164
404,165
404,166
404,167
404,168
404,169
404,170
404,171
404,172
404,173
404,174
404,175
404,176
404,177
404,178
404,179
404,180
404,181
404,182
404,183
404,184
404,185
404,186
404,187
404,188
404,189
404,190
404,191
404,192
404,193
404,194
404,195
404,196
404,197
404,198
404,199
404,200
404,201
404,202
404,203
404,204
404,205
404,206
404,207
404,208
404,209
404,210
404,211
404,212
404,213
404,214
404,215
404,216
404,217
404,218
405,91
405,92
405,93
405,94
405,95
405,96
405,97
405,98
405,99
405,100
405,101
405,102
405,103
405,104
405,105
405,106
405,107
405,108
405,109
405,110
405,111
405,112
405,113
405,114
405,115
405,116
405,117
405,118
405,119
405,120
405,121
405,122
405,123
405,124
405,125
405,126
405,127
405,128
405,129
405,130
405,131
405,132
405,133
405,134
405,135
405,136
405,137
405,138
405,139
405,140
405,141
405,142
405,143
405,144
405,145
405,146
405,147
405,148
405,149
405,150
405,151
405,152
405,153
405,154
405,155
405,156
405,157
405,158
405,159
405,160
405,161
405,162
405,163
405,164
405,165
405,166
405,167
405,168
405,169
405,170
405,171
405,172
405,173
405,174
405,175
405,176
405,177
405,178
405,179
405,180
405,181
405,182
405,183
405,184
405,185
405,186
405,187
405,188
405,189
405,190
405,191
405,192
405,193
405,194
405,195
405,196
405,197
405,198
405,199
405,200
405,201
405,202
405,203
405,204
405,205
405,206
405,207
405,208
405,209
405,210
405,211
405,212
405,213
405,214
405,215
405,216
405,217
405,218
406,91
406,92
406,93
406,94
406,95
406,96
406,97
406,98
406,99
406,100
406,101
406,102
406,103
406,104
406,105
406,106
406,107
406,108
406,109
406,110
406,111
406,112
406,113
406,114
406,115
406,116
406,117
406,118
406,119
406,120
406,121
406,122
406,123
406,124
406,125
406,126
406,127
406,128
406,129
406,130
406,131
406,132
406,133
406,134
406,135
406,136
406,137
406,138
406,139
406,140
406,141
406,142
406,143
406,144
406,145
406,146
406,147
406,148
406,149
406,150
406,151
406,152
406,153
406,154
406,155
406,156
406,157
406,158
406,159
406,160
406,161
406,162
406,163
406,164
406,165
406,166
406,167
406,168
406,169
406,170
406,171
406,172
406,173
406,174
406,175
406,176
406,177
406,178
406,179
406,180
406,181
406,182
406,183
406,184
406,185
406,186
406,187
406,188
406,189
406,190
406,191
406,192
406,193
406,194
406,195
406,196
406,197
406,198
406,199
406,200
406,201
406,202
406,203
406,204
406,205
406,206
406,207
406,208
406,209
406,210
406,211
406,212
406,213
406,214
406,215
406,216
406,217
406,218
407,91
407,92
407,93
407,94
407,95
407,96
407,97
407,98
407,99
407,100
407,101
407,102
407,103
407,104
407,105
407,106
407,107
407,108
407,109
407,110
407,111
407,112
407,113
407,114
407,115
407,116
407,117
407,118
407,119
407,120
407,121
407,122
407,123
407,124
407,125
407,126
407,127
407,128
407,129
407,130
407,131
407,132
407,133
407,134
407,135
407,136
407,137
407,138
407,139
407,140
407,141
407,142
407,143
407,144
407,145
407,146
407,147
407,148
407,149
407,150
407,151
407,152
407,153
407,154
407,155
407,156
407,157
407,158
407,159
407,160
407,161
407,162
407,163
407,164
407,165
407,166
407,167
407,168
407,169
407,170
407,171
407,172
407,173
407,174
407,175
407,176
407,177
407,178
407,179
407,180
407,181
407,182
407,183
407,184
407,185
407,186
407,187
407,188
407,189
407,190
407,191
407,192
407,193
407,194
407,195
407,196
407,197
407,198
407,199
407,200
407,201
407,202
407,203
407,204
407,205
407,206
407,207
407,208
407,209
407,210
407,211
407,212
407,213
407,214
407,215
407,216
407,217
407,218
503,410
503,411
503,412
503,413
503,414
503,415
503,416
503,417
503,418
503,419
503,420
503,421
503,422
503,423
503,424
503,425
503,426
503,427
503,428
503,429
503,430
503,431
503,432
503,433
503,434
503,435
503,436
503,437
503,438
503,439
503,440
503,441
503,442
503,443
503,444
503,445
503,446
503,447
503,448
503,449
503,450
503,451
503,452
503,453
503,454
503,455
503,456
503,457
503,458
503,459
503,460
503,461
503,462
503,463
503,464
503,465
503,466
503,467
503,468
503,469
503,470
503,471
503,472
503,473
503,474
503,475
503,476
503,477
503,478
503,479
503,480
503,481
503,482
503,483
503,484
503,485
503,486
503,487
503,488
503,489
503,490
503,491
503,492
503,493
503,494
503,495
503,496
503,497
503,498
503,499
503,500
503,501
503,502
503,503
503,504
503,505
503,506
503,507
503,508
503,509
503,510
503,511
503,512
503,513
503,514
503,515
503,516
503,517
503,518
503,519
503,520
503,521
503,522
503,523
503,524
503,525
503,526
503,527
503,528
503,529
503,530
503,531
503,532
503,533
503,534
503,535
503,536
503,537
504,410
504,411
504,412
504,413
504,414
504,415
504,416
504,417
504,418
504,419
504,420
504,421
504,422
504,423
504,424
504,425
504,426
504,427
504,428
504,429
504,430
504,431
504,432
504,433
504,434
504,435
504,436
504,437
504,438
504,439
504,440
504,441
504,442
504,443
504,444
504,445
504,446
504,447
504,448
504,449
504,450
504,451
504,452
504,453
504,454
504,455
504,456
504,457
504,458
504,459
504,460
504,461
504,462
504,463
504,464
504,465
504,466
504,467
504,468
504,469
504,470
504,471
504,472
504,473
504,474
504,475
504,476
504,477
504,478
504,479
504,480
504,481
504,482
504,483
504,484
504,485
504,486
504,487
504,488
504,489
504,490
504,491
504,492
504,493
504,494
504,495
504,496
504,497
504,498
504,499
504,500
504,501
504,502
504,503
504,504
504,505
504,506
504,507
504,508
504,509
504,510
504,511
504,512
504,513
504,514
504,515
504,516
504,517
504,518
504,519
504,520
504,521
504,522
504,523
504,524
504,525
504,526
504,527
504,528
504,529
504,530
504,531
504,532
504,533
504,534
504,535
504,536
504,537
505,410
505,411
505,412
505,413
505,414
505,415
505,416
505,417
505,418
505,419
505,420
505,421
505,422
505,423
505,424
505,425
505,426
505,427
505,428
505,429
505,430
505,431
505,432
505,433
505,434
505,435
505,436
505,437
505,438
505,439
505,440
505,441
505,442
505,443
505,444
505,445
505,446
505,447
505,448
505,449
505,450
505,451
505,452
505,453
505,454
505,455
505,456
505,457
505,458
505,459
505,460
505,461
505,462
505,463
505,464
505,465
505,466
505,467
505,468
505,469
505,470
505,471
505,472
505,473
505,474
505,475
505,476
505,477
505,478
505,479
505,480
505,481
505,482
505,483
505,484
505,485
505,486
505,487
505,488
505,489
505,490
505,491
505,492
505,493
505,494
505,495
505,496
505,497
505,498
505,499
505,500
505,501
505,502
505,503
505,504
505,505
505,506
505,507
505,508
505,509
505,510
505,511
505,512
505,513
505,514
505,515
505,516
505,517
505,518
505,519
505,520
505,521
505,522
505,523
505,524
505,525
505,526
505,527
505,528
505,529
505,530
505,531
505,532
505,533
505,534
505,535
505,536
505,537
506,410
506,411
506,412
506,413
506,414
506,415
506,416
506,417
506,418
506,419
506,420
506,421
506,422
506,423
506,424
506,425
506,426
506,427
506,428
506,429
506,430
506,431
506,432
506,433
506,434
506,435
506,436
506,437
506,438
506,439
506,440
506,441
506,442
506,443
506,444
506,445
506,446
506,447
506,448
506,449
506,450
506,451
506,452
506,453
506,454
506,455
506,456
506,457
506,458
506,459
506,460
506,461
506,462
506,463
506,464
506,465
506,466
506,467
506,468
506,469
506,470
506,471
506,472
506,473
506,474
506,475
506,476
506,477
506,478
506,479
506,480
506,481
506,482
506,483
506,484
506,485
506,486
506,487
506,488
506,489
506,490
506,491
506,492
506,493
506,494
506,495
506,496
506,497
506,498
506,499
506,500
506,501
506,502
506,503
506,504
506,505
506,506
506,507
506,508
506,509
506,510
506,511
506,512
506,513
506,514
506,515
506,516
506,517
506,518
506,519
506,520
506,521
506,522
506,523
506,524
506,525
506,526
506,527
506,528
506,529
506,530
506,531
506,532
506,533
506,534
506,535
506,536
506,537
83,771
83,772
83,773
83,774
83,775
83,776
83,777
83,778
83,779
83,780
83,781
83,782
83,783
83,784
83,785
83,786
83,787
83,788
83,789
83,790
83,791
83,792
83,793
83,794
83,795
83,796
83,797
83,798
83,799
83,800
83,801
83,802
83,803
83,804
83,805
83,806
83,807
83,808
83,809
83,810
83,811
83,812
83,813
83,814
83,815
83,816
83,817
83,818
83,819
83,820
83,821
83,822
83,823
83,824
83,825
83,826
83,827
83,828
83,829
83,830
83,831
83,832
83,833
83,834
83,835
83,836
83,837
83,838
83,839
83,840
83,841
83,842
83,843
83,844
83,845
83,846
83,847
83,848
83,849
83,850
83,851
83,852
83,853
83,854
83,855
83,856
83,857
83,858
83,859
83,860
83,861
83,862
83,863
83,864
83,865
83,866
83,867
83,868
83,869
83,870
83,871
83,872
83,873
83,874
83,875
83,876
83,877
83,878
83,879
83,880
83,881
83,882
83,883
83,884
83,885
83,886
83,887
83,888
83,889
83,890
83,891
83,892
83,893
83,894
83,895
83,896
83,897
83,898
84,771
84,772
84,773
84,774
84,775
84,776
84,777
84,778
84,779
84,780
84,781
84,782
84,783
84,784
84,785
84,786
84,787
84,788
84,789
84,790
84,791
84,792
84,793
84,794
84,795
84,796
84,797
84,798
84,799
84,800
84,801
84,802
84,803
84,804
84,805
84,806
84,807
84,808
84,809
84,810
84,811
84,812
84,813
84,814
84,815
84,816
84,817
84,818
84,819
84,820
84,821
84,822
84,823
84,824
84,825
84,826
84,827
84,828
84,829
84,830
84,831
84,832
84,833
84,834
84,835
84,836
84,837
84,838
84,839
84,840
84,841
84,842
84,843
84,844
84,845
84,846
84,847
84,848
84,849
84,850
84,851
84,852
84,853
84,854
84,855
84,856
84,857
84,858
84,859
84,860
84,861
84,862
84,863
84,864
84,865
84,866
84,867
84,868
84,869
84,870
84,871
84,872
84,873
84,874
84,875
84,876
84,877
84,878
84,879
84,880
84,881
84,882
84,883
84,884
84,885
84,886
84,887
84,888
84,889
84,890
84,891
84,892
84,893
84,894
84,895
84,896
84,897
84,898
85,771
85,772
85,773
85,774
85,775
85,776
85,777
85,778
85,779
85,780
85,781
85,782
85,783
85,784
85,785
85,786
85,787
85,788
85,789
85,790
85,791
85,792
85,793
85,794
85,795
85,796
85,797
85,798
85,799
85,800
85,801
85,802
85,803
85,804
85,805
85,806
85,807
85,808
85,809
85,810
85,811
85,812
85,813
85,814
85,815
85,816
85,817
85,818
85,819
85,820
85,821
85,822
85,823
85,824
85,825
85,826
85,827
85,828
85,829
85,830
85,831
85,832
85,833
85,834
85,835
85,836
85,837
85,838
85,839
85,840
85,841
85,842
85,843
85,844
85,845
85,846
85,847
85,848
85,849
85,850
85,851
85,852
85,853
85,854
85,855
85,856
85,857
85,858
85,859
85,860
85,861
85,862
85,863
85,864
85,865
85,866
85,867
85,868
85,869
85,870
85,871
85,872
85,873
85,874
85,875
85,876
85,877
85,878
85,879
85,880
85,881
85,882
85,883
85,884
85,885
85,886
85,887
85,888
85,889
85,890
85,891
85,892
85,893
85,894
85,895
85,896
85,897
85,898
86,771
86,772
86,773
86,774
86,775
86,776
86,777
86,778
86,779
86,780
86,781
86,782
86,783
86,784
86,785
86,786
86,787
86,788
86,789
86,790
86,791
86,792
86,793
86,794
86,795
86,796
86,797
86,798
86,799
86,800
86,801
86,802
86,803
86,804
86,805
86,806
86,807
86,808
86,809
86,810
86,811
86,812
86,813
86,814
86,815
86,816
86,817
86,818
86,819
86,820
86,821
86,822
86,823
86,824
86,825
86,826
86,827
86,828
86,829
86,830
86,831
86,832
86,833
86,834
86,835
86,836
86,837
86,838
86,839
86,840
86,841
86,842
86,843
86,844
86,845
86,846
86,847
86,848
86,849
86,850
86,851
86,852
86,853
86,854
86,855
86,856
86,857
86,858
86,859
86,860
86,861
86,862
86,863
86,864
86,865
86,866
86,867
86,868
86,869
86,870
86,871
86,872
86,873
86,874
86,875
86,876
86,877
86,878
86,879
86,880
86,881
86,882
86,883
86,884
86,885
86,886
86,887
86,888
86,889
86,890
86,891
86,892
86,893
86,894
86,895
86,896
86,897
86,898
66,759
66,760
66,761
66,762
66,763
66,764
66,765
66,766
66,767
66,768
66,769
66,770
66,771
66,772
66,773
66,774
66,775
66,776
66,777
66,778
66,779
66,780
66,781
66,782
66,783
66,784
66,785
66,786
66,787
66,788
66,789
66,790
66,791
66,792
66,793
66,794
66,795
66,796
66,797
66,798
66,799
66,800
66,801
66,802
66,803
66,804
66,805
66,806
66,807
66,808
66,809
66,810
66,811
66,812
66,813
66,814
66,815
66,816
66,817
66,818
66,819
66,820
66,821
66,822
66,823
66,824
66,825
66,826
66,827
66,828
66,829
66,830
66,831
66,832
66,833
66,834
66,835
66,836
66,837
66,838
66,839
66,840
66,841
66,842
66,843
66,844
66,845
66,846
66,847
66,848
66,849
66,850
66,851
66,852
66,853
66,854
66,855
66,856
66,857
66,858
66,859
66,860
66,861
66,862
66,863
66,864
66,865
66,866
66,867
66,868
66,869
66,870
66,871
66,872
66,873
66,874
66,875
66,876
66,877
66,878
66,879
66,880
66,881
66,882
66,883
66,884
66,885
66,886
67,759
67,760
67,761
67,762
67,763
67,764
67,765
67,766
67,767
67,768
67,769
67,770
67,771
67,772
67,773
67,774
67,775
67,776
67,777
67,778
67,779
67,780
67,781
67,782
67,783
67,784
67,785
67,786
67,787
67,788
67,789
67,790
67,791
67,792
67,793
67,794
67,795
67,796
67,797
67,798
67,799
67,800
67,801
67,802
67,803
67,804
67,805
67,806
67,807
67,808
67,809
67,810
67,811
67,812
67,813
67,814
67,815
67,816
67,817
67,818
67,819
67,820
67,821
67,822
67,823
67,824
67,825
67,826
67,827
67,828
67,829
67,830
67,831
67,832
67,833
67,834
67,835
67,836
67,837
67,838
67,839
67,840
67,841
67,842
67,843
67,844
67,845
67,846
67,847
67,848
67,849
67,850
67,851
67,852
67,853
67,854
67,855
67,856
67,857
67,858
67,859
67,860
67,861
67,862
67,863
67,864
67,865
67,866
67,867
67,868
67,869
67,870
67,871
67,872
67,873
67,874
67,875
67,876
67,877
67,878
67,879
67,880
67,881
67,882
67,883
67,884
67,885
67,886
68,759
68,760
68,761
68,762
68,763
68,764
68,765
68,766
68,767
68,768
68,769
68,770
68,771
68,772
68,773
68,774
68,775
68,776
68,777
68,778
68,779
68,780
68,781
68,782
68,783
68,784
68,785
68,786
68,787
68,788
68,789
68,790
68,791
68,792
68,793
68,794
68,795
68,796
68,797
68,798
68,799
68,800
68,801
68,802
68,803
68,804
68,805
68,806
68,807
68,808
68,809
68,810
68,811
68,812
68,813
68,814
68,815
68,816
68,817
68,818
68,819
68,820
68,821
68,822
68,823
68,824
68,825
68,826
68,827
68,828
68,829
68,830
68,831
68,832
68,833
68,834
68,835
68,836
68,837
68,838
68,839
68,840
68,841
68,842
68,843
68,844
68,845
68,846
68,847
68,848
68,849
68,850
68,851
68,852
68,853
68,854
68,855
68,856
68,857
68,858
68,859
68,860
68,861
68,862
68,863
68,864
68,865
68,866
68,867
68,868
68,869
68,870
68,871
68,872
68,873
68,874
68,875
68,876
68,877
68,878
68,879
68,880
68,881
68,882
68,883
68,884
68,885
68,886
69,759
69,760
69,761
69,762
69,763
69,764
69,765
69,766
69,767
69,768
69,769
69,770
69,771
69,772
69,773
69,774
69,775
69,776
69,777
69,778
69,779
69,780
69,781
69,782
69,783
69,784
69,785
69,786
69,787
69,788
69,789
69,790
69,791
69,792
69,793
69,794
69,795
69,796
69,797
69,798
69,799
69,800
69,801
69,802
69,803
69,804
69,805
69,806
69,807
69,808
69,809
69,810
69,811
69,812
69,813
69,814
69,815
69,816
69,817
69,818
69,819
69,820
69,821
69,822
69,823
69,824
69,825
69,826
69,827
69,828
69,829
69,830
69,831
69,832
69,833
69,834
69,835
69,836
69,837
69,838
69,839
69,840
69,841
69,842
69,843
69,844
69,845
69,846
69,847
69,848
69,849
69,850
69,851
69,852
69,853
69,854
69,855
69,856
69,857
69,858
69,859
69,860
69,861
69,862
69,863
69,864
69,865
69,866
69,867
69,868
69,869
69,870
69,871
69,872
69,873
69,874
69,875
69,876
69,877
69,878
69,879
69,880
69,881
69,882
69,883
69,884
69,885
69,886
755,475
755,476
755,477
755,478
755,479
755,480
755,481
755,482
755,483
755,484
755,485
755,486
755,487
755,488
755,489
755,490
755,491
755,492
755,493
755,494
755,495
755,496
755,497
755,498
755,499
755,500
755,501
755,502
755,503
755,504
755,505
755,506
755,507
755,508
755,509
755,510
755,511
755,512
755,513
755,514
755,515
755,516
755,517
755,518
755,519
755,520
755,521
755,522
755,523
755,524
755,525
755,526
755,527
755,528
755,529
755,530
755,531
755,532
755,533
755,534
755,535
755,536
755,537
755,538
755,539
755,540
755,541
755,542
755,543
755,544
755,545
755,546
755,547
755,548
755,549
755,550
755,551
755,552
755,553
755,554
755,555
755,556
755,557
755,558
755,559
755,560
755,561
755,562
755,563
755,564
755,565
755,566
755,567
755,568
755,569
755,570
755,571
755,572
755,573
755,574
755,575
755,576
755,577
755,578
755,579
755,580
755,581
755,582
755,583
755,584
755,585
755,586
755,587
755,588
755,589
755,590
755,591
755,592
755,593
755,594
755,595
755,596
755,597
755,598
755,599
755,600
755,601
755,602
756,475
756,476
756,477
756,478
756,479
756,480
756,481
756,482
756,483
756,484
756,485
756,486
756,487
756,488
756,489
756,490
756,491
756,492
756,493
756,494
756,495
756,496
756,497
756,498
756,499
756,500
756,501
756,502
756,503
756,504
756,505
756,506
756,507
756,508
756,509
756,510
756,511
756,512
756,513
756,514
756,515
756,516
756,517
756,518
756,519
756,520
756,521
756,522
756,523
756,524
756,525
756,526
756,527
756,528
756,529
756,530
756,531
756,532
756,533
756,534
756,535
756,536
756,537
756,538
756,539
756,540
756,541
756,542
756,543
756,544
756,545
756,546
756,547
756,548
756,549
756,550
756,551
756,552
756,553
756,554
756,555
756,556
756,557
756,558
756,559
756,560
756,561
756,562
756,563
756,564
756,565
756,566
756,567
756,568
756,569
756,570
756,571
756,572
756,573
756,574
756,575
756,576
756,577
756,578
756,579
756,580
756,581
756,582
756,583
756,584
756,585
756,586
756,587
756,588
756,589
756,590
756,591
756,592
756,593
756,594
756,595
756,596
756,597
756,598
756,599
756,600
756,601
756,602
757,475
757,476
757,477
757,478
757,479
757,480
757,481
757,482
757,483
757,484
757,485
757,486
757,487
757,488
757,489
757,490
757,491
757,492
757,493
757,494
757,495
757,496
757,497
757,498
757,499
757,500
757,501
757,502
757,503
757,504
757,505
757,506
757,507
757,508
757,509
757,510
757,511
757,512
757,513
757,514
757,515
757,516
757,517
757,518
757,519
757,520
757,521
757,522
757,523
757,524
757,525
757,526
757,527
757,528
757,529
757,530
757,531
757,532
757,533
757,534
757,535
757,536
757,537
757,538
757,539
757,540
757,541
757,542
757,543
757,544
757,545
757,546
757,547
757,548
757,549
757,550
757,551
757,552
757,553
757,554
757,555
757,556
757,557
757,558
757,559
757,560
757,561
757,562
757,563
757,564
757,565
757,566
757,567
757,568
757,569
757,570
757,571
757,572
757,573
757,574
757,575
757,576
757,577
757,578
757,579
757,580
757,581
757,582
757,583
757,584
757,585
757,586
757,587
757,588
757,589
757,590
757,591
757,592
757,593
757,594
757,595
757,596
757,597
757,598
757,599
757,600
757,601
757,602
758,475
758,476
758,477
758,478
758,479
758,480
758,481
758,482
758,483
758,484
758,485
758,486
758,487
758,488
758,489
758,490
758,491
758,492
758,493
758,494
758,495
758,496
758,497
758,498
758,499
758,500
758,501
758,502
758,503
758,504
758,505
758,506
758,507
758,508
758,509
758,510
758,511
758,512
758,513
758,514
758,515
758,516
758,517
758,518
758,519
758,520
758,521
758,522
758,523
758,524
758,525
758,526
758,527
758,528
758,529
758,530
758,531
758,532
758,533
758,534
758,535
758,536
758,537
758,538
758,539
758,540
758,541
758,542
758,543
758,544
758,545
758,546
758,547
758,548
758,549
758,550
758,551
758,552
758,553
758,554
758,555
758,556
758,557
758,558
758,559
758,560
758,561
758,562
758,563
758,564
758,565
758,566
758,567
758,568
758,569
758,570
758,571
758,572
758,573
758,574
758,575
758,576
758,577
758,578
758,579
758,580
758,581
758,582
758,583
758,584
758,585
758,586
758,587
758,588
758,589
758,590
758,591
758,592
758,593
758,594
758,595
758,596
758,597
758,598
758,599
758,600
758,601
758,602
885,105
885,106
885,107
885,108
885,109
885,110
885,111
885,112
885,113
885,114
885,115
885,116
885,117
885,118
885,119
885,120
885,121
885,122
885,123
885,124
885,125
885,126
885,127
885,128
885,129
885,130
885,131
885,132
885,133
885,134
885,135
885,136
885,137
885,138
885,139
885,140
885,141
885,142
885,143
885,144
885,145
885,146
885,147
885,148
885,149
885,150
885,151
885,152
885,153
885,154
885,155
885,156
885,157
885,158
885,159
885,160
885,161
885,162
885,163
885,164
885,165
885,166
885,167
885,168
885,169
885,170
885,171
885,172
885,173
885,174
885,175
885,176
885,177
885,178
885,179
885,180
885,181
885,182
885,183
885,184
885,185
885,186
885,187
885,188
885,189
885,190
885,191
885,192
885,193
885,194
885,195
885,196
885,197
885,198
885,199
885,200
885,201
885,202
885,203
885,204
885,205
885,206
885,207
885,208
885,209
885,210
885,211
885,212
885,213
885,214
885,215
885,216
885,217
885,218
885,219
885,220
885,221
885,222
885,223
885,224
885,225
885,226
885,227
885,228
885,229
885,230
885,231
885,232
886,105
886,106
886,107
886,108
886,109
886,110
886,111
886,112
886,113
886,114
886,115
886,116
886,117
886,118
886,119
886,120
886,121
886,122
886,123
886,124
886,125
886,126
886,127
886,128
886,129
886,130
886,131
886,132
886,133
886,134
886,135
886,136
886,137
886,138
886,139
886,140
886,141
886,142
886,143
886,144
886,145
886,146
886,147
886,148
886,149
886,150
886,151
886,152
886,153
886,154
886,155
886,156
886,157
886,158
886,159
886,160
886,161
886,162
886,163
886,164
886,165
886,166
886,167
886,168
886,169
886,170
886,171
886,172
886,173
886,174
886,175
886,176
886,177
886,178
886,179
886,180
886,181
886,182
886,183
886,184
886,185
886,186
886,187
886,188
886,189
886,190
886,191
886,192
886,193
886,194
886,195
886,196
886,197
886,198
886,199
886,200
886,201
886,202
886,203
886,204
886,205
886,206
886,207
886,208
886,209
886,210
886,211
886,212
886,213
886,214
886,215
886,216
886,217
886,218
886,219
886,220
886,221
886,222
886,223
886,224
886,225
886,226
886,227
886,228
886,229
886,230
886,231
886,232
887,105
887,106
887,107
887,108
887,109
887,110
887,111
887,112
887,113
887,114
887,115
887,116
887,117
887,118
887,119
887,120
887,121
887,122
887,123
887,124
887,125
887,126
887,127
887,128
887,129
887,130
887,131
887,132
887,133
887,134
887,135
887,136
887,137
887,138
887,139
887,140
887,141
887,142
887,143
887,144
887,145
887,146
887,147
887,148
887,149
887,150
887,151
887,152
887,153
887,154
887,155
887,156
887,157
887,158
887,159
887,160
887,161
887,162
887,163
887,164
887,165
887,166
887,167
887,168
887,169
887,170
887,171
887,172
887,173
887,174
887,175
887,176
887,177
887,178
887,179
887,180
887,181
887,182
887,183
887,184
887,185
887,186
887,187
887,188
887,189
887,190
887,191
887,192
887,193
887,194
887,195
887,196
887,197
887,198
887,199
887,200
887,201
887,202
887,203
887,204
887,205
887,206
887,207
887,208
887,209
887,210
887,211
887,212
887,213
887,214
887,215
887,216
887,217
887,218
887,219
887,220
887,221
887,222
887,223
887,224
887,225
887,226
887,227
887,228
887,229
887,230
887,231
887,232
888,105
888,106
888,107
888,108
888,109
888,110
888,111
888,112
888,113
888,114
888,115
888,116
888,117
888,118
888,119
888,120
888,121
888,122
888,123
888,124
888,125
888,126
888,127
888,128
888,129
888,130
888,131
888,132
888,133
888,134
888,135
888,136
888,137
888,138
888,139
888,140
888,141
888,142
888,143
888,144
888,145
888,146
888,147
888,148
888,149
888,150
888,151
888,152
888,153
888,154
888,155
888,156
888,157
888,158
888,159
888,160
888,161
888,162
888,163
888,164
888,165
888,166
888,167
888,168
888,169
888,170
888,171
888,172
888,173
888,174
888,175
888,176
888,177
888,178
888,179
888,180
888,181
888,182
888,183
888,184
888,185
888,186
888,187
888,188
888,189
888,190
888,191
888,192
888,193
888,194
888,195
888,196
888,197
888,198
888,199
888,200
888,201
888,202
888,203
888,204
888,205
888,206
888,207
888,208
888,209
888,210
888,211
888,212
888,213
888,214
888,215
888,216
888,217
888,218
888,219
888,220
888,221
888,222
888,223
888,224
888,225
888,226
888,227
888,228
888,229
888,230
888,231
888,232
468,684
468,685
468,686
468,687
468,688
468,689
468,690
468,691
468,692
468,693
468,694
468,695
468,696
468,697
468,698
468,699
468,700
468,701
468,702
468,703
468,704
468,705
468,706
468,707
468,708
468,709
468,710
468,711
468,712
468,713
468,714
468,715
468,716
468,717
468,718
468,719
468,720
468,721
468,722
468,723
468,724
468,725
468,726
468,727
468,728
468,729
468,730
468,731
468,732
468,733
468,734
468,735
468,736
468,737
468,738
468,739
468,740
468,741
468,742
468,743
468,744
468,745
468,746
468,747
468,748
468,749
468,750
468,751
468,752
468,753
468,754
468,755
468,756
468,757
468,758
468,759
468,760
468,761
468,762
468,763
468,764
468,765
468,766
468,767
468,768
468,769
468,770
468,771
468,772
468,773
468,774
468,775
468,776
468,777
468,778
468,779
468,780
468,781
468,782
468,783
468,784
468,785
468,786
468,787
468,788
468,789
468,790
468,791
468,792
468,793
468,794
468,795
468,796
468,797
468,798
468,799
468,800
468,801
468,802
468,803
468,804
468,805
468,806
468,807
468,808
468,809
468,810
468,811
469,684
469,685
469,686
469,687
469,688
469,689
469,690
469,691
469,692
469,693
469,694
469,695
469,696
469,697
469,698
469,699
469,700
469,701
469,702
469,703
469,704
469,705
469,706
469,707
469,708
469,709
469,710
469,711
469,712
469,713
469,714
469,715
469,716
469,717
469,718
469,719
469,720
469,721
469,722
469,723
469,724
469,725
469,726
469,727
469,728
469,729
469,730
469,731
469,732
469,733
469,734
469,735
469,736
469,737
469,738
469,739
469,740
469,741
469,742
469,743
469,744
469,745
469,746
469,747
469,748
469,749
469,750
469,751
469,752
469,753
469,754
469,755
469,756
469,757
469,758
469,759
469,760
469,761
469,762
469,763
469,764
469,765
469,766
469,767
469,768
469,769
469,770
469,771
469,772
469,773
469,774
469,775
469,776
469,777
469,778
469,779
469,780
469,781
469,782
469,783
469,784
469,785
469,786
469,787
469,788
469,789
469,790
469,791
469,792
469,793
469,794
469,795
469,796
469,797
469,798
469,799
469,800
469,801
469,802
469,803
469,804
469,805
469,806
469,807
469,808
469,809
469,810
469,811
470,684
470,685
470,686
470,687
470,688
470,689
470,690
470,691
470,692
470,693
470,694
470,695
470,696
470,697
470,698
470,699
470,700
470,701
470,702
470,703
470,704
470,705
470,706
470,707
470,708
470,709
470,710
470,711
470,712
470,713
470,714
470,715
470,716
470,717
470,718
470,719
470,720
470,721
470,722
470,723
470,724
470,725
470,726
470,727
470,728
470,729
470,730
470,731
470,732
470,733
470,734
470,735
470,736
470,737
470,738
470,739
470,740
470,741
470,742
470,743
470,744
470,745
470,746
470,747
470,748
470,749
470,750
470,751
470,752
470,753
470,754
470,755
470,756
470,757
470,758
470,759
470,760
470,761
470,762
470,763
470,764
470,765
470,766
470,767
470,768
470,769
470,770
470,771
470,772
470,773
470,774
470,775
470,776
470,777
470,778
470,779
470,780
470,781
470,782
470,783
470,784
470,785
470,786
470,787
470,788
470,789
470,790
470,791
470,792
470,793
470,794
470,795
470,796
470,797
470,798
470,799
470,800
470,801
470,802
470,803
470,804
470,805
470,806
470,807
470,808
470,809
470,810
470,811
471,684
471,685
471,686
471,687
471,688
471,689
471,690
471,691
471,692
471,693
471,694
471,695
471,696
471,697
471,698
471,699
471,700
471,701
471,702
471,703
471,704
471,705
471,706
471,707
471,708
471,709
471,710
471,711
471,712
471,713
471,714
471,715
471,716
471,717
471,718
471,719
471,720
471,721
471,722
471,723
471,724
471,725
471,726
471,727
471,728
471,729
471,730
471,731
471,732
471,733
471,734
471,735
471,736
471,737
471,738
471,739
471,740
471,741
471,742
471,743
471,744
471,745
471,746
471,747
471,748
471,749
471,750
471,751
471,752
471,753
471,754
471,755
471,756
471,757
471,758
471,759
471,760
471,761
471,762
471,763
471,764
471,765
471,766
471,767
471,768
471,769
471,770
471,771
471,772
471,773
471,774
471,775
471,776
471,777
471,778
471,779
471,780
471,781
471,782
471,783
471,784
471,785
471,786
471,787
471,788
471,789
471,790
471,791
471,792
471,793
471,794
471,795
471,796
471,797
471,798
471,799
471,800
471,801
471,802
471,803
471,804
471,805
471,806
471,807
471,808
471,809
471,810
471,811