725,972
725,973
726,972
726,973
51,60
51,61
52,60
52,61
710,154
710,155
711,154
711,155
359,388
359,389
360,388
360,389
30,497
30,498
31,497
31,498
587,721
587,722
588,721
588,722
907,346
907,347
908,346
908,347
411,662
411,663
412,662
412,663
767,986
767,987
768,986
768,987
555,839
555,840
556,839
556,840
832,578
832,579
833,578
833,579
1019,817
1019,818
1020,817
1020,818
341,903
341,904
342,903
342,904
703,894
703,895
704,894
704,895
459,296
459,297
460,296
460,297
613,953
613,954
614,953
614,954
280,855
280,856
281,855
281,856
98,876
98,877
99,876
99,877
587,316
587,317
588,316
588,317
223,386
223,387
224,386
224,387
900,282
900,283
901,282
901,283
878,661
878,662
879,661
879,662
529,601
529,602
530,601
530,602
782,856
782,857
783,856
783,857
18,514
18,515
19,514
19,515
48,70
48,71
49,70
49,71
349,79
349,80
350,79
350,80
829,262
829,263
830,262
830,263
469,1019
469,1020
470,1019
470,1020
3,722
3,723
4,722
4,723
405,477
405,478
406,477
406,478
22,297
22,298
23,297
23,298
605,532
605,533
606,532
606,533
572,656
572,657
573,656
573,657
664,214
664,215
665,214
665,215
483,425
483,426
484,425
484,426
63,928
63,929
64,928
64,929
10,715
10,716
11,715
11,716
485,540
485,541
486,540
486,541
168,558
168,559
169,558
169,559
655,516
655,517
656,516
656,517
547,445
547,446
548,445
548,446
776,877
776,878
777,877
777,878
187,369
187,370
188,369
188,370
1011,578
1011,579
1012,578
1012,579
908,359
908,360
909,359
909,360
377,633
377,634
378,633
378,634
702,544
702,545
703,544
703,545
975,714
975,715
976,714
976,715
473,705
473,706
474,705
474,706
703,998
703,999
704,998
704,999
437,764
437,765
438,764
438,765
171,809
171,810
172,809
172,810
851,986
851,987
852,986
852,987
7,791
7,792
8,791
8,792
1,409
1,410
2,409
2,410
46,323
46,324
47,323
47,324
266,293
266,294
267,293
267,294
842,306
842,307
843,306
843,307
203,253
203,254
204,253
204,254
500,436
500,437
501,436
501,437
604,712
604,713
605,712
605,713
998,566
998,567
999,566
999,567