738,365
739,365
740,365
741,365
742,365
743,365
744,365
745,365
746,365
747,365
748,365
749,365
750,365
751,365
752,365
753,365
754,365
755,365
756,365
757,365
758,365
759,365
760,365
761,365
762,365
763,365
764,365
765,365
766,365
767,365
768,365
769,365
770,365
771,365
772,365
773,365
774,365
775,365
776,365
777,365
778,365
779,365
780,365
781,365
782,365
783,365
784,365
785,365
786,365
787,365
788,365
789,365
790,365
791,365
792,365
793,365
794,365
795,365
796,365
797,365
798,365
799,365
800,365
801,365
802,365
803,365
804,365
805,365
806,365
807,365
808,365
809,365
810,365
811,365
812,365
813,365
814,365
815,365
816,365
817,365
818,365
819,365
820,365
821,365
822,365
823,365
824,365
825,365
826,365
827,365
828,365
829,365
830,365
831,365
832,365
833,365
834,365
835,365
836,365
837,365
838,365
839,365
840,365
841,365
842,365
843,365
844,365
845,365
846,365
847,365
848,365
849,365
850,365
851,365
852,365
853,365
854,365
855,365
856,365
857,365
858,365
859,365
860,365
861,365
862,365
863,365
864,365
865,365
14,285
15,285
16,285
17,285
18,285
19,285
20,285
21,285
22,285
23,285
24,285
25,285
26,285
27,285
28,285
29,285
30,285
31,285
32,285
33,285
34,285
35,285
36,285
37,285
38,285
39,285
40,285
41,285
42,285
43,285
44,285
45,285
46,285
47,285
48,285
49,285
50,285
51,285
52,285
53,285
54,285
55,285
56,285
57,285
58,285
59,285
60,285
61,285
62,285
63,285
64,285
65,285
66,285
67,285
68,285
69,285
70,285
71,285
72,285
73,285
74,285
75,285
76,285
77,285
78,285
79,285
80,285
81,285
82,285
83,285
84,285
85,285
86,285
87,285
88,285
89,285
90,285
91,285
92,285
93,285
94,285
95,285
96,285
97,285
98,285
99,285
100,285
101,285
102,285
103,285
104,285
105,285
106,285
107,285
108,285
109,285
110,285
111,285
112,285
113,285
114,285
115,285
116,285
117,285
118,285
119,285
120,285
121,285
122,285
123,285
124,285
125,285
126,285
127,285
128,285
129,285
130,285
131,285
132,285
133,285
134,285
135,285
136,285
137,285
138,285
139,285
140,285
141,285
558,221
559,221
560,221
561,221
562,221
563,221
564,221
565,221
566,221
567,221
568,221
569,221
570,221
571,221
572,221
573,221
574,221
575,221
576,221
577,221
578,221
579,221
580,221
581,221
582,221
583,221
584,221
585,221
586,221
587,221
588,221
589,221
590,221
591,221
592,221
593,221
594,221
595,221
596,221
597,221
598,221
599,221
600,221
601,221
602,221
603,221
604,221
605,221
606,221
607,221
608,221
609,221
610,221
611,221
612,221
613,221
614,221
615,221
616,221
617,221
618,221
619,221
620,221
621,221
622,221
623,221
624,221
625,221
626,221
627,221
628,221
629,221
630,221
631,221
632,221
633,221
634,221
635,221
636,221
637,221
638,221
639,221
640,221
641,221
642,221
643,221
644,221
645,221
646,221
647,221
648,221
649,221
650,221
651,221
652,221
653,221
654,221
655,221
656,221
657,221
658,221
659,221
660,221
661,221
662,221
663,221
664,221
665,221
666,221
667,221
668,221
669,221
670,221
671,221
672,221
673,221
674,221
675,221
676,221
677,221
678,221
679,221
680,221
681,221
682,221
683,221
684,221
685,221
134,319
135,319
136,319
137,319
138,319
139,319
140,319
141,319
142,319
143,319
144,319
145,319
146,319
147,319
148,319
149,319
150,319
151,319
152,319
153,319
154,319
155,319
156,319
157,319
158,319
159,319
160,319
161,319
162,319
163,319
164,319
165,319
166,319
167,319
168,319
169,319
170,319
171,319
172,319
173,319
174,319
175,319
176,319
177,319
178,319
179,319
180,319
181,319
182,319
183,319
184,319
185,319
186,319
187,319
188,319
189,319
190,319
191,319
192,319
193,319
194,319
195,319
196,319
197,319
198,319
199,319
200,319
201,319
202,319
203,319
204,319
205,319
206,319
207,319
208,319
209,319
210,319
211,319
212,319
213,319
214,319
215,319
216,319
217,319
218,319
219,319
220,319
221,319
222,319
223,319
224,319
225,319
226,319
227,319
228,319
229,319
230,319
231,319
232,319
233,319
234,319
235,319
236,319
237,319
238,319
239,319
240,319
241,319
242,319
243,319
244,319
245,319
246,319
247,319
248,319
249,319
250,319
251,319
252,319
253,319
254,319
255,319
256,319
257,319
258,319
259,319
260,319
261,319
482,49
483,49
484,49
485,49
486,49
487,49
488,49
489,49
490,49
491,49
492,49
493,49
494,49
495,49
496,49
497,49
498,49
499,49
500,49
501,49
502,49
503,49
504,49
505,49
506,49
507,49
508,49
509,49
510,49
511,49
512,49
513,49
514,49
515,49
516,49
517,49
518,49
519,49
520,49
521,49
522,49
523,49
524,49
525,49
526,49
527,49
528,49
529,49
530,49
531,49
532,49
533,49
534,49
535,49
536,49
537,49
538,49
539,49
540,49
541,49
542,49
543,49
544,49
545,49
546,49
547,49
548,49
549,49
550,49
551,49
552,49
553,49
554,49
555,49
556,49
557,49
558,49
559,49
560,49
561,49
562,49
563,49
564,49
565,49
566,49
567,49
568,49
569,49
570,49
571,49
572,49
573,49
574,49
575,49
576,49
577,49
578,49
579,49
580,49
581,49
582,49
583,49
584,49
585,49
586,49
587,49
588,49
589,49
590,49
591,49
592,49
593,49
594,49
595,49
596,49
597,49
598,49
599,49
600,49
601,49
602,49
603,49
604,49
605,49
606,49
607,49
608,49
609,49
840,870
841,870
842,870
843,870
844,870
845,870
846,870
847,870
848,870
849,870
850,870
851,870
852,870
853,870
854,870
855,870
856,870
857,870
858,870
859,870
860,870
861,870
862,870
863,870
864,870
865,870
866,870
867,870
868,870
869,870
870,870
871,870
872,870
873,870
874,870
875,870
876,870
877,870
878,870
879,870
880,870
881,870
882,870
883,870
884,870
885,870
886,870
887,870
888,870
889,870
890,870
891,870
892,870
893,870
894,870
895,870
896,870
897,870
898,870
899,870
900,870
901,870
902,870
903,870
904,870
905,870
906,870
907,870
908,870
909,870
910,870
911,870
912,870
913,870
914,870
915,870
916,870
917,870
918,870
919,870
920,870
921,870
922,870
923,870
924,870
925,870
926,870
927,870
928,870
929,870
930,870
931,870
932,870
933,870
934,870
935,870
936,870
937,870
938,870
939,870
940,870
941,870
942,870
943,870
944,870
945,870
946,870
947,870
948,870
949,870
950,870
951,870
952,870
953,870
954,870
955,870
956,870
957,870
958,870
959,870
960,870
961,870
962,870
963,870
964,870
965,870
966,870
967,870
761,974
762,974
763,974
764,974
765,974
766,974
767,974
768,974
769,974
770,974
771,974
772,974
773,974
774,974
775,974
776,974
777,974
778,974
779,974
780,974
781,974
782,974
783,974
784,974
785,974
786,974
787,974
788,974
789,974
790,974
791,974
792,974
793,974
794,974
795,974
796,974
797,974
798,974
799,974
800,974
801,974
802,974
803,974
804,974
805,974
806,974
807,974
808,974
809,974
810,974
811,974
812,974
813,974
814,974
815,974
816,974
817,974
818,974
819,974
820,974
821,974
822,974
823,974
824,974
825,974
826,974
827,974
828,974
829,974
830,974
831,974
832,974
833,974
834,974
835,974
836,974
837,974
838,974
839,974
840,974
841,974
842,974
843,974
844,974
845,974
846,974
847,974
848,974
849,974
850,974
851,974
852,974
853,974
854,974
855,974
856,974
857,974
858,974
859,974
860,974
861,974
862,974
863,974
864,974
865,974
866,974
867,974
868,974
869,974
870,974
871,974
872,974
873,974
874,974
875,974
876,974
877,974
878,974
879,974
880,974
881,974
882,974
883,974
884,974
885,974
886,974
887,974
888,974
456,337
457,337
458,337
459,337
460,337
461,337
462,337
463,337
464,337
465,337
466,337
467,337
468,337
469,337
470,337
471,337
472,337
473,337
474,337
475,337
476,337
477,337
478,337
479,337
480,337
481,337
482,337
483,337
484,337
485,337
486,337
487,337
488,337
489,337
490,337
491,337
492,337
493,337
494,337
495,337
496,337
497,337
498,337
499,337
500,337
501,337
502,337
503,337
504,337
505,337
506,337
507,337
508,337
509,337
510,337
511,337
512,337
513,337
514,337
515,337
516,337
517,337
518,337
519,337
520,337
521,337
522,337
523,337
524,337
525,337
526,337
527,337
528,337
529,337
530,337
531,337
532,337
533,337
534,337
535,337
536,337
537,337
538,337
539,337
540,337
541,337
542,337
543,337
544,337
545,337
546,337
547,337
548,337
549,337
550,337
551,337
552,337
553,337
554,337
555,337
556,337
557,337
558,337
559,337
560,337
561,337
562,337
563,337
564,337
565,337
566,337
567,337
568,337
569,337
570,337
571,337
572,337
573,337
574,337
575,337
576,337
577,337
578,337
579,337
580,337
581,337
582,337
583,337
638,960
639,960
640,960
641,960
642,960
643,960
644,960
645,960
646,960
647,960
648,960
649,960
650,960
651,960
652,960
653,960
654,960
655,960
656,960
657,960
658,960
659,960
660,960
661,960
662,960
663,960
664,960
665,960
666,960
667,960
668,960
669,960
670,960
671,960
672,960
673,960
674,960
675,960
676,960
677,960
678,960
679,960
680,960
681,960
682,960
683,960
684,960
685,960
686,960
687,960
688,960
689,960
690,960
691,960
692,960
693,960
694,960
695,960
696,960
697,960
698,960
699,960
700,960
701,960
702,960
703,960
704,960
705,960
706,960
707,960
708,960
709,960
710,960
711,960
712,960
713,960
714,960
715,960
716,960
717,960
718,960
719,960
720,960
721,960
722,960
723,960
724,960
725,960
726,960
727,960
728,960
729,960
730,960
731,960
732,960
733,960
734,960
735,960
736,960
737,960
738,960
739,960
740,960
741,960
742,960
743,960
744,960
745,960
746,960
747,960
748,960
749,960
750,960
751,960
752,960
753,960
754,960
755,960
756,960
757,960
758,960
759,960
760,960
761,960
762,960
763,960
764,960
765,960
857,731
858,731
859,731
860,731
861,731
862,731
863,731
864,731
865,731
866,731
867,731
868,731
869,731
870,731
871,731
872,731
873,731
874,731
875,731
876,731
877,731
878,731
879,731
880,731
881,731
882,731
883,731
884,731
885,731
886,731
887,731
888,731
889,731
890,731
891,731
892,731
893,731
894,731
895,731
896,731
897,731
898,731
899,731
900,731
901,731
902,731
903,731
904,731
905,731
906,731
907,731
908,731
909,731
910,731
911,731
912,731
913,731
914,731
915,731
916,731
917,731
918,731
919,731
920,731
921,731
922,731
923,731
924,731
925,731
926,731
927,731
928,731
929,731
930,731
931,731
932,731
933,731
934,731
935,731
936,731
937,731
938,731
939,731
940,731
941,731
942,731
943,731
944,731
945,731
946,731
947,731
948,731
949,731
950,731
951,731
952,731
953,731
954,731
955,731
956,731
957,731
958,731
959,731
960,731
961,731
962,731
963,731
964,731
965,731
966,731
967,731
968,731
969,731
970,731
971,731
972,731
973,731
974,731
975,731
976,731
977,731
978,731
979,731
980,731
981,731
982,731
983,731
984,731
465,37
466,37
467,37
468,37
469,37
470,37
471,37
472,37
473,37
474,37
475,37
476,37
477,37
478,37
479,37
480,37
481,37
482,37
483,37
484,37
485,37
486,37
487,37
488,37
489,37
490,37
491,37
492,37
493,37
494,37
495,37
496,37
497,37
498,37
499,37
500,37
501,37
502,37
503,37
504,37
505,37
506,37
507,37
508,37
509,37
510,37
511,37
512,37
513,37
514,37
515,37
516,37
517,37
518,37
519,37
520,37
521,37
522,37
523,37
524,37
525,37
526,37
527,37
528,37
529,37
530,37
531,37
532,37
533,37
534,37
535,37
536,37
537,37
538,37
539,37
540,37
541,37
542,37
543,37
544,37
545,37
546,37
547,37
548,37
549,37
550,37
551,37
552,37
553,37
554,37
555,37
556,37
557,37
558,37
559,37
560,37
561,37
562,37
563,37
564,37
565,37
566,37
567,37
568,37
569,37
570,37
571,37
572,37
573,37
574,37
575,37
576,37
577,37
578,37
579,37
580,37
581,37
582,37
583,37
584,37
585,37
586,37
587,37
588,37
589,37
590,37
591,37
592,37
603,444
604,444
605,444
606,444
607,444
608,444
609,444
610,444
611,444
612,444
613,444
614,444
615,444
616,444
617,444
618,444
619,444
620,444
621,444
622,444
623,444
624,444
625,444
626,444
627,444
628,444
629,444
630,444
631,444
632,444
633,444
634,444
635,444
636,444
637,444
638,444
639,444
640,444
641,444
642,444
643,444
644,444
645,444
646,444
647,444
648,444
649,444
650,444
651,444
652,444
653,444
654,444
655,444
656,444
657,444
658,444
659,444
660,444
661,444
662,444
663,444
664,444
665,444
666,444
667,444
668,444
669,444
670,444
671,444
672,444
673,444
674,444
675,444
676,444
677,444
678,444
679,444
680,444
681,444
682,444
683,444
684,444
685,444
686,444
687,444
688,444
689,444
690,444
691,444
692,444
693,444
694,444
695,444
696,444
697,444
698,444
699,444
700,444
701,444
702,444
703,444
704,444
705,444
706,444
707,444
708,444
709,444
710,444
711,444
712,444
713,444
714,444
715,444
716,444
717,444
718,444
719,444
720,444
721,444
722,444
723,444
724,444
725,444
726,444
727,444
728,444
729,444
730,444
809,705
810,705
811,705
812,705
813,705
814,705
815,705
816,705
817,705
818,705
819,705
820,705
821,705
822,705
823,705
824,705
825,705
826,705
827,705
828,705
829,705
830,705
831,705
832,705
833,705
834,705
835,705
836,705
837,705
838,705
839,705
840,705
841,705
842,705
843,705
844,705
845,705
846,705
847,705
848,705
849,705
850,705
851,705
852,705
853,705
854,705
855,705
856,705
857,705
858,705
859,705
860,705
861,705
862,705
863,705
864,705
865,705
866,705
867,705
868,705
869,705
870,705
871,705
872,705
873,705
874,705
875,705
876,705
877,705
878,705
879,705
880,705
881,705
882,705
883,705
884,705
885,705
886,705
887,705
888,705
889,705
890,705
891,705
892,705
893,705
894,705
895,705
896,705
897,705
898,705
899,705
900,705
901,705
902,705
903,705
904,705
905,705
906,705
907,705
908,705
909,705
910,705
911,705
912,705
913,705
914,705
915,705
916,705
917,705
918,705
919,705
920,705
921,705
922,705
923,705
924,705
925,705
926,705
927,705
928,705
929,705
930,705
931,705
932,705
933,705
934,705
935,705
936,705
561,462
562,462
563,462
564,462
565,462
566,462
567,462
568,462
569,462
570,462
571,462
572,462
573,462
574,462
575,462
576,462
577,462
578,462
579,462
580,462
581,462
582,462
583,462
584,462
585,462
586,462
587,462
588,462
589,462
590,462
591,462
592,462
593,462
594,462
595,462
596,462
597,462
598,462
599,462
600,462
601,462
602,462
603,462
604,462
605,462
606,462
607,462
608,462
609,462
610,462
611,462
612,462
613,462
614,462
615,462
616,462
617,462
618,462
619,462
620,462
621,462
622,462
623,462
624,462
625,462
626,462
627,462
628,462
629,462
630,462
631,462
632,462
633,462
634,462
635,462
636,462
637,462
638,462
639,462
640,462
641,462
642,462
643,462
644,462
645,462
646,462
647,462
648,462
649,462
650,462
651,462
652,462
653,462
654,462
655,462
656,462
657,462
658,462
659,462
660,462
661,462
662,462
663,462
664,462
665,462
666,462
667,462
668,462
669,462
670,462
671,462
672,462
673,462
674,462
675,462
676,462
677,462
678,462
679,462
680,462
681,462
682,462
683,462
684,462
685,462
686,462
687,462
688,462
682,422
683,422
684,422
685,422
686,422
687,422
688,422
689,422
690,422
691,422
692,422
693,422
694,422
695,422
696,422
697,422
698,422
699,422
700,422
701,422
702,422
703,422
704,422
705,422
706,422
707,422
708,422
709,422
710,422
711,422
712,422
713,422
714,422
715,422
716,422
717,422
718,422
719,422
720,422
721,422
722,422
723,422
724,422
725,422
726,422
727,422
728,422
729,422
730,422
731,422
732,422
733,422
734,422
735,422
736,422
737,422
738,422
739,422
740,422
741,422
742,422
743,422
744,422
745,422
746,422
747,422
748,422
749,422
750,422
751,422
752,422
753,422
754,422
755,422
756,422
757,422
758,422
759,422
760,422
761,422
762,422
763,422
764,422
765,422
766,422
767,422
768,422
769,422
770,422
771,422
772,422
773,422
774,422
775,422
776,422
777,422
778,422
779,422
780,422
781,422
782,422
783,422
784,422
785,422
786,422
787,422
788,422
789,422
790,422
791,422
792,422
793,422
794,422
795,422
796,422
797,422
798,422
799,422
800,422
801,422
802,422
803,422
804,422
805,422
806,422
807,422
808,422
809,422
164,423
165,423
166,423
167,423
168,423
169,423
170,423
171,423
172,423
173,423
174,423
175,423
176,423
177,423
178,423
179,423
180,423
181,423
182,423
183,423
184,423
185,423
186,423
187,423
188,423
189,423
190,423
191,423
192,423
193,423
194,423
195,423
196,423
197,423
198,423
199,423
200,423
201,423
202,423
203,423
204,423
205,423
206,423
207,423
208,423
209,423
210,423
211,423
212,423
213,423
214,423
215,423
216,423
217,423
218,423
219,423
220,423
221,423
222,423
223,423
224,423
225,423
226,423
227,423
228,423
229,423
230,423
231,423
232,423
233,423
234,423
235,423
236,423
237,423
238,423
239,423
240,423
241,423
242,423
243,423
244,423
245,423
246,423
247,423
248,423
249,423
250,423
251,423
252,423
253,423
254,423
255,423
256,423
257,423
258,423
259,423
260,423
261,423
262,423
263,423
264,423
265,423
266,423
267,423
268,423
269,423
270,423
271,423
272,423
273,423
274,423
275,423
276,423
277,423
278,423
279,423
280,423
281,423
282,423
283,423
284,423
285,423
286,423
287,423
288,423
289,423
290,423
291,423
634,455
635,455
636,455
637,455
638,455
639,455
640,455
641,455
642,455
643,455
644,455
645,455
646,455
647,455
648,455
649,455
650,455
651,455
652,455
653,455
654,455
655,455
656,455
657,455
658,455
659,455
660,455
661,455
662,455
663,455
664,455
665,455
666,455
667,455
668,455
669,455
670,455
671,455
672,455
673,455
674,455
675,455
676,455
677,455
678,455
679,455
680,455
681,455
682,455
683,455
684,455
685,455
686,455
687,455
688,455
689,455
690,455
691,455
692,455
693,455
694,455
695,455
696,455
697,455
698,455
699,455
700,455
701,455
702,455
703,455
704,455
705,455
706,455
707,455
708,455
709,455
710,455
711,455
712,455
713,455
714,455
715,455
716,455
717,455
718,455
719,455
720,455
721,455
722,455
723,455
724,455
725,455
726,455
727,455
728,455
729,455
730,455
731,455
732,455
733,455
734,455
735,455
736,455
737,455
738,455
739,455
740,455
741,455
742,455
743,455
744,455
745,455
746,455
747,455
748,455
749,455
750,455
751,455
752,455
753,455
754,455
755,455
756,455
757,455
758,455
759,455
760,455
761,455
488,362
489,362
490,362
491,362
492,362
493,362
494,362
495,362
496,362
497,362
498,362
499,362
500,362
501,362
502,362
503,362
504,362
505,362
506,362
507,362
508,362
509,362
510,362
511,362
512,362
513,362
514,362
515,362
516,362
517,362
518,362
519,362
520,362
521,362
522,362
523,362
524,362
525,362
526,362
527,362
528,362
529,362
530,362
531,362
532,362
533,362
534,362
535,362
536,362
537,362
538,362
539,362
540,362
541,362
542,362
543,362
544,362
545,362
546,362
547,362
548,362
549,362
550,362
551,362
552,362
553,362
554,362
555,362
556,362
557,362
558,362
559,362
560,362
561,362
562,362
563,362
564,362
565,362
566,362
567,362
568,362
569,362
570,362
571,362
572,362
573,362
574,362
575,362
576,362
577,362
578,362
579,362
580,362
581,362
582,362
583,362
584,362
585,362
586,362
587,362
588,362
589,362
590,362
591,362
592,362
593,362
594,362
595,362
596,362
597,362
598,362
599,362
600,362
601,362
602,362
603,362
604,362
605,362
606,362
607,362
608,362
609,362
610,362
611,362
612,362
613,362
614,362
615,362
672,1020
673,1020
674,1020
675,1020
676,1020
677,1020
678,1020
679,1020
680,1020
681,1020
682,1020
683,1020
684,1020
685,1020
686,1020
687,1020
688,1020
689,1020
690,1020
691,1020
692,1020
693,1020
694,1020
695,1020
696,1020
697,1020
698,1020
699,1020
700,1020
701,1020
702,1020
703,1020
704,1020
705,1020
706,1020
707,1020
708,1020
709,1020
710,1020
711,1020
712,1020
713,1020
714,1020
715,1020
716,1020
717,1020
718,1020
719,1020
720,1020
721,1020
722,1020
723,1020
724,1020
725,1020
726,1020
727,1020
728,1020
729,1020
730,1020
731,1020
732,1020
733,1020
734,1020
735,1020
736,1020
737,1020
738,1020
739,1020
740,1020
741,1020
742,1020
743,1020
744,1020
745,1020
746,1020
747,1020
748,1020
749,1020
750,1020
751,1020
752,1020
753,1020
754,1020
755,1020
756,1020
757,1020
758,1020
759,1020
760,1020
761,1020
762,1020
763,1020
764,1020
765,1020
766,1020
767,1020
768,1020
769,1020
770,1020
771,1020
772,1020
773,1020
774,1020
775,1020
776,1020
777,1020
778,1020
779,1020
780,1020
781,1020
782,1020
783,1020
784,1020
785,1020
786,1020
787,1020
788,1020
789,1020
790,1020
791,1020
792,1020
793,1020
794,1020
795,1020
796,1020
797,1020
798,1020
799,1020
807,946
808,946
809,946
810,946
811,946
812,946
813,946
814,946
815,946
816,946
817,946
818,946
819,946
820,946
821,946
822,946
823,946
824,946
825,946
826,946
827,946
828,946
829,946
830,946
831,946
832,946
833,946
834,946
835,946
836,946
837,946
838,946
839,946
840,946
841,946
842,946
843,946
844,946
845,946
846,946
847,946
848,946
849,946
850,946
851,946
852,946
853,946
854,946
855,946
856,946
857,946
858,946
859,946
860,946
861,946
862,946
863,946
864,946
865,946
866,946
867,946
868,946
869,946
870,946
871,946
872,946
873,946
874,946
875,946
876,946
877,946
878,946
879,946
880,946
881,946
882,946
883,946
884,946
885,946
886,946
887,946
888,946
889,946
890,946
891,946
892,946
893,946
894,946
895,946
896,946
897,946
898,946
899,946
900,946
901,946
902,946
903,946
904,946
905,946
906,946
907,946
908,946
909,946
910,946
911,946
912,946
913,946
914,946
915,946
916,946
917,946
918,946
919,946
920,946
921,946
922,946
923,946
924,946
925,946
926,946
927,946
928,946
929,946
930,946
931,946
932,946
933,946
934,946
268,267
269,267
270,267
271,267
272,267
273,267
274,267
275,267
276,267
277,267
278,267
279,267
280,267
281,267
282,267
283,267
284,267
285,267
286,267
287,267
288,267
289,267
290,267
291,267
292,267
293,267
294,267
295,267
296,267
297,267
298,267
299,267
300,267
301,267
302,267
303,267
304,267
305,267
306,267
307,267
308,267
309,267
310,267
311,267
312,267
313,267
314,267
315,267
316,267
317,267
318,267
319,267
320,267
321,267
322,267
323,267
324,267
325,267
326,267
327,267
328,267
329,267
330,267
331,267
332,267
333,267
334,267
335,267
336,267
337,267
338,267
339,267
340,267
341,267
342,267
343,267
344,267
345,267
346,267
347,267
348,267
349,267
350,267
351,267
352,267
353,267
354,267
355,267
356,267
357,267
358,267
359,267
360,267
361,267
362,267
363,267
364,267
365,267
366,267
367,267
368,267
369,267
370,267
371,267
372,267
373,267
374,267
375,267
376,267
377,267
378,267
379,267
380,267
381,267
382,267
383,267
384,267
385,267
386,267
387,267
388,267
389,267
390,267
391,267
392,267
393,267
394,267
395,267
118,993
119,993
120,993
121,993
122,993
123,993
124,993
125,993
126,993
127,993
128,993
129,993
130,993
131,993
132,993
133,993
134,993
135,993
136,993
137,993
138,993
139,993
140,993
141,993
142,993
143,993
144,993
145,993
146,993
147,993
148,993
149,993
150,993
151,993
152,993
153,993
154,993
155,993
156,993
157,993
158,993
159,993
160,993
161,993
162,993
163,993
164,993
165,993
166,993
167,993
168,993
169,993
170,993
171,993
172,993
173,993
174,993
175,993
176,993
177,993
178,993
179,993
180,993
181,993
182,993
183,993
184,993
185,993
186,993
187,993
188,993
189,993
190,993
191,993
192,993
193,993
194,993
195,993
196,993
197,993
198,993
199,993
200,993
201,993
202,993
203,993
204,993
205,993
206,993
207,993
208,993
209,993
210,993
211,993
212,993
213,993
214,993
215,993
216,993
217,993
218,993
219,993
220,993
221,993
222,993
223,993
224,993
225,993
226,993
227,993
228,993
229,993
230,993
231,993
232,993
233,993
234,993
235,993
236,993
237,993
238,993
239,993
240,993
241,993
242,993
243,993
244,993
245,993
156,1023
157,1023
158,1023
159,1023
160,1023
161,1023
162,1023
163,1023
164,1023
165,1023
166,1023
167,1023
168,1023
169,1023
170,1023
171,1023
172,1023
173,1023
174,1023
175,1023
176,1023
177,1023
178,1023
179,1023
180,1023
181,1023
182,1023
183,1023
184,1023
185,1023
186,1023
187,1023
188,1023
189,1023
190,1023
191,1023
192,1023
193,1023
194,1023
195,1023
196,1023
197,1023
198,1023
199,1023
200,1023
201,1023
202,1023
203,1023
204,1023
205,1023
206,1023
207,1023
208,1023
209,1023
210,1023
211,1023
212,1023
213,1023
214,1023
215,1023
216,1023
217,1023
218,1023
219,1023
220,1023
221,1023
222,1023
223,1023
224,1023
225,1023
226,1023
227,1023
228,1023
229,1023
230,1023
231,1023
232,1023
233,1023
234,1023
235,1023
236,1023
237,1023
238,1023
239,1023
240,1023
241,1023
242,1023
243,1023
244,1023
245,1023
246,1023
247,1023
248,1023
249,1023
250,1023
251,1023
252,1023
253,1023
254,1023
255,1023
256,1023
257,1023
258,1023
259,1023
260,1023
261,1023
262,1023
263,1023
264,1023
265,1023
266,1023
267,1023
268,1023
269,1023
270,1023
271,1023
272,1023
273,1023
274,1023
275,1023
276,1023
277,1023
278,1023
279,1023
280,1023
281,1023
282,1023
283,1023
274,471
275,471
276,471
277,471
278,471
279,471
280,471
281,471
282,471
283,471
284,471
285,471
286,471
287,471
288,471
289,471
290,471
291,471
292,471
293,471
294,471
295,471
296,471
297,471
298,471
299,471
300,471
301,471
302,471
303,471
304,471
305,471
306,471
307,471
308,471
309,471
310,471
311,471
312,471
313,471
314,471
315,471
316,471
317,471
318,471
319,471
320,471
321,471
322,471
323,471
324,471
325,471
326,471
327,471
328,471
329,471
330,471
331,471
332,471
333,471
334,471
335,471
336,471
337,471
338,471
339,471
340,471
341,471
342,471
343,471
344,471
345,471
346,471
347,471
348,471
349,471
350,471
351,471
352,471
353,471
354,471
355,471
356,471
357,471
358,471
359,471
360,471
361,471
362,471
363,471
364,471
365,471
366,471
367,471
368,471
369,471
370,471
371,471
372,471
373,471
374,471
375,471
376,471
377,471
378,471
379,471
380,471
381,471
382,471
383,471
384,471
385,471
386,471
387,471
388,471
389,471
390,471
391,471
392,471
393,471
394,471
395,471
396,471
397,471
398,471
399,471
400,471
401,471
735,716
736,716
737,716
738,716
739,716
740,716
741,716
742,716
743,716
744,716
745,716
746,716
747,716
748,716
749,716
750,716
751,716
752,716
753,716
754,716
755,716
756,716
757,716
758,716
759,716
760,716
761,716
762,716
763,716
764,716
765,716
766,716
767,716
768,716
769,716
770,716
771,716
772,716
773,716
774,716
775,716
776,716
777,716
778,716
779,716
780,716
781,716
782,716
783,716
784,716
785,716
786,716
787,716
788,716
789,716
790,716
791,716
792,716
793,716
794,716
795,716
796,716
797,716
798,716
799,716
800,716
801,716
802,716
803,716
804,716
805,716
806,716
807,716
808,716
809,716
810,716
811,716
812,716
813,716
814,716
815,716
816,716
817,716
818,716
819,716
820,716
821,716
822,716
823,716
824,716
825,716
826,716
827,716
828,716
829,716
830,716
831,716
832,716
833,716
834,716
835,716
836,716
837,716
838,716
839,716
840,716
841,716
842,716
843,716
844,716
845,716
846,716
847,716
848,716
849,716
850,716
851,716
852,716
853,716
854,716
855,716
856,716
857,716
858,716
859,716
860,716
861,716
862,716
277,729
278,729
279,729
280,729
281,729
282,729
283,729
284,729
285,729
286,729
287,729
288,729
289,729
290,729
291,729
292,729
293,729
294,729
295,729
296,729
297,729
298,729
299,729
300,729
301,729
302,729
303,729
304,729
305,729
306,729
307,729
308,729
309,729
310,729
311,729
312,729
313,729
314,729
315,729
316,729
317,729
318,729
319,729
320,729
321,729
322,729
323,729
324,729
325,729
326,729
327,729
328,729
329,729
330,729
331,729
332,729
333,729
334,729
335,729
336,729
337,729
338,729
339,729
340,729
341,729
342,729
343,729
344,729
345,729
346,729
347,729
348,729
349,729
350,729
351,729
352,729
353,729
354,729
355,729
356,729
357,729
358,729
359,729
360,729
361,729
362,729
363,729
364,729
365,729
366,729
367,729
368,729
369,729
370,729
371,729
372,729
373,729
374,729
375,729
376,729
377,729
378,729
379,729
380,729
381,729
382,729
383,729
384,729
385,729
386,729
387,729
388,729
389,729
390,729
391,729
392,729
393,729
394,729
395,729
396,729
397,729
398,729
399,729
400,729
401,729
402,729
403,729
404,729