205,852
205,853
205,854
205,855
205,856
205,857
205,858
205,859
205,860
205,861
205,862
205,863
205,864
205,865
205,866
205,867
205,868
205,869
205,870
205,871
205,872
205,873
205,874
205,875
205,876
205,877
205,878
205,879
205,880
205,881
205,882
205,883
205,884
205,885
205,886
205,887
205,888
205,889
205,890
205,891
205,892
205,893
205,894
205,895
205,896
205,897
205,898
205,899
205,900
205,901
205,902
205,903
205,904
205,905
205,906
205,907
205,908
205,909
205,910
205,911
205,912
205,913
205,914
205,915
205,916
205,917
205,918
205,919
205,920
205,921
205,922
205,923
205,924
205,925
205,926
205,927
205,928
205,929
205,930
205,931
205,932
205,933
205,934
205,935
205,936
205,937
205,938
205,939
205,940
205,941
205,942
205,943
205,944
205,945
205,946
205,947
205,948
205,949
205,950
205,951
205,952
205,953
205,954
205,955
205,956
205,957
205,958
205,959
205,960
205,961
205,962
205,963
205,964
205,965
205,966
205,967
205,968
205,969
205,970
205,971
205,972
205,973
205,974
205,975
205,976
205,977
205,978
205,979
501,470
501,471
501,472
501,473
501,474
501,475
501,476
501,477
501,478
501,479
501,480
501,481
501,482
501,483
501,484
501,485
501,486
501,487
501,488
501,489
501,490
501,491
501,492
501,493
501,494
501,495
501,496
501,497
501,498
501,499
501,500
501,501
501,502
501,503
501,504
501,505
501,506
501,507
501,508
501,509
501,510
501,511
501,512
501,513
501,514
501,515
501,516
501,517
501,518
501,519
501,520
501,521
501,522
501,523
501,524
501,525
501,526
501,527
501,528
501,529
501,530
501,531
501,532
501,533
501,534
501,535
501,536
501,537
501,538
501,539
501,540
501,541
501,542
501,543
501,544
501,545
501,546
501,547
501,548
501,549
501,550
501,551
501,552
501,553
501,554
501,555
501,556
501,557
501,558
501,559
501,560
501,561
501,562
501,563
501,564
501,565
501,566
501,567
501,568
501,569
501,570
501,571
501,572
501,573
501,574
501,575
501,576
501,577
501,578
501,579
501,580
501,581
501,582
501,583
501,584
501,585
501,586
501,587
501,588
501,589
501,590
501,591
501,592
501,593
501,594
501,595
501,596
501,597
449,504
449,505
449,506
449,507
449,508
449,509
449,510
449,511
449,512
449,513
449,514
449,515
449,516
449,517
449,518
449,519
449,520
449,521
449,522
449,523
449,524
449,525
449,526
449,527
449,528
449,529
449,530
449,531
449,532
449,533
449,534
449,535
449,536
449,537
449,538
449,539
449,540
449,541
449,542
449,543
449,544
449,545
449,546
449,547
449,548
449,549
449,550
449,551
449,552
449,553
449,554
449,555
449,556
449,557
449,558
449,559
449,560
449,561
449,562
449,563
449,564
449,565
449,566
449,567
449,568
449,569
449,570
449,571
449,572
449,573
449,574
449,575
449,576
449,577
449,578
449,579
449,580
449,581
449,582
449,583
449,584
449,585
449,586
449,587
449,588
449,589
449,590
449,591
449,592
449,593
449,594
449,595
449,596
449,597
449,598
449,599
449,600
449,601
449,602
449,603
449,604
449,605
449,606
449,607
449,608
449,609
449,610
449,611
449,612
449,613
449,614
449,615
449,616
449,617
449,618
449,619
449,620
449,621
449,622
449,623
449,624
449,625
449,626
449,627
449,628
449,629
449,630
449,631
450,653
450,654
450,655
450,656
450,657
450,658
450,659
450,660
450,661
450,662
450,663
450,664
450,665
450,666
450,667
450,668
450,669
450,670
450,671
450,672
450,673
450,674
450,675
450,676
450,677
450,678
450,679
450,680
450,681
450,682
450,683
450,684
450,685
450,686
450,687
450,688
450,689
450,690
450,691
450,692
450,693
450,694
450,695
450,696
450,697
450,698
450,699
450,700
450,701
450,702
450,703
450,704
450,705
450,706
450,707
450,708
450,709
450,710
450,711
450,712
450,713
450,714
450,715
450,716
450,717
450,718
450,719
450,720
450,721
450,722
450,723
450,724
450,725
450,726
450,727
450,728
450,729
450,730
450,731
450,732
450,733
450,734
450,735
450,736
450,737
450,738
450,739
450,740
450,741
450,742
450,743
450,744
450,745
450,746
450,747
450,748
450,749
450,750
450,751
450,752
450,753
450,754
450,755
450,756
450,757
450,758
450,759
450,760
450,761
450,762
450,763
450,764
450,765
450,766
450,767
450,768
450,769
450,770
450,771
450,772
450,773
450,774
450,775
450,776
450,777
450,778
450,779
450,780
923,168
923,169
923,170
923,171
923,172
923,173
923,174
923,175
923,176
923,177
923,178
923,179
923,180
923,181
923,182
923,183
923,184
923,185
923,186
923,187
923,188
923,189
923,190
923,191
923,192
923,193
923,194
923,195
923,196
923,197
923,198
923,199
923,200
923,201
923,202
923,203
923,204
923,205
923,206
923,207
923,208
923,209
923,210
923,211
923,212
923,213
923,214
923,215
923,216
923,217
923,218
923,219
923,220
923,221
923,222
923,223
923,224
923,225
923,226
923,227
923,228
923,229
923,230
923,231
923,232
923,233
923,234
923,235
923,236
923,237
923,238
923,239
923,240
923,241
923,242
923,243
923,244
923,245
923,246
923,247
923,248
923,249
923,250
923,251
923,252
923,253
923,254
923,255
923,256
923,257
923,258
923,259
923,260
923,261
923,262
923,263
923,264
923,265
923,266
923,267
923,268
923,269
923,270
923,271
923,272
923,273
923,274
923,275
923,276
923,277
923,278
923,279
923,280
923,281
923,282
923,283
923,284
923,285
923,286
923,287
923,288
923,289
923,290
923,291
923,292
923,293
923,294
923,295
319,99
319,100
319,101
319,102
319,103
319,104
319,105
319,106
319,107
319,108
319,109
319,110
319,111
319,112
319,113
319,114
319,115
319,116
319,117
319,118
319,119
319,120
319,121
319,122
319,123
319,124
319,125
319,126
319,127
319,128
319,129
319,130
319,131
319,132
319,133
319,134
319,135
319,136
319,137
319,138
319,139
319,140
319,141
319,142
319,143
319,144
319,145
319,146
319,147
319,148
319,149
319,150
319,151
319,152
319,153
319,154
319,155
319,156
319,157
319,158
319,159
319,160
319,161
319,162
319,163
319,164
319,165
319,166
319,167
319,168
319,169
319,170
319,171
319,172
319,173
319,174
319,175
319,176
319,177
319,178
319,179
319,180
319,181
319,182
319,183
319,184
319,185
319,186
319,187
319,188
319,189
319,190
319,191
319,192
319,193
319,194
319,195
319,196
319,197
319,198
319,199
319,200
319,201
319,202
319,203
319,204
319,205
319,206
319,207
319,208
319,209
319,210
319,211
319,212
319,213
319,214
319,215
319,216
319,217
319,218
319,219
319,220
319,221
319,222
319,223
319,224
319,225
319,226
361,532
361,533
361,534
361,535
361,536
361,537
361,538
361,539
361,540
361,541
361,542
361,543
361,544
361,545
361,546
361,547
361,548
361,549
361,550
361,551
361,552
361,553
361,554
361,555
361,556
361,557
361,558
361,559
361,560
361,561
361,562
361,563
361,564
361,565
361,566
361,567
361,568
361,569
361,570
361,571
361,572
361,573
361,574
361,575
361,576
361,577
361,578
361,579
361,580
361,581
361,582
361,583
361,584
361,585
361,586
361,587
361,588
361,589
361,590
361,591
361,592
361,593
361,594
361,595
361,596
361,597
361,598
361,599
361,600
361,601
361,602
361,603
361,604
361,605
361,606
361,607
361,608
361,609
361,610
361,611
361,612
361,613
361,614
361,615
361,616
361,617
361,618
361,619
361,620
361,621
361,622
361,623
361,624
361,625
361,626
361,627
361,628
361,629
361,630
361,631
361,632
361,633
361,634
361,635
361,636
361,637
361,638
361,639
361,640
361,641
361,642
361,643
361,644
361,645
361,646
361,647
361,648
361,649
361,650
361,651
361,652
361,653
361,654
361,655
361,656
361,657
361,658
361,659
418,150
418,151
418,152
418,153
418,154
418,155
418,156
418,157
418,158
418,159
418,160
418,161
418,162
418,163
418,164
418,165
418,166
418,167
418,168
418,169
418,170
418,171
418,172
418,173
418,174
418,175
418,176
418,177
418,178
418,179
418,180
418,181
418,182
418,183
418,184
418,185
418,186
418,187
418,188
418,189
418,190
418,191
418,192
418,193
418,194
418,195
418,196
418,197
418,198
418,199
418,200
418,201
418,202
418,203
418,204
418,205
418,206
418,207
418,208
418,209
418,210
418,211
418,212
418,213
418,214
418,215
418,216
418,217
418,218
418,219
418,220
418,221
418,222
418,223
418,224
418,225
418,226
418,227
418,228
418,229
418,230
418,231
418,232
418,233
418,234
418,235
418,236
418,237
418,238
418,239
418,240
418,241
418,242
418,243
418,244
418,245
418,246
418,247
418,248
418,249
418,250
418,251
418,252
418,253
418,254
418,255
418,256
418,257
418,258
418,259
418,260
418,261
418,262
418,263
418,264
418,265
418,266
418,267
418,268
418,269
418,270
418,271
418,272
418,273
418,274
418,275
418,276
418,277
988,158
988,159
988,160
988,161
988,162
988,163
988,164
988,165
988,166
988,167
988,168
988,169
988,170
988,171
988,172
988,173
988,174
988,175
988,176
988,177
988,178
988,179
988,180
988,181
988,182
988,183
988,184
988,185
988,186
988,187
988,188
988,189
988,190
988,191
988,192
988,193
988,194
988,195
988,196
988,197
988,198
988,199
988,200
988,201
988,202
988,203
988,204
988,205
988,206
988,207
988,208
988,209
988,210
988,211
988,212
988,213
988,214
988,215
988,216
988,217
988,218
988,219
988,220
988,221
988,222
988,223
988,224
988,225
988,226
988,227
988,228
988,229
988,230
988,231
988,232
988,233
988,234
988,235
988,236
988,237
988,238
988,239
988,240
988,241
988,242
988,243
988,244
988,245
988,246
988,247
988,248
988,249
988,250
988,251
988,252
988,253
988,254
988,255
988,256
988,257
988,258
988,259
988,260
988,261
988,262
988,263
988,264
988,265
988,266
988,267
988,268
988,269
988,270
988,271
988,272
988,273
988,274
988,275
988,276
988,277
988,278
988,279
988,280
988,281
988,282
988,283
988,284
988,285
883,220
883,221
883,222
883,223
883,224
883,225
883,226
883,227
883,228
883,229
883,230
883,231
883,232
883,233
883,234
883,235
883,236
883,237
883,238
883,239
883,240
883,241
883,242
883,243
883,244
883,245
883,246
883,247
883,248
883,249
883,250
883,251
883,252
883,253
883,254
883,255
883,256
883,257
883,258
883,259
883,260
883,261
883,262
883,263
883,264
883,265
883,266
883,267
883,268
883,269
883,270
883,271
883,272
883,273
883,274
883,275
883,276
883,277
883,278
883,279
883,280
883,281
883,282
883,283
883,284
883,285
883,286
883,287
883,288
883,289
883,290
883,291
883,292
883,293
883,294
883,295
883,296
883,297
883,298
883,299
883,300
883,301
883,302
883,303
883,304
883,305
883,306
883,307
883,308
883,309
883,310
883,311
883,312
883,313
883,314
883,315
883,316
883,317
883,318
883,319
883,320
883,321
883,322
883,323
883,324
883,325
883,326
883,327
883,328
883,329
883,330
883,331
883,332
883,333
883,334
883,335
883,336
883,337
883,338
883,339
883,340
883,341
883,342
883,343
883,344
883,345
883,346
883,347
630,880
630,881
630,882
630,883
630,884
630,885
630,886
630,887
630,888
630,889
630,890
630,891
630,892
630,893
630,894
630,895
630,896
630,897
630,898
630,899
630,900
630,901
630,902
630,903
630,904
630,905
630,906
630,907
630,908
630,909
630,910
630,911
630,912
630,913
630,914
630,915
630,916
630,917
630,918
630,919
630,920
630,921
630,922
630,923
630,924
630,925
630,926
630,927
630,928
630,929
630,930
630,931
630,932
630,933
630,934
630,935
630,936
630,937
630,938
630,939
630,940
630,941
630,942
630,943
630,944
630,945
630,946
630,947
630,948
630,949
630,950
630,951
630,952
630,953
630,954
630,955
630,956
630,957
630,958
630,959
630,960
630,961
630,962
630,963
630,964
630,965
630,966
630,967
630,968
630,969
630,970
630,971
630,972
630,973
630,974
630,975
630,976
630,977
630,978
630,979
630,980
630,981
630,982
630,983
630,984
630,985
630,986
630,987
630,988
630,989
630,990
630,991
630,992
630,993
630,994
630,995
630,996
630,997
630,998
630,999
630,1000
630,1001
630,1002
630,1003
630,1004
630,1005
630,1006
630,1007
983,836
983,837
983,838
983,839
983,840
983,841
983,842
983,843
983,844
983,845
983,846
983,847
983,848
983,849
983,850
983,851
983,852
983,853
983,854
983,855
983,856
983,857
983,858
983,859
983,860
983,861
983,862
983,863
983,864
983,865
983,866
983,867
983,868
983,869
983,870
983,871
983,872
983,873
983,874
983,875
983,876
983,877
983,878
983,879
983,880
983,881
983,882
983,883
983,884
983,885
983,886
983,887
983,888
983,889
983,890
983,891
983,892
983,893
983,894
983,895
983,896
983,897
983,898
983,899
983,900
983,901
983,902
983,903
983,904
983,905
983,906
983,907
983,908
983,909
983,910
983,911
983,912
983,913
983,914
983,915
983,916
983,917
983,918
983,919
983,920
983,921
983,922
983,923
983,924
983,925
983,926
983,927
983,928
983,929
983,930
983,931
983,932
983,933
983,934
983,935
983,936
983,937
983,938
983,939
983,940
983,941
983,942
983,943
983,944
983,945
983,946
983,947
983,948
983,949
983,950
983,951
983,952
983,953
983,954
983,955
983,956
983,957
983,958
983,959
983,960
983,961
983,962
983,963
477,445
477,446
477,447
477,448
477,449
477,450
477,451
477,452
477,453
477,454
477,455
477,456
477,457
477,458
477,459
477,460
477,461
477,462
477,463
477,464
477,465
477,466
477,467
477,468
477,469
477,470
477,471
477,472
477,473
477,474
477,475
477,476
477,477
477,478
477,479
477,480
477,481
477,482
477,483
477,484
477,485
477,486
477,487
477,488
477,489
477,490
477,491
477,492
477,493
477,494
477,495
477,496
477,497
477,498
477,499
477,500
477,501
477,502
477,503
477,504
477,505
477,506
477,507
477,508
477,509
477,510
477,511
477,512
477,513
477,514
477,515
477,516
477,517
477,518
477,519
477,520
477,521
477,522
477,523
477,524
477,525
477,526
477,527
477,528
477,529
477,530
477,531
477,532
477,533
477,534
477,535
477,536
477,537
477,538
477,539
477,540
477,541
477,542
477,543
477,544
477,545
477,546
477,547
477,548
477,549
477,550
477,551
477,552
477,553
477,554
477,555
477,556
477,557
477,558
477,559
477,560
477,561
477,562
477,563
477,564
477,565
477,566
477,567
477,568
477,569
477,570
477,571
477,572
305,503
305,504
305,505
305,506
305,507
305,508
305,509
305,510
305,511
305,512
305,513
305,514
305,515
305,516
305,517
305,518
305,519
305,520
305,521
305,522
305,523
305,524
305,525
305,526
305,527
305,528
305,529
305,530
305,531
305,532
305,533
305,534
305,535
305,536
305,537
305,538
305,539
305,540
305,541
305,542
305,543
305,544
305,545
305,546
305,547
305,548
305,549
305,550
305,551
305,552
305,553
305,554
305,555
305,556
305,557
305,558
305,559
305,560
305,561
305,562
305,563
305,564
305,565
305,566
305,567
305,568
305,569
305,570
305,571
305,572
305,573
305,574
305,575
305,576
305,577
305,578
305,579
305,580
305,581
305,582
305,583
305,584
305,585
305,586
305,587
305,588
305,589
305,590
305,591
305,592
305,593
305,594
305,595
305,596
305,597
305,598
305,599
305,600
305,601
305,602
305,603
305,604
305,605
305,606
305,607
305,608
305,609
305,610
305,611
305,612
305,613
305,614
305,615
305,616
305,617
305,618
305,619
305,620
305,621
305,622
305,623
305,624
305,625
305,626
305,627
305,628
305,629
305,630
1,87
1,88
1,89
1,90
1,91
1,92
1,93
1,94
1,95
1,96
1,97
1,98
1,99
1,100
1,101
1,102
1,103
1,104
1,105
1,106
1,107
1,108
1,109
1,110
1,111
1,112
1,113
1,114
1,115
1,116
1,117
1,118
1,119
1,120
1,121
1,122
1,123
1,124
1,125
1,126
1,127
1,128
1,129
1,130
1,131
1,132
1,133
1,134
1,135
1,136
1,137
1,138
1,139
1,140
1,141
1,142
1,143
1,144
1,145
1,146
1,147
1,148
1,149
1,150
1,151
1,152
1,153
1,154
1,155
1,156
1,157
1,158
1,159
1,160
1,161
1,162
1,163
1,164
1,165
1,166
1,167
1,168
1,169
1,170
1,171
1,172
1,173
1,174
1,175
1,176
1,177
1,178
1,179
1,180
1,181
1,182
1,183
1,184
1,185
1,186
1,187
1,188
1,189
1,190
1,191
1,192
1,193
1,194
1,195
1,196
1,197
1,198
1,199
1,200
1,201
1,202
1,203
1,204
1,205
1,206
1,207
1,208
1,209
1,210
1,211
1,212
1,213
1,214
826,183
826,184
826,185
826,186
826,187
826,188
826,189
826,190
826,191
826,192
826,193
826,194
826,195
826,196
826,197
826,198
826,199
826,200
826,201
826,202
826,203
826,204
826,205
826,206
826,207
826,208
826,209
826,210
826,211
826,212
826,213
826,214
826,215
826,216
826,217
826,218
826,219
826,220
826,221
826,222
826,223
826,224
826,225
826,226
826,227
826,228
826,229
826,230
826,231
826,232
826,233
826,234
826,235
826,236
826,237
826,238
826,239
826,240
826,241
826,242
826,243
826,244
826,245
826,246
826,247
826,248
826,249
826,250
826,251
826,252
826,253
826,254
826,255
826,256
826,257
826,258
826,259
826,260
826,261
826,262
826,263
826,264
826,265
826,266
826,267
826,268
826,269
826,270
826,271
826,272
826,273
826,274
826,275
826,276
826,277
826,278
826,279
826,280
826,281
826,282
826,283
826,284
826,285
826,286
826,287
826,288
826,289
826,290
826,291
826,292
826,293
826,294
826,295
826,296
826,297
826,298
826,299
826,300
826,301
826,302
826,303
826,304
826,305
826,306
826,307
826,308
826,309
826,310
445,560
445,561
445,562
445,563
445,564
445,565
445,566
445,567
445,568
445,569
445,570
445,571
445,572
445,573
445,574
445,575
445,576
445,577
445,578
445,579
445,580
445,581
445,582
445,583
445,584
445,585
445,586
445,587
445,588
445,589
445,590
445,591
445,592
445,593
445,594
445,595
445,596
445,597
445,598
445,599
445,600
445,601
445,602
445,603
445,604
445,605
445,606
445,607
445,608
445,609
445,610
445,611
445,612
445,613
445,614
445,615
445,616
445,617
445,618
445,619
445,620
445,621
445,622
445,623
445,624
445,625
445,626
445,627
445,628
445,629
445,630
445,631
445,632
445,633
445,634
445,635
445,636
445,637
445,638
445,639
445,640
445,641
445,642
445,643
445,644
445,645
445,646
445,647
445,648
445,649
445,650
445,651
445,652
445,653
445,654
445,655
445,656
445,657
445,658
445,659
445,660
445,661
445,662
445,663
445,664
445,665
445,666
445,667
445,668
445,669
445,670
445,671
445,672
445,673
445,674
445,675
445,676
445,677
445,678
445,679
445,680
445,681
445,682
445,683
445,684
445,685
445,686
445,687
543,686
543,687
543,688
543,689
543,690
543,691
543,692
543,693
543,694
543,695
543,696
543,697
543,698
543,699
543,700
543,701
543,702
543,703
543,704
543,705
543,706
543,707
543,708
543,709
543,710
543,711
543,712
543,713
543,714
543,715
543,716
543,717
543,718
543,719
543,720
543,721
543,722
543,723
543,724
543,725
543,726
543,727
543,728
543,729
543,730
543,731
543,732
543,733
543,734
543,735
543,736
543,737
543,738
543,739
543,740
543,741
543,742
543,743
543,744
543,745
543,746
543,747
543,748
543,749
543,750
543,751
543,752
543,753
543,754
543,755
543,756
543,757
543,758
543,759
543,760
543,761
543,762
543,763
543,764
543,765
543,766
543,767
543,768
543,769
543,770
543,771
543,772
543,773
543,774
543,775
543,776
543,777
543,778
543,779
543,780
543,781
543,782
543,783
543,784
543,785
543,786
543,787
543,788
543,789
543,790
543,791
543,792
543,793
543,794
543,795
543,796
543,797
543,798
543,799
543,800
543,801
543,802
543,803
543,804
543,805
543,806
543,807
543,808
543,809
543,810
543,811
543,812
543,813
432,532
432,533
432,534
432,535
432,536
432,537
432,538
432,539
432,540
432,541
432,542
432,543
432,544
432,545
432,546
432,547
432,548
432,549
432,550
432,551
432,552
432,553
432,554
432,555
432,556
432,557
432,558
432,559
432,560
432,561
432,562
432,563
432,564
432,565
432,566
432,567
432,568
432,569
432,570
432,571
432,572
432,573
432,574
432,575
432,576
432,577
432,578
432,579
432,580
432,581
432,582
432,583
432,584
432,585
432,586
432,587
432,588
432,589
432,590
432,591
432,592
432,593
432,594
432,595
432,596
432,597
432,598
432,599
432,600
432,601
432,602
432,603
432,604
432,605
432,606
432,607
432,608
432,609
432,610
432,611
432,612
432,613
432,614
432,615
432,616
432,617
432,618
432,619
432,620
432,621
432,622
432,623
432,624
432,625
432,626
432,627
432,628
432,629
432,630
432,631
432,632
432,633
432,634
432,635
432,636
432,637
432,638
432,639
432,640
432,641
432,642
432,643
432,644
432,645
432,646
432,647
432,648
432,649
432,650
432,651
432,652
432,653
432,654
432,655
432,656
432,657
432,658
432,659
841,73
841,74
841,75
841,76
841,77
841,78
841,79
841,80
841,81
841,82
841,83
841,84
841,85
841,86
841,87
841,88
841,89
841,90
841,91
841,92
841,93
841,94
841,95
841,96
841,97
841,98
841,99
841,100
841,101
841,102
841,103
841,104
841,105
841,106
841,107
841,108
841,109
841,110
841,111
841,112
841,113
841,114
841,115
841,116
841,117
841,118
841,119
841,120
841,121
841,122
841,123
841,124
841,125
841,126
841,127
841,128
841,129
841,130
841,131
841,132
841,133
841,134
841,135
841,136
841,137
841,138
841,139
841,140
841,141
841,142
841,143
841,144
841,145
841,146
841,147
841,148
841,149
841,150
841,151
841,152
841,153
841,154
841,155
841,156
841,157
841,158
841,159
841,160
841,161
841,162
841,163
841,164
841,165
841,166
841,167
841,168
841,169
841,170
841,171
841,172
841,173
841,174
841,175
841,176
841,177
841,178
841,179
841,180
841,181
841,182
841,183
841,184
841,185
841,186
841,187
841,188
841,189
841,190
841,191
841,192
841,193
841,194
841,195
841,196
841,197
841,198
841,199
841,200
548,759
548,760
548,761
548,762
548,763
548,764
548,765
548,766
548,767
548,768
548,769
548,770
548,771
548,772
548,773
548,774
548,775
548,776
548,777
548,778
548,779
548,780
548,781
548,782
548,783
548,784
548,785
548,786
548,787
548,788
548,789
548,790
548,791
548,792
548,793
548,794
548,795
548,796
548,797
548,798
548,799
548,800
548,801
548,802
548,803
548,804
548,805
548,806
548,807
548,808
548,809
548,810
548,811
548,812
548,813
548,814
548,815
548,816
548,817
548,818
548,819
548,820
548,821
548,822
548,823
548,824
548,825
548,826
548,827
548,828
548,829
548,830
548,831
548,832
548,833
548,834
548,835
548,836
548,837
548,838
548,839
548,840
548,841
548,842
548,843
548,844
548,845
548,846
548,847
548,848
548,849
548,850
548,851
548,852
548,853
548,854
548,855
548,856
548,857
548,858
548,859
548,860
548,861
548,862
548,863
548,864
548,865
548,866
548,867
548,868
548,869
548,870
548,871
548,872
548,873
548,874
548,875
548,876
548,877
548,878
548,879
548,880
548,881
548,882
548,883
548,884
548,885
548,886
307,114
307,115
307,116
307,117
307,118
307,119
307,120
307,121
307,122
307,123
307,124
307,125
307,126
307,127
307,128
307,129
307,130
307,131
307,132
307,133
307,134
307,135
307,136
307,137
307,138
307,139
307,140
307,141
307,142
307,143
307,144
307,145
307,146
307,147
307,148
307,149
307,150
307,151
307,152
307,153
307,154
307,155
307,156
307,157
307,158
307,159
307,160
307,161
307,162
307,163
307,164
307,165
307,166
307,167
307,168
307,169
307,170
307,171
307,172
307,173
307,174
307,175
307,176
307,177
307,178
307,179
307,180
307,181
307,182
307,183
307,184
307,185
307,186
307,187
307,188
307,189
307,190
307,191
307,192
307,193
307,194
307,195
307,196
307,197
307,198
307,199
307,200
307,201
307,202
307,203
307,204
307,205
307,206
307,207
307,208
307,209
307,210
307,211
307,212
307,213
307,214
307,215
307,216
307,217
307,218
307,219
307,220
307,221
307,222
307,223
307,224
307,225
307,226
307,227
307,228
307,229
307,230
307,231
307,232
307,233
307,234
307,235
307,236
307,237
307,238
307,239
307,240
307,241
549,593
549,594
549,595
549,596
549,597
549,598
549,599
549,600
549,601
549,602
549,603
549,604
549,605
549,606
549,607
549,608
549,609
549,610
549,611
549,612
549,613
549,614
549,615
549,616
549,617
549,618
549,619
549,620
549,621
549,622
549,623
549,624
549,625
549,626
549,627
549,628
549,629
549,630
549,631
549,632
549,633
549,634
549,635
549,636
549,637
549,638
549,639
549,640
549,641
549,642
549,643
549,644
549,645
549,646
549,647
549,648
549,649
549,650
549,651
549,652
549,653
549,654
549,655
549,656
549,657
549,658
549,659
549,660
549,661
549,662
549,663
549,664
549,665
549,666
549,667
549,668
549,669
549,670
549,671
549,672
549,673
549,674
549,675
549,676
549,677
549,678
549,679
549,680
549,681
549,682
549,683
549,684
549,685
549,686
549,687
549,688
549,689
549,690
549,691
549,692
549,693
549,694
549,695
549,696
549,697
549,698
549,699
549,700
549,701
549,702
549,703
549,704
549,705
549,706
549,707
549,708
549,709
549,710
549,711
549,712
549,713
549,714
549,715
549,716
549,717
549,718
549,719
549,720
367,751
367,752
367,753
367,754
367,755
367,756
367,757
367,758
367,759
367,760
367,761
367,762
367,763
367,764
367,765
367,766
367,767
367,768
367,769
367,770
367,771
367,772
367,773
367,774
367,775
367,776
367,777
367,778
367,779
367,780
367,781
367,782
367,783
367,784
367,785
367,786
367,787
367,788
367,789
367,790
367,791
367,792
367,793
367,794
367,795
367,796
367,797
367,798
367,799
367,800
367,801
367,802
367,803
367,804
367,805
367,806
367,807
367,808
367,809
367,810
367,811
367,812
367,813
367,814
367,815
367,816
367,817
367,818
367,819
367,820
367,821
367,822
367,823
367,824
367,825
367,826
367,827
367,828
367,829
367,830
367,831
367,832
367,833
367,834
367,835
367,836
367,837
367,838
367,839
367,840
367,841
367,842
367,843
367,844
367,845
367,846
367,847
367,848
367,849
367,850
367,851
367,852
367,853
367,854
367,855
367,856
367,857
367,858
367,859
367,860
367,861
367,862
367,863
367,864
367,865
367,866
367,867
367,868
367,869
367,870
367,871
367,872
367,873
367,874
367,875
367,876
367,877
367,878
627,29
627,30
627,31
627,32
627,33
627,34
627,35
627,36
627,37
627,38
627,39
627,40
627,41
627,42
627,43
627,44
627,45
627,46
627,47
627,48
627,49
627,50
627,51
627,52
627,53
627,54
627,55
627,56
627,57
627,58
627,59
627,60
627,61
627,62
627,63
627,64
627,65
627,66
627,67
627,68
627,69
627,70
627,71
627,72
627,73
627,74
627,75
627,76
627,77
627,78
627,79
627,80
627,81
627,82
627,83
627,84
627,85
627,86
627,87
627,88
627,89
627,90
627,91
627,92
627,93
627,94
627,95
627,96
627,97
627,98
627,99
627,100
627,101
627,102
627,103
627,104
627,105
627,106
627,107
627,108
627,109
627,110
627,111
627,112
627,113
627,114
627,115
627,116
627,117
627,118
627,119
627,120
627,121
627,122
627,123
627,124
627,125
627,126
627,127
627,128
627,129
627,130
627,131
627,132
627,133
627,134
627,135
627,136
627,137
627,138
627,139
627,140
627,141
627,142
627,143
627,144
627,145
627,146
627,147
627,148
627,149
627,150
627,151
627,152
627,153
627,154
627,155
627,156
731,616
731,617
731,618
731,619
731,620
731,621
731,622
731,623
731,624
731,625
731,626
731,627
731,628
731,629
731,630
731,631
731,632
731,633
731,634
731,635
731,636
731,637
731,638
731,639
731,640
731,641
731,642
731,643
731,644
731,645
731,646
731,647
731,648
731,649
731,650
731,651
731,652
731,653
731,654
731,655
731,656
731,657
731,658
731,659
731,660
731,661
731,662
731,663
731,664
731,665
731,666
731,667
731,668
731,669
731,670
731,671
731,672
731,673
731,674
731,675
731,676
731,677
731,678
731,679
731,680
731,681
731,682
731,683
731,684
731,685
731,686
731,687
731,688
731,689
731,690
731,691
731,692
731,693
731,694
731,695
731,696
731,697
731,698
731,699
731,700
731,701
731,702
731,703
731,704
731,705
731,706
731,707
731,708
731,709
731,710
731,711
731,712
731,713
731,714
731,715
731,716
731,717
731,718
731,719
731,720
731,721
731,722
731,723
731,724
731,725
731,726
731,727
731,728
731,729
731,730
731,731
731,732
731,733
731,734
731,735
731,736
731,737
731,738
731,739
731,740
731,741
731,742
731,743
207,804
207,805
207,806
207,807
207,808
207,809
207,810
207,811
207,812
207,813
207,814
207,815
207,816
207,817
207,818
207,819
207,820
207,821
207,822
207,823
207,824
207,825
207,826
207,827
207,828
207,829
207,830
207,831
207,832
207,833
207,834
207,835
207,836
207,837
207,838
207,839
207,840
207,841
207,842
207,843
207,844
207,845
207,846
207,847
207,848
207,849
207,850
207,851
207,852
207,853
207,854
207,855
207,856
207,857
207,858
207,859
207,860
207,861
207,862
207,863
207,864
207,865
207,866
207,867
207,868
207,869
207,870
207,871
207,872
207,873
207,874
207,875
207,876
207,877
207,878
207,879
207,880
207,881
207,882
207,883
207,884
207,885
207,886
207,887
207,888
207,889
207,890
207,891
207,892
207,893
207,894
207,895
207,896
207,897
207,898
207,899
207,900
207,901
207,902
207,903
207,904
207,905
207,906
207,907
207,908
207,909
207,910
207,911
207,912
207,913
207,914
207,915
207,916
207,917
207,918
207,919
207,920
207,921
207,922
207,923
207,924
207,925
207,926
207,927
207,928
207,929
207,930
207,931
149,568
149,569
149,570
149,571
149,572
149,573
149,574
149,575
149,576
149,577
149,578
149,579
149,580
149,581
149,582
149,583
149,584
149,585
149,586
149,587
149,588
149,589
149,590
149,591
149,592
149,593
149,594
149,595
149,596
149,597
149,598
149,599
149,600
149,601
149,602
149,603
149,604
149,605
149,606
149,607
149,608
149,609
149,610
149,611
149,612
149,613
149,614
149,615
149,616
149,617
149,618
149,619
149,620
149,621
149,622
149,623
149,624
149,625
149,626
149,627
149,628
149,629
149,630
149,631
149,632
149,633
149,634
149,635
149,636
149,637
149,638
149,639
149,640
149,641
149,642
149,643
149,644
149,645
149,646
149,647
149,648
149,649
149,650
149,651
149,652
149,653
149,654
149,655
149,656
149,657
149,658
149,659
149,660
149,661
149,662
149,663
149,664
149,665
149,666
149,667
149,668
149,669
149,670
149,671
149,672
149,673
149,674
149,675
149,676
149,677
149,678
149,679
149,680
149,681
149,682
149,683
149,684
149,685
149,686
149,687
149,688
149,689
149,690
149,691
149,692
149,693
149,694
149,695
619,652
619,653
619,654
619,655
619,656
619,657
619,658
619,659
619,660
619,661
619,662
619,663
619,664
619,665
619,666
619,667
619,668
619,669
619,670
619,671
619,672
619,673
619,674
619,675
619,676
619,677
619,678
619,679
619,680
619,681
619,682
619,683
619,684
619,685
619,686
619,687
619,688
619,689
619,690
619,691
619,692
619,693
619,694
619,695
619,696
619,697
619,698
619,699
619,700
619,701
619,702
619,703
619,704
619,705
619,706
619,707
619,708
619,709
619,710
619,711
619,712
619,713
619,714
619,715
619,716
619,717
619,718
619,719
619,720
619,721
619,722
619,723
619,724
619,725
619,726
619,727
619,728
619,729
619,730
619,731
619,732
619,733
619,734
619,735
619,736
619,737
619,738
619,739
619,740
619,741
619,742
619,743
619,744
619,745
619,746
619,747
619,748
619,749
619,750
619,751
619,752
619,753
619,754
619,755
619,756
619,757
619,758
619,759
619,760
619,761
619,762
619,763
619,764
619,765
619,766
619,767
619,768
619,769
619,770
619,771
619,772
619,773
619,774
619,775
619,776
619,777
619,778
619,779
776,496
776,497
776,498
776,499
776,500
776,501
776,502
776,503
776,504
776,505
776,506
776,507
776,508
776,509
776,510
776,511
776,512
776,513
776,514
776,515
776,516
776,517
776,518
776,519
776,520
776,521
776,522
776,523
776,524
776,525
776,526
776,527
776,528
776,529
776,530
776,531
776,532
776,533
776,534
776,535
776,536
776,537
776,538
776,539
776,540
776,541
776,542
776,543
776,544
776,545
776,546
776,547
776,548
776,549
776,550
776,551
776,552
776,553
776,554
776,555
776,556
776,557
776,558
776,559
776,560
776,561
776,562
776,563
776,564
776,565
776,566
776,567
776,568
776,569
776,570
776,571
776,572
776,573
776,574
776,575
776,576
776,577
776,578
776,579
776,580
776,581
776,582
776,583
776,584
776,585
776,586
776,587
776,588
776,589
776,590
776,591
776,592
776,593
776,594
776,595
776,596
776,597
776,598
776,599
776,600
776,601
776,602
776,603
776,604
776,605
776,606
776,607
776,608
776,609
776,610
776,611
776,612
776,613
776,614
776,615
776,616
776,617
776,618
776,619
776,620
776,621
776,622
776,623
717,520
717,521
717,522
717,523
717,524
717,525
717,526
717,527
717,528
717,529
717,530
717,531
717,532
717,533
717,534
717,535
717,536
717,537
717,538
717,539
717,540
717,541
717,542
717,543
717,544
717,545
717,546
717,547
717,548
717,549
717,550
717,551
717,552
717,553
717,554
717,555
717,556
717,557
717,558
717,559
717,560
717,561
717,562
717,563
717,564
717,565
717,566
717,567
717,568
717,569
717,570
717,571
717,572
717,573
717,574
717,575
717,576
717,577
717,578
717,579
717,580
717,581
717,582
717,583
717,584
717,585
717,586
717,587
717,588
717,589
717,590
717,591
717,592
717,593
717,594
717,595
717,596
717,597
717,598
717,599
717,600
717,601
717,602
717,603
717,604
717,605
717,606
717,607
717,608
717,609
717,610
717,611
717,612
717,613
717,614
717,615
717,616
717,617
717,618
717,619
717,620
717,621
717,622
717,623
717,624
717,625
717,626
717,627
717,628
717,629
717,630
717,631
717,632
717,633
717,634
717,635
717,636
717,637
717,638
717,639
717,640
717,641
717,642
717,643
717,644
717,645
717,646
717,647
331,116
331,117
331,118
331,119
331,120
331,121
331,122
331,123
331,124
331,125
331,126
331,127
331,128
331,129
331,130
331,131
331,132
331,133
331,134
331,135
331,136
331,137
331,138
331,139
331,140
331,141
331,142
331,143
331,144
331,145
331,146
331,147
331,148
331,149
331,150
331,151
331,152
331,153
331,154
331,155
331,156
331,157
331,158
331,159
331,160
331,161
331,162
331,163
331,164
331,165
331,166
331,167
331,168
331,169
331,170
331,171
331,172
331,173
331,174
331,175
331,176
331,177
331,178
331,179
331,180
331,181
331,182
331,183
331,184
331,185
331,186
331,187
331,188
331,189
331,190
331,191
331,192
331,193
331,194
331,195
331,196
331,197
331,198
331,199
331,200
331,201
331,202
331,203
331,204
331,205
331,206
331,207
331,208
331,209
331,210
331,211
331,212
331,213
331,214
331,215
331,216
331,217
331,218
331,219
331,220
331,221
331,222
331,223
331,224
331,225
331,226
331,227
331,228
331,229
331,230
331,231
331,232
331,233
331,234
331,235
331,236
331,237
331,238
331,239
331,240
331,241
331,242
331,243
819,163
819,164
819,165
819,166
819,167
819,168
819,169
819,170
819,171
819,172
819,173
819,174
819,175
819,176
819,177
819,178
819,179
819,180
819,181
819,182
819,183
819,184
819,185
819,186
819,187
819,188
819,189
819,190
819,191
819,192
819,193
819,194
819,195
819,196
819,197
819,198
819,199
819,200
819,201
819,202
819,203
819,204
819,205
819,206
819,207
819,208
819,209
819,210
819,211
819,212
819,213
819,214
819,215
819,216
819,217
819,218
819,219
819,220
819,221
819,222
819,223
819,224
819,225
819,226
819,227
819,228
819,229
819,230
819,231
819,232
819,233
819,234
819,235
819,236
819,237
819,238
819,239
819,240
819,241
819,242
819,243
819,244
819,245
819,246
819,247
819,248
819,249
819,250
819,251
819,252
819,253
819,254
819,255
819,256
819,257
819,258
819,259
819,260
819,261
819,262
819,263
819,264
819,265
819,266
819,267
819,268
819,269
819,270
819,271
819,272
819,273
819,274
819,275
819,276
819,277
819,278
819,279
819,280
819,281
819,282
819,283
819,284
819,285
819,286
819,287
819,288
819,289
819,290
954,190
954,191
954,192
954,193
954,194
954,195
954,196
954,197
954,198
954,199
954,200
954,201
954,202
954,203
954,204
954,205
954,206
954,207
954,208
954,209
954,210
954,211
954,212
954,213
954,214
954,215
954,216
954,217
954,218
954,219
954,220
954,221
954,222
954,223
954,224
954,225
954,226
954,227
954,228
954,229
954,230
954,231
954,232
954,233
954,234
954,235
954,236
954,237
954,238
954,239
954,240
954,241
954,242
954,243
954,244
954,245
954,246
954,247
954,248
954,249
954,250
954,251
954,252
954,253
954,254
954,255
954,256
954,257
954,258
954,259
954,260
954,261
954,262
954,263
954,264
954,265
954,266
954,267
954,268
954,269
954,270
954,271
954,272
954,273
954,274
954,275
954,276
954,277
954,278
954,279
954,280
954,281
954,282
954,283
954,284
954,285
954,286
954,287
954,288
954,289
954,290
954,291
954,292
954,293
954,294
954,295
954,296
954,297
954,298
954,299
954,300
954,301
954,302
954,303
954,304
954,305
954,306
954,307
954,308
954,309
954,310
954,311
954,312
954,313
954,314
954,315
954,316
954,317
250,574
250,575
250,576
250,577
250,578
250,579
250,580
250,581
250,582
250,583
250,584
250,585
250,586
250,587
250,588
250,589
250,590
250,591
250,592
250,593
250,594
250,595
250,596
250,597
250,598
250,599
250,600
250,601
250,602
250,603
250,604
250,605
250,606
250,607
250,608
250,609
250,610
250,611
250,612
250,613
250,614
250,615
250,616
250,617
250,618
250,619
250,620
250,621
250,622
250,623
250,624
250,625
250,626
250,627
250,628
250,629
250,630
250,631
250,632
250,633
250,634
250,635
250,636
250,637
250,638
250,639
250,640
250,641
250,642
250,643
250,644
250,645
250,646
250,647
250,648
250,649
250,650
250,651
250,652
250,653
250,654
250,655
250,656
250,657
250,658
250,659
250,660
250,661
250,662
250,663
250,664
250,665
250,666
250,667
250,668
250,669
250,670
250,671
250,672
250,673
250,674
250,675
250,676
250,677
250,678
250,679
250,680
250,681
250,682
250,683
250,684
250,685
250,686
250,687
250,688
250,689
250,690
250,691
250,692
250,693
250,694
250,695
250,696
250,697
250,698
250,699
250,700
250,701