679,732
679,733
680,732
846,457
846,458
847,458
586,819
586,820
587,820
632,3
632,4
633,4
48,360
48,361
49,361
321,21
322,21
322,22
934,227
934,228
935,228
351,1010
351,1011
352,1010
31,289
32,289
32,290
572,119
573,118
573,119
66,301
67,300
67,301
578,28
578,29
579,29
69,59
69,60
70,60
603,143
604,142
604,143
214,720
215,720
215,721
614,935
614,936
615,936
1000,883
1001,882
1001,883
835,692
836,691
836,692
332,537
333,536
333,537
251,704
252,704
252,705
470,435
470,436
471,436
365,660
365,661
366,661
976,863
977,862
977,863
56,697
56,698
57,698
3,815
4,814
4,815
265,112
266,111
266,112
930,255
930,256
931,256
975,510
975,511
976,511
608,366
609,365
609,366
5,393
6,392
6,393
795,58
796,58
796,59
475,817
475,818
476,818
864,885
864,886
865,886
552,681
552,682
553,682
110,385
111,385
111,386
336,178
336,179
337,178
143,170
143,171
144,171
834,472
835,471
835,472
928,110
928,111
929,110
24,607
25,606
25,607
243,1003
243,1004
244,1004
476,648
476,649
477,649
14,918
14,919
15,918
737,109
737,110
738,109
376,98
376,99
377,99
452,39
452,40
453,40
303,776
303,777
304,776
67,18
67,19
68,18
691,148
691,149
692,149
197,605
197,606
198,606
639,74
640,73
640,74
980,459
980,460
981,459
833,726
834,726
834,727
660,119
661,118
661,119
581,382
581,383
582,382
69,77
69,78
70,77
32,595
33,595
33,596
311,141
312,141
312,142
843,616
843,617
844,617
202,198
202,199
203,199
782,908
783,907
783,908
1006,548
1007,548
1007,549
787,73
788,72
788,73
676,437
677,436
677,437
921,928
922,928
922,929