440,328
440,329
440,330
440,331
440,332
440,333
440,334
440,335
440,336
440,337
440,338
440,339
440,340
440,341
440,342
440,343
440,344
440,345
440,346
440,347
440,348
440,349
440,350
440,351
440,352
440,353
440,354
440,355
440,356
440,357
440,358
440,359
440,360
440,361
440,362
440,363
440,364
440,365
440,366
440,367
440,368
440,369
440,370
440,371
440,372
440,373
440,374
440,375
440,376
440,377
440,378
440,379
440,380
440,381
440,382
440,383
440,384
440,385
440,386
440,387
440,388
440,389
440,390
440,391
440,392
440,393
440,394
440,395
440,396
440,397
440,398
440,399
440,400
440,401
440,402
440,403
440,404
440,405
440,406
440,407
440,408
440,409
440,410
440,411
440,412
440,413
440,414
440,415
440,416
440,417
440,418
440,419
440,420
440,421
440,422
440,423
440,424
440,425
440,426
440,427
440,428
440,429
440,430
440,431
440,432
440,433
440,434
440,435
440,436
440,437
440,438
440,439
440,440
440,441
440,442
440,443
440,444
440,445
440,446
440,447
440,448
440,449
440,450
440,451
440,452
440,453
440,454
440,455
441,328
441,329
441,330
441,331
441,332
441,333
441,334
441,335
441,336
441,337
441,338
441,339
441,340
441,341
441,342
441,343
441,344
441,345
441,346
441,347
441,348
441,349
441,350
441,351
441,352
441,353
441,354
441,355
441,356
441,357
441,358
441,359
441,360
441,361
441,362
441,363
441,364
441,365
441,366
441,367
441,368
441,369
441,370
441,371
441,372
441,373
441,374
441,375
441,376
441,377
441,378
441,379
441,380
441,381
441,382
441,383
441,384
441,385
441,386
441,387
441,388
441,389
441,390
441,391
441,392
441,393
441,394
441,395
441,396
441,397
441,398
441,399
441,400
441,401
441,402
441,403
441,404
441,405
441,406
441,407
441,408
441,409
441,410
441,411
441,412
441,413
441,414
441,415
441,416
441,417
441,418
441,419
441,420
441,421
441,422
441,423
441,424
441,425
441,426
441,427
441,428
441,429
441,430
441,431
441,432
441,433
441,434
441,435
441,436
441,437
441,438
441,439
441,440
441,441
441,442
441,443
441,444
441,445
441,446
441,447
441,448
441,449
441,450
441,451
441,452
441,453
441,454
441,455
806,544
806,545
806,546
806,547
806,548
806,549
806,550
806,551
806,552
806,553
806,554
806,555
806,556
806,557
806,558
806,559
806,560
806,561
806,562
806,563
806,564
806,565
806,566
806,567
806,568
806,569
806,570
806,571
806,572
806,573
806,574
806,575
806,576
806,577
806,578
806,579
806,580
806,581
806,582
806,583
806,584
806,585
806,586
806,587
806,588
806,589
806,590
806,591
806,592
806,593
806,594
806,595
806,596
806,597
806,598
806,599
806,600
806,601
806,602
806,603
806,604
806,605
806,606
806,607
806,608
806,609
806,610
806,611
806,612
806,613
806,614
806,615
806,616
806,617
806,618
806,619
806,620
806,621
806,622
806,623
806,624
806,625
806,626
806,627
806,628
806,629
806,630
806,631
806,632
806,633
806,634
806,635
806,636
806,637
806,638
806,639
806,640
806,641
806,642
806,643
806,644
806,645
806,646
806,647
806,648
806,649
806,650
806,651
806,652
806,653
806,654
806,655
806,656
806,657
806,658
806,659
806,660
806,661
806,662
806,663
806,664
806,665
806,666
806,667
806,668
806,669
806,670
806,671
807,544
807,545
807,546
807,547
807,548
807,549
807,550
807,551
807,552
807,553
807,554
807,555
807,556
807,557
807,558
807,559
807,560
807,561
807,562
807,563
807,564
807,565
807,566
807,567
807,568
807,569
807,570
807,571
807,572
807,573
807,574
807,575
807,576
807,577
807,578
807,579
807,580
807,581
807,582
807,583
807,584
807,585
807,586
807,587
807,588
807,589
807,590
807,591
807,592
807,593
807,594
807,595
807,596
807,597
807,598
807,599
807,600
807,601
807,602
807,603
807,604
807,605
807,606
807,607
807,608
807,609
807,610
807,611
807,612
807,613
807,614
807,615
807,616
807,617
807,618
807,619
807,620
807,621
807,622
807,623
807,624
807,625
807,626
807,627
807,628
807,629
807,630
807,631
807,632
807,633
807,634
807,635
807,636
807,637
807,638
807,639
807,640
807,641
807,642
807,643
807,644
807,645
807,646
807,647
807,648
807,649
807,650
807,651
807,652
807,653
807,654
807,655
807,656
807,657
807,658
807,659
807,660
807,661
807,662
807,663
807,664
807,665
807,666
807,667
807,668
807,669
807,670
807,671
582,572
582,573
582,574
582,575
582,576
582,577
582,578
582,579
582,580
582,581
582,582
582,583
582,584
582,585
582,586
582,587
582,588
582,589
582,590
582,591
582,592
582,593
582,594
582,595
582,596
582,597
582,598
582,599
582,600
582,601
582,602
582,603
582,604
582,605
582,606
582,607
582,608
582,609
582,610
582,611
582,612
582,613
582,614
582,615
582,616
582,617
582,618
582,619
582,620
582,621
582,622
582,623
582,624
582,625
582,626
582,627
582,628
582,629
582,630
582,631
582,632
582,633
582,634
582,635
582,636
582,637
582,638
582,639
582,640
582,641
582,642
582,643
582,644
582,645
582,646
582,647
582,648
582,649
582,650
582,651
582,652
582,653
582,654
582,655
582,656
582,657
582,658
582,659
582,660
582,661
582,662
582,663
582,664
582,665
582,666
582,667
582,668
582,669
582,670
582,671
582,672
582,673
582,674
582,675
582,676
582,677
582,678
582,679
582,680
582,681
582,682
582,683
582,684
582,685
582,686
582,687
582,688
582,689
582,690
582,691
582,692
582,693
582,694
582,695
582,696
582,697
582,698
582,699
583,572
583,573
583,574
583,575
583,576
583,577
583,578
583,579
583,580
583,581
583,582
583,583
583,584
583,585
583,586
583,587
583,588
583,589
583,590
583,591
583,592
583,593
583,594
583,595
583,596
583,597
583,598
583,599
583,600
583,601
583,602
583,603
583,604
583,605
583,606
583,607
583,608
583,609
583,610
583,611
583,612
583,613
583,614
583,615
583,616
583,617
583,618
583,619
583,620
583,621
583,622
583,623
583,624
583,625
583,626
583,627
583,628
583,629
583,630
583,631
583,632
583,633
583,634
583,635
583,636
583,637
583,638
583,639
583,640
583,641
583,642
583,643
583,644
583,645
583,646
583,647
583,648
583,649
583,650
583,651
583,652
583,653
583,654
583,655
583,656
583,657
583,658
583,659
583,660
583,661
583,662
583,663
583,664
583,665
583,666
583,667
583,668
583,669
583,670
583,671
583,672
583,673
583,674
583,675
583,676
583,677
583,678
583,679
583,680
583,681
583,682
583,683
583,684
583,685
583,686
583,687
583,688
583,689
583,690
583,691
583,692
583,693
583,694
583,695
583,696
583,697
583,698
583,699
871,209
871,210
871,211
871,212
871,213
871,214
871,215
871,216
871,217
871,218
871,219
871,220
871,221
871,222
871,223
871,224
871,225
871,226
871,227
871,228
871,229
871,230
871,231
871,232
871,233
871,234
871,235
871,236
871,237
871,238
871,239
871,240
871,241
871,242
871,243
871,244
871,245
871,246
871,247
871,248
871,249
871,250
871,251
871,252
871,253
871,254
871,255
871,256
871,257
871,258
871,259
871,260
871,261
871,262
871,263
871,264
871,265
871,266
871,267
871,268
871,269
871,270
871,271
871,272
871,273
871,274
871,275
871,276
871,277
871,278
871,279
871,280
871,281
871,282
871,283
871,284
871,285
871,286
871,287
871,288
871,289
871,290
871,291
871,292
871,293
871,294
871,295
871,296
871,297
871,298
871,299
871,300
871,301
871,302
871,303
871,304
871,305
871,306
871,307
871,308
871,309
871,310
871,311
871,312
871,313
871,314
871,315
871,316
871,317
871,318
871,319
871,320
871,321
871,322
871,323
871,324
871,325
871,326
871,327
871,328
871,329
871,330
871,331
871,332
871,333
871,334
871,335
871,336
872,209
872,210
872,211
872,212
872,213
872,214
872,215
872,216
872,217
872,218
872,219
872,220
872,221
872,222
872,223
872,224
872,225
872,226
872,227
872,228
872,229
872,230
872,231
872,232
872,233
872,234
872,235
872,236
872,237
872,238
872,239
872,240
872,241
872,242
872,243
872,244
872,245
872,246
872,247
872,248
872,249
872,250
872,251
872,252
872,253
872,254
872,255
872,256
872,257
872,258
872,259
872,260
872,261
872,262
872,263
872,264
872,265
872,266
872,267
872,268
872,269
872,270
872,271
872,272
872,273
872,274
872,275
872,276
872,277
872,278
872,279
872,280
872,281
872,282
872,283
872,284
872,285
872,286
872,287
872,288
872,289
872,290
872,291
872,292
872,293
872,294
872,295
872,296
872,297
872,298
872,299
872,300
872,301
872,302
872,303
872,304
872,305
872,306
872,307
872,308
872,309
872,310
872,311
872,312
872,313
872,314
872,315
872,316
872,317
872,318
872,319
872,320
872,321
872,322
872,323
872,324
872,325
872,326
872,327
872,328
872,329
872,330
872,331
872,332
872,333
872,334
872,335
872,336
717,720
717,721
717,722
717,723
717,724
717,725
717,726
717,727
717,728
717,729
717,730
717,731
717,732
717,733
717,734
717,735
717,736
717,737
717,738
717,739
717,740
717,741
717,742
717,743
717,744
717,745
717,746
717,747
717,748
717,749
717,750
717,751
717,752
717,753
717,754
717,755
717,756
717,757
717,758
717,759
717,760
717,761
717,762
717,763
717,764
717,765
717,766
717,767
717,768
717,769
717,770
717,771
717,772
717,773
717,774
717,775
717,776
717,777
717,778
717,779
717,780
717,781
717,782
717,783
717,784
717,785
717,786
717,787
717,788
717,789
717,790
717,791
717,792
717,793
717,794
717,795
717,796
717,797
717,798
717,799
717,800
717,801
717,802
717,803
717,804
717,805
717,806
717,807
717,808
717,809
717,810
717,811
717,812
717,813
717,814
717,815
717,816
717,817
717,818
717,819
717,820
717,821
717,822
717,823
717,824
717,825
717,826
717,827
717,828
717,829
717,830
717,831
717,832
717,833
717,834
717,835
717,836
717,837
717,838
717,839
717,840
717,841
717,842
717,843
717,844
717,845
717,846
717,847
718,720
718,721
718,722
718,723
718,724
718,725
718,726
718,727
718,728
718,729
718,730
718,731
718,732
718,733
718,734
718,735
718,736
718,737
718,738
718,739
718,740
718,741
718,742
718,743
718,744
718,745
718,746
718,747
718,748
718,749
718,750
718,751
718,752
718,753
718,754
718,755
718,756
718,757
718,758
718,759
718,760
718,761
718,762
718,763
718,764
718,765
718,766
718,767
718,768
718,769
718,770
718,771
718,772
718,773
718,774
718,775
718,776
718,777
718,778
718,779
718,780
718,781
718,782
718,783
718,784
718,785
718,786
718,787
718,788
718,789
718,790
718,791
718,792
718,793
718,794
718,795
718,796
718,797
718,798
718,799
718,800
718,801
718,802
718,803
718,804
718,805
718,806
718,807
718,808
718,809
718,810
718,811
718,812
718,813
718,814
718,815
718,816
718,817
718,818
718,819
718,820
718,821
718,822
718,823
718,824
718,825
718,826
718,827
718,828
718,829
718,830
718,831
718,832
718,833
718,834
718,835
718,836
718,837
718,838
718,839
718,840
718,841
718,842
718,843
718,844
718,845
718,846
718,847
22,8
22,9
22,10
22,11
22,12
22,13
22,14
22,15
22,16
22,17
22,18
22,19
22,20
22,21
22,22
22,23
22,24
22,25
22,26
22,27
22,28
22,29
22,30
22,31
22,32
22,33
22,34
22,35
22,36
22,37
22,38
22,39
22,40
22,41
22,42
22,43
22,44
22,45
22,46
22,47
22,48
22,49
22,50
22,51
22,52
22,53
22,54
22,55
22,56
22,57
22,58
22,59
22,60
22,61
22,62
22,63
22,64
22,65
22,66
22,67
22,68
22,69
22,70
22,71
22,72
22,73
22,74
22,75
22,76
22,77
22,78
22,79
22,80
22,81
22,82
22,83
22,84
22,85
22,86
22,87
22,88
22,89
22,90
22,91
22,92
22,93
22,94
22,95
22,96
22,97
22,98
22,99
22,100
22,101
22,102
22,103
22,104
22,105
22,106
22,107
22,108
22,109
22,110
22,111
22,112
22,113
22,114
22,115
22,116
22,117
22,118
22,119
22,120
22,121
22,122
22,123
22,124
22,125
22,126
22,127
22,128
22,129
22,130
22,131
22,132
22,133
22,134
22,135
23,8
23,9
23,10
23,11
23,12
23,13
23,14
23,15
23,16
23,17
23,18
23,19
23,20
23,21
23,22
23,23
23,24
23,25
23,26
23,27
23,28
23,29
23,30
23,31
23,32
23,33
23,34
23,35
23,36
23,37
23,38
23,39
23,40
23,41
23,42
23,43
23,44
23,45
23,46
23,47
23,48
23,49
23,50
23,51
23,52
23,53
23,54
23,55
23,56
23,57
23,58
23,59
23,60
23,61
23,62
23,63
23,64
23,65
23,66
23,67
23,68
23,69
23,70
23,71
23,72
23,73
23,74
23,75
23,76
23,77
23,78
23,79
23,80
23,81
23,82
23,83
23,84
23,85
23,86
23,87
23,88
23,89
23,90
23,91
23,92
23,93
23,94
23,95
23,96
23,97
23,98
23,99
23,100
23,101
23,102
23,103
23,104
23,105
23,106
23,107
23,108
23,109
23,110
23,111
23,112
23,113
23,114
23,115
23,116
23,117
23,118
23,119
23,120
23,121
23,122
23,123
23,124
23,125
23,126
23,127
23,128
23,129
23,130
23,131
23,132
23,133
23,134
23,135
704,570
704,571
704,572
704,573
704,574
704,575
704,576
704,577
704,578
704,579
704,580
704,581
704,582
704,583
704,584
704,585
704,586
704,587
704,588
704,589
704,590
704,591
704,592
704,593
704,594
704,595
704,596
704,597
704,598
704,599
704,600
704,601
704,602
704,603
704,604
704,605
704,606
704,607
704,608
704,609
704,610
704,611
704,612
704,613
704,614
704,615
704,616
704,617
704,618
704,619
704,620
704,621
704,622
704,623
704,624
704,625
704,626
704,627
704,628
704,629
704,630
704,631
704,632
704,633
704,634
704,635
704,636
704,637
704,638
704,639
704,640
704,641
704,642
704,643
704,644
704,645
704,646
704,647
704,648
704,649
704,650
704,651
704,652
704,653
704,654
704,655
704,656
704,657
704,658
704,659
704,660
704,661
704,662
704,663
704,664
704,665
704,666
704,667
704,668
704,669
704,670
704,671
704,672
704,673
704,674
704,675
704,676
704,677
704,678
704,679
704,680
704,681
704,682
704,683
704,684
704,685
704,686
704,687
704,688
704,689
704,690
704,691
704,692
704,693
704,694
704,695
704,696
704,697
705,570
705,571
705,572
705,573
705,574
705,575
705,576
705,577
705,578
705,579
705,580
705,581
705,582
705,583
705,584
705,585
705,586
705,587
705,588
705,589
705,590
705,591
705,592
705,593
705,594
705,595
705,596
705,597
705,598
705,599
705,600
705,601
705,602
705,603
705,604
705,605
705,606
705,607
705,608
705,609
705,610
705,611
705,612
705,613
705,614
705,615
705,616
705,617
705,618
705,619
705,620
705,621
705,622
705,623
705,624
705,625
705,626
705,627
705,628
705,629
705,630
705,631
705,632
705,633
705,634
705,635
705,636
705,637
705,638
705,639
705,640
705,641
705,642
705,643
705,644
705,645
705,646
705,647
705,648
705,649
705,650
705,651
705,652
705,653
705,654
705,655
705,656
705,657
705,658
705,659
705,660
705,661
705,662
705,663
705,664
705,665
705,666
705,667
705,668
705,669
705,670
705,671
705,672
705,673
705,674
705,675
705,676
705,677
705,678
705,679
705,680
705,681
705,682
705,683
705,684
705,685
705,686
705,687
705,688
705,689
705,690
705,691
705,692
705,693
705,694
705,695
705,696
705,697
131,703
131,704
131,705
131,706
131,707
131,708
131,709
131,710
131,711
131,712
131,713
131,714
131,715
131,716
131,717
131,718
131,719
131,720
131,721
131,722
131,723
131,724
131,725
131,726
131,727
131,728
131,729
131,730
131,731
131,732
131,733
131,734
131,735
131,736
131,737
131,738
131,739
131,740
131,741
131,742
131,743
131,744
131,745
131,746
131,747
131,748
131,749
131,750
131,751
131,752
131,753
131,754
131,755
131,756
131,757
131,758
131,759
131,760
131,761
131,762
131,763
131,764
131,765
131,766
131,767
131,768
131,769
131,770
131,771
131,772
131,773
131,774
131,775
131,776
131,777
131,778
131,779
131,780
131,781
131,782
131,783
131,784
131,785
131,786
131,787
131,788
131,789
131,790
131,791
131,792
131,793
131,794
131,795
131,796
131,797
131,798
131,799
131,800
131,801
131,802
131,803
131,804
131,805
131,806
131,807
131,808
131,809
131,810
131,811
131,812
131,813
131,814
131,815
131,816
131,817
131,818
131,819
131,820
131,821
131,822
131,823
131,824
131,825
131,826
131,827
131,828
131,829
131,830
132,703
132,704
132,705
132,706
132,707
132,708
132,709
132,710
132,711
132,712
132,713
132,714
132,715
132,716
132,717
132,718
132,719
132,720
132,721
132,722
132,723
132,724
132,725
132,726
132,727
132,728
132,729
132,730
132,731
132,732
132,733
132,734
132,735
132,736
132,737
132,738
132,739
132,740
132,741
132,742
132,743
132,744
132,745
132,746
132,747
132,748
132,749
132,750
132,751
132,752
132,753
132,754
132,755
132,756
132,757
132,758
132,759
132,760
132,761
132,762
132,763
132,764
132,765
132,766
132,767
132,768
132,769
132,770
132,771
132,772
132,773
132,774
132,775
132,776
132,777
132,778
132,779
132,780
132,781
132,782
132,783
132,784
132,785
132,786
132,787
132,788
132,789
132,790
132,791
132,792
132,793
132,794
132,795
132,796
132,797
132,798
132,799
132,800
132,801
132,802
132,803
132,804
132,805
132,806
132,807
132,808
132,809
132,810
132,811
132,812
132,813
132,814
132,815
132,816
132,817
132,818
132,819
132,820
132,821
132,822
132,823
132,824
132,825
132,826
132,827
132,828
132,829
132,830
642,585
642,586
642,587
642,588
642,589
642,590
642,591
642,592
642,593
642,594
642,595
642,596
642,597
642,598
642,599
642,600
642,601
642,602
642,603
642,604
642,605
642,606
642,607
642,608
642,609
642,610
642,611
642,612
642,613
642,614
642,615
642,616
642,617
642,618
642,619
642,620
642,621
642,622
642,623
642,624
642,625
642,626
642,627
642,628
642,629
642,630
642,631
642,632
642,633
642,634
642,635
642,636
642,637
642,638
642,639
642,640
642,641
642,642
642,643
642,644
642,645
642,646
642,647
642,648
642,649
642,650
642,651
642,652
642,653
642,654
642,655
642,656
642,657
642,658
642,659
642,660
642,661
642,662
642,663
642,664
642,665
642,666
642,667
642,668
642,669
642,670
642,671
642,672
642,673
642,674
642,675
642,676
642,677
642,678
642,679
642,680
642,681
642,682
642,683
642,684
642,685
642,686
642,687
642,688
642,689
642,690
642,691
642,692
642,693
642,694
642,695
642,696
642,697
642,698
642,699
642,700
642,701
642,702
642,703
642,704
642,705
642,706
642,707
642,708
642,709
642,710
642,711
642,712
643,585
643,586
643,587
643,588
643,589
643,590
643,591
643,592
643,593
643,594
643,595
643,596
643,597
643,598
643,599
643,600
643,601
643,602
643,603
643,604
643,605
643,606
643,607
643,608
643,609
643,610
643,611
643,612
643,613
643,614
643,615
643,616
643,617
643,618
643,619
643,620
643,621
643,622
643,623
643,624
643,625
643,626
643,627
643,628
643,629
643,630
643,631
643,632
643,633
643,634
643,635
643,636
643,637
643,638
643,639
643,640
643,641
643,642
643,643
643,644
643,645
643,646
643,647
643,648
643,649
643,650
643,651
643,652
643,653
643,654
643,655
643,656
643,657
643,658
643,659
643,660
643,661
643,662
643,663
643,664
643,665
643,666
643,667
643,668
643,669
643,670
643,671
643,672
643,673
643,674
643,675
643,676
643,677
643,678
643,679
643,680
643,681
643,682
643,683
643,684
643,685
643,686
643,687
643,688
643,689
643,690
643,691
643,692
643,693
643,694
643,695
643,696
643,697
643,698
643,699
643,700
643,701
643,702
643,703
643,704
643,705
643,706
643,707
643,708
643,709
643,710
643,711
643,712
283,780
283,781
283,782
283,783
283,784
283,785
283,786
283,787
283,788
283,789
283,790
283,791
283,792
283,793
283,794
283,795
283,796
283,797
283,798
283,799
283,800
283,801
283,802
283,803
283,804
283,805
283,806
283,807
283,808
283,809
283,810
283,811
283,812
283,813
283,814
283,815
283,816
283,817
283,818
283,819
283,820
283,821
283,822
283,823
283,824
283,825
283,826
283,827
283,828
283,829
283,830
283,831
283,832
283,833
283,834
283,835
283,836
283,837
283,838
283,839
283,840
283,841
283,842
283,843
283,844
283,845
283,846
283,847
283,848
283,849
283,850
283,851
283,852
283,853
283,854
283,855
283,856
283,857
283,858
283,859
283,860
283,861
283,862
283,863
283,864
283,865
283,866
283,867
283,868
283,869
283,870
283,871
283,872
283,873
283,874
283,875
283,876
283,877
283,878
283,879
283,880
283,881
283,882
283,883
283,884
283,885
283,886
283,887
283,888
283,889
283,890
283,891
283,892
283,893
283,894
283,895
283,896
283,897
283,898
283,899
283,900
283,901
283,902
283,903
283,904
283,905
283,906
283,907
284,780
284,781
284,782
284,783
284,784
284,785
284,786
284,787
284,788
284,789
284,790
284,791
284,792
284,793
284,794
284,795
284,796
284,797
284,798
284,799
284,800
284,801
284,802
284,803
284,804
284,805
284,806
284,807
284,808
284,809
284,810
284,811
284,812
284,813
284,814
284,815
284,816
284,817
284,818
284,819
284,820
284,821
284,822
284,823
284,824
284,825
284,826
284,827
284,828
284,829
284,830
284,831
284,832
284,833
284,834
284,835
284,836
284,837
284,838
284,839
284,840
284,841
284,842
284,843
284,844
284,845
284,846
284,847
284,848
284,849
284,850
284,851
284,852
284,853
284,854
284,855
284,856
284,857
284,858
284,859
284,860
284,861
284,862
284,863
284,864
284,865
284,866
284,867
284,868
284,869
284,870
284,871
284,872
284,873
284,874
284,875
284,876
284,877
284,878
284,879
284,880
284,881
284,882
284,883
284,884
284,885
284,886
284,887
284,888
284,889
284,890
284,891
284,892
284,893
284,894
284,895
284,896
284,897
284,898
284,899
284,900
284,901
284,902
284,903
284,904
284,905
284,906
284,907
517,617
517,618
517,619
517,620
517,621
517,622
517,623
517,624
517,625
517,626
517,627
517,628
517,629
517,630
517,631
517,632
517,633
517,634
517,635
517,636
517,637
517,638
517,639
517,640
517,641
517,642
517,643
517,644
517,645
517,646
517,647
517,648
517,649
517,650
517,651
517,652
517,653
517,654
517,655
517,656
517,657
517,658
517,659
517,660
517,661
517,662
517,663
517,664
517,665
517,666
517,667
517,668
517,669
517,670
517,671
517,672
517,673
517,674
517,675
517,676
517,677
517,678
517,679
517,680
517,681
517,682
517,683
517,684
517,685
517,686
517,687
517,688
517,689
517,690
517,691
517,692
517,693
517,694
517,695
517,696
517,697
517,698
517,699
517,700
517,701
517,702
517,703
517,704
517,705
517,706
517,707
517,708
517,709
517,710
517,711
517,712
517,713
517,714
517,715
517,716
517,717
517,718
517,719
517,720
517,721
517,722
517,723
517,724
517,725
517,726
517,727
517,728
517,729
517,730
517,731
517,732
517,733
517,734
517,735
517,736
517,737
517,738
517,739
517,740
517,741
517,742
517,743
517,744
518,617
518,618
518,619
518,620
518,621
518,622
518,623
518,624
518,625
518,626
518,627
518,628
518,629
518,630
518,631
518,632
518,633
518,634
518,635
518,636
518,637
518,638
518,639
518,640
518,641
518,642
518,643
518,644
518,645
518,646
518,647
518,648
518,649
518,650
518,651
518,652
518,653
518,654
518,655
518,656
518,657
518,658
518,659
518,660
518,661
518,662
518,663
518,664
518,665
518,666
518,667
518,668
518,669
518,670
518,671
518,672
518,673
518,674
518,675
518,676
518,677
518,678
518,679
518,680
518,681
518,682
518,683
518,684
518,685
518,686
518,687
518,688
518,689
518,690
518,691
518,692
518,693
518,694
518,695
518,696
518,697
518,698
518,699
518,700
518,701
518,702
518,703
518,704
518,705
518,706
518,707
518,708
518,709
518,710
518,711
518,712
518,713
518,714
518,715
518,716
518,717
518,718
518,719
518,720
518,721
518,722
518,723
518,724
518,725
518,726
518,727
518,728
518,729
518,730
518,731
518,732
518,733
518,734
518,735
518,736
518,737
518,738
518,739
518,740
518,741
518,742
518,743
518,744
483,164
483,165
483,166
483,167
483,168
483,169
483,170
483,171
483,172
483,173
483,174
483,175
483,176
483,177
483,178
483,179
483,180
483,181
483,182
483,183
483,184
483,185
483,186
483,187
483,188
483,189
483,190
483,191
483,192
483,193
483,194
483,195
483,196
483,197
483,198
483,199
483,200
483,201
483,202
483,203
483,204
483,205
483,206
483,207
483,208
483,209
483,210
483,211
483,212
483,213
483,214
483,215
483,216
483,217
483,218
483,219
483,220
483,221
483,222
483,223
483,224
483,225
483,226
483,227
483,228
483,229
483,230
483,231
483,232
483,233
483,234
483,235
483,236
483,237
483,238
483,239
483,240
483,241
483,242
483,243
483,244
483,245
483,246
483,247
483,248
483,249
483,250
483,251
483,252
483,253
483,254
483,255
483,256
483,257
483,258
483,259
483,260
483,261
483,262
483,263
483,264
483,265
483,266
483,267
483,268
483,269
483,270
483,271
483,272
483,273
483,274
483,275
483,276
483,277
483,278
483,279
483,280
483,281
483,282
483,283
483,284
483,285
483,286
483,287
483,288
483,289
483,290
483,291
484,164
484,165
484,166
484,167
484,168
484,169
484,170
484,171
484,172
484,173
484,174
484,175
484,176
484,177
484,178
484,179
484,180
484,181
484,182
484,183
484,184
484,185
484,186
484,187
484,188
484,189
484,190
484,191
484,192
484,193
484,194
484,195
484,196
484,197
484,198
484,199
484,200
484,201
484,202
484,203
484,204
484,205
484,206
484,207
484,208
484,209
484,210
484,211
484,212
484,213
484,214
484,215
484,216
484,217
484,218
484,219
484,220
484,221
484,222
484,223
484,224
484,225
484,226
484,227
484,228
484,229
484,230
484,231
484,232
484,233
484,234
484,235
484,236
484,237
484,238
484,239
484,240
484,241
484,242
484,243
484,244
484,245
484,246
484,247
484,248
484,249
484,250
484,251
484,252
484,253
484,254
484,255
484,256
484,257
484,258
484,259
484,260
484,261
484,262
484,263
484,264
484,265
484,266
484,267
484,268
484,269
484,270
484,271
484,272
484,273
484,274
484,275
484,276
484,277
484,278
484,279
484,280
484,281
484,282
484,283
484,284
484,285
484,286
484,287
484,288
484,289
484,290
484,291
540,193
540,194
540,195
540,196
540,197
540,198
540,199
540,200
540,201
540,202
540,203
540,204
540,205
540,206
540,207
540,208
540,209
540,210
540,211
540,212
540,213
540,214
540,215
540,216
540,217
540,218
540,219
540,220
540,221
540,222
540,223
540,224
540,225
540,226
540,227
540,228
540,229
540,230
540,231
540,232
540,233
540,234
540,235
540,236
540,237
540,238
540,239
540,240
540,241
540,242
540,243
540,244
540,245
540,246
540,247
540,248
540,249
540,250
540,251
540,252
540,253
540,254
540,255
540,256
540,257
540,258
540,259
540,260
540,261
540,262
540,263
540,264
540,265
540,266
540,267
540,268
540,269
540,270
540,271
540,272
540,273
540,274
540,275
540,276
540,277
540,278
540,279
540,280
540,281
540,282
540,283
540,284
540,285
540,286
540,287
540,288
540,289
540,290
540,291
540,292
540,293
540,294
540,295
540,296
540,297
540,298
540,299
540,300
540,301
540,302
540,303
540,304
540,305
540,306
540,307
540,308
540,309
540,310
540,311
540,312
540,313
540,314
540,315
540,316
540,317
540,318
540,319
540,320
541,193
541,194
541,195
541,196
541,197
541,198
541,199
541,200
541,201
541,202
541,203
541,204
541,205
541,206
541,207
541,208
541,209
541,210
541,211
541,212
541,213
541,214
541,215
541,216
541,217
541,218
541,219
541,220
541,221
541,222
541,223
541,224
541,225
541,226
541,227
541,228
541,229
541,230
541,231
541,232
541,233
541,234
541,235
541,236
541,237
541,238
541,239
541,240
541,241
541,242
541,243
541,244
541,245
541,246
541,247
541,248
541,249
541,250
541,251
541,252
541,253
541,254
541,255
541,256
541,257
541,258
541,259
541,260
541,261
541,262
541,263
541,264
541,265
541,266
541,267
541,268
541,269
541,270
541,271
541,272
541,273
541,274
541,275
541,276
541,277
541,278
541,279
541,280
541,281
541,282
541,283
541,284
541,285
541,286
541,287
541,288
541,289
541,290
541,291
541,292
541,293
541,294
541,295
541,296
541,297
541,298
541,299
541,300
541,301
541,302
541,303
541,304
541,305
541,306
541,307
541,308
541,309
541,310
541,311
541,312
541,313
541,314
541,315
541,316
541,317
541,318
541,319
541,320
1022,398
1022,399
1022,400
1022,401
1022,402
1022,403
1022,404
1022,405
1022,406
1022,407
1022,408
1022,409
1022,410
1022,411
1022,412
1022,413
1022,414
1022,415
1022,416
1022,417
1022,418
1022,419
1022,420
1022,421
1022,422
1022,423
1022,424
1022,425
1022,426
1022,427
1022,428
1022,429
1022,430
1022,431
1022,432
1022,433
1022,434
1022,435
1022,436
1022,437
1022,438
1022,439
1022,440
1022,441
1022,442
1022,443
1022,444
1022,445
1022,446
1022,447
1022,448
1022,449
1022,450
1022,451
1022,452
1022,453
1022,454
1022,455
1022,456
1022,457
1022,458
1022,459
1022,460
1022,461
1022,462
1022,463
1022,464
1022,465
1022,466
1022,467
1022,468
1022,469
1022,470
1022,471
1022,472
1022,473
1022,474
1022,475
1022,476
1022,477
1022,478
1022,479
1022,480
1022,481
1022,482
1022,483
1022,484
1022,485
1022,486
1022,487
1022,488
1022,489
1022,490
1022,491
1022,492
1022,493
1022,494
1022,495
1022,496
1022,497
1022,498
1022,499
1022,500
1022,501
1022,502
1022,503
1022,504
1022,505
1022,506
1022,507
1022,508
1022,509
1022,510
1022,511
1022,512
1022,513
1022,514
1022,515
1022,516
1022,517
1022,518
1022,519
1022,520
1022,521
1022,522
1022,523
1022,524
1022,525
1023,398
1023,399
1023,400
1023,401
1023,402
1023,403
1023,404
1023,405
1023,406
1023,407
1023,408
1023,409
1023,410
1023,411
1023,412
1023,413
1023,414
1023,415
1023,416
1023,417
1023,418
1023,419
1023,420
1023,421
1023,422
1023,423
1023,424
1023,425
1023,426
1023,427
1023,428
1023,429
1023,430
1023,431
1023,432
1023,433
1023,434
1023,435
1023,436
1023,437
1023,438
1023,439
1023,440
1023,441
1023,442
1023,443
1023,444
1023,445
1023,446
1023,447
1023,448
1023,449
1023,450
1023,451
1023,452
1023,453
1023,454
1023,455
1023,456
1023,457
1023,458
1023,459
1023,460
1023,461
1023,462
1023,463
1023,464
1023,465
1023,466
1023,467
1023,468
1023,469
1023,470
1023,471
1023,472
1023,473
1023,474
1023,475
1023,476
1023,477
1023,478
1023,479
1023,480
1023,481
1023,482
1023,483
1023,484
1023,485
1023,486
1023,487
1023,488
1023,489
1023,490
1023,491
1023,492
1023,493
1023,494
1023,495
1023,496
1023,497
1023,498
1023,499
1023,500
1023,501
1023,502
1023,503
1023,504
1023,505
1023,506
1023,507
1023,508
1023,509
1023,510
1023,511
1023,512
1023,513
1023,514
1023,515
1023,516
1023,517
1023,518
1023,519
1023,520
1023,521
1023,522
1023,523
1023,524
1023,525
272,788
272,789
272,790
272,791
272,792
272,793
272,794
272,795
272,796
272,797
272,798
272,799
272,800
272,801
272,802
272,803
272,804
272,805
272,806
272,807
272,808
272,809
272,810
272,811
272,812
272,813
272,814
272,815
272,816
272,817
272,818
272,819
272,820
272,821
272,822
272,823
272,824
272,825
272,826
272,827
272,828
272,829
272,830
272,831
272,832
272,833
272,834
272,835
272,836
272,837
272,838
272,839
272,840
272,841
272,842
272,843
272,844
272,845
272,846
272,847
272,848
272,849
272,850
272,851
272,852
272,853
272,854
272,855
272,856
272,857
272,858
272,859
272,860
272,861
272,862
272,863
272,864
272,865
272,866
272,867
272,868
272,869
272,870
272,871
272,872
272,873
272,874
272,875
272,876
272,877
272,878
272,879
272,880
272,881
272,882
272,883
272,884
272,885
272,886
272,887
272,888
272,889
272,890
272,891
272,892
272,893
272,894
272,895
272,896
272,897
272,898
272,899
272,900
272,901
272,902
272,903
272,904
272,905
272,906
272,907
272,908
272,909
272,910
272,911
272,912
272,913
272,914
272,915
273,788
273,789
273,790
273,791
273,792
273,793
273,794
273,795
273,796
273,797
273,798
273,799
273,800
273,801
273,802
273,803
273,804
273,805
273,806
273,807
273,808
273,809
273,810
273,811
273,812
273,813
273,814
273,815
273,816
273,817
273,818
273,819
273,820
273,821
273,822
273,823
273,824
273,825
273,826
273,827
273,828
273,829
273,830
273,831
273,832
273,833
273,834
273,835
273,836
273,837
273,838
273,839
273,840
273,841
273,842
273,843
273,844
273,845
273,846
273,847
273,848
273,849
273,850
273,851
273,852
273,853
273,854
273,855
273,856
273,857
273,858
273,859
273,860
273,861
273,862
273,863
273,864
273,865
273,866
273,867
273,868
273,869
273,870
273,871
273,872
273,873
273,874
273,875
273,876
273,877
273,878
273,879
273,880
273,881
273,882
273,883
273,884
273,885
273,886
273,887
273,888
273,889
273,890
273,891
273,892
273,893
273,894
273,895
273,896
273,897
273,898
273,899
273,900
273,901
273,902
273,903
273,904
273,905
273,906
273,907
273,908
273,909
273,910
273,911
273,912
273,913
273,914
273,915
821,146
821,147
821,148
821,149
821,150
821,151
821,152
821,153
821,154
821,155
821,156
821,157
821,158
821,159
821,160
821,161
821,162
821,163
821,164
821,165
821,166
821,167
821,168
821,169
821,170
821,171
821,172
821,173
821,174
821,175
821,176
821,177
821,178
821,179
821,180
821,181
821,182
821,183
821,184
821,185
821,186
821,187
821,188
821,189
821,190
821,191
821,192
821,193
821,194
821,195
821,196
821,197
821,198
821,199
821,200
821,201
821,202
821,203
821,204
821,205
821,206
821,207
821,208
821,209
821,210
821,211
821,212
821,213
821,214
821,215
821,216
821,217
821,218
821,219
821,220
821,221
821,222
821,223
821,224
821,225
821,226
821,227
821,228
821,229
821,230
821,231
821,232
821,233
821,234
821,235
821,236
821,237
821,238
821,239
821,240
821,241
821,242
821,243
821,244
821,245
821,246
821,247
821,248
821,249
821,250
821,251
821,252
821,253
821,254
821,255
821,256
821,257
821,258
821,259
821,260
821,261
821,262
821,263
821,264
821,265
821,266
821,267
821,268
821,269
821,270
821,271
821,272
821,273
822,146
822,147
822,148
822,149
822,150
822,151
822,152
822,153
822,154
822,155
822,156
822,157
822,158
822,159
822,160
822,161
822,162
822,163
822,164
822,165
822,166
822,167
822,168
822,169
822,170
822,171
822,172
822,173
822,174
822,175
822,176
822,177
822,178
822,179
822,180
822,181
822,182
822,183
822,184
822,185
822,186
822,187
822,188
822,189
822,190
822,191
822,192
822,193
822,194
822,195
822,196
822,197
822,198
822,199
822,200
822,201
822,202
822,203
822,204
822,205
822,206
822,207
822,208
822,209
822,210
822,211
822,212
822,213
822,214
822,215
822,216
822,217
822,218
822,219
822,220
822,221
822,222
822,223
822,224
822,225
822,226
822,227
822,228
822,229
822,230
822,231
822,232
822,233
822,234
822,235
822,236
822,237
822,238
822,239
822,240
822,241
822,242
822,243
822,244
822,245
822,246
822,247
822,248
822,249
822,250
822,251
822,252
822,253
822,254
822,255
822,256
822,257
822,258
822,259
822,260
822,261
822,262
822,263
822,264
822,265
822,266
822,267
822,268
822,269
822,270
822,271
822,272
822,273
272,507
272,508
272,509
272,510
272,511
272,512
272,513
272,514
272,515
272,516
272,517
272,518
272,519
272,520
272,521
272,522
272,523
272,524
272,525
272,526
272,527
272,528
272,529
272,530
272,531
272,532
272,533
272,534
272,535
272,536
272,537
272,538
272,539
272,540
272,541
272,542
272,543
272,544
272,545
272,546
272,547
272,548
272,549
272,550
272,551
272,552
272,553
272,554
272,555
272,556
272,557
272,558
272,559
272,560
272,561
272,562
272,563
272,564
272,565
272,566
272,567
272,568
272,569
272,570
272,571
272,572
272,573
272,574
272,575
272,576
272,577
272,578
272,579
272,580
272,581
272,582
272,583
272,584
272,585
272,586
272,587
272,588
272,589
272,590
272,591
272,592
272,593
272,594
272,595
272,596
272,597
272,598
272,599
272,600
272,601
272,602
272,603
272,604
272,605
272,606
272,607
272,608
272,609
272,610
272,611
272,612
272,613
272,614
272,615
272,616
272,617
272,618
272,619
272,620
272,621
272,622
272,623
272,624
272,625
272,626
272,627
272,628
272,629
272,630
272,631
272,632
272,633
272,634
273,507
273,508
273,509
273,510
273,511
273,512
273,513
273,514
273,515
273,516
273,517
273,518
273,519
273,520
273,521
273,522
273,523
273,524
273,525
273,526
273,527
273,528
273,529
273,530
273,531
273,532
273,533
273,534
273,535
273,536
273,537
273,538
273,539
273,540
273,541
273,542
273,543
273,544
273,545
273,546
273,547
273,548
273,549
273,550
273,551
273,552
273,553
273,554
273,555
273,556
273,557
273,558
273,559
273,560
273,561
273,562
273,563
273,564
273,565
273,566
273,567
273,568
273,569
273,570
273,571
273,572
273,573
273,574
273,575
273,576
273,577
273,578
273,579
273,580
273,581
273,582
273,583
273,584
273,585
273,586
273,587
273,588
273,589
273,590
273,591
273,592
273,593
273,594
273,595
273,596
273,597
273,598
273,599
273,600
273,601
273,602
273,603
273,604
273,605
273,606
273,607
273,608
273,609
273,610
273,611
273,612
273,613
273,614
273,615
273,616
273,617
273,618
273,619
273,620
273,621
273,622
273,623
273,624
273,625
273,626
273,627
273,628
273,629
273,630
273,631
273,632
273,633
273,634
442,466
442,467
442,468
442,469
442,470
442,471
442,472
442,473
442,474
442,475
442,476
442,477
442,478
442,479
442,480
442,481
442,482
442,483
442,484
442,485
442,486
442,487
442,488
442,489
442,490
442,491
442,492
442,493
442,494
442,495
442,496
442,497
442,498
442,499
442,500
442,501
442,502
442,503
442,504
442,505
442,506
442,507
442,508
442,509
442,510
442,511
442,512
442,513
442,514
442,515
442,516
442,517
442,518
442,519
442,520
442,521
442,522
442,523
442,524
442,525
442,526
442,527
442,528
442,529
442,530
442,531
442,532
442,533
442,534
442,535
442,536
442,537
442,538
442,539
442,540
442,541
442,542
442,543
442,544
442,545
442,546
442,547
442,548
442,549
442,550
442,551
442,552
442,553
442,554
442,555
442,556
442,557
442,558
442,559
442,560
442,561
442,562
442,563
442,564
442,565
442,566
442,567
442,568
442,569
442,570
442,571
442,572
442,573
442,574
442,575
442,576
442,577
442,578
442,579
442,580
442,581
442,582
442,583
442,584
442,585
442,586
442,587
442,588
442,589
442,590
442,591
442,592
442,593
443,466
443,467
443,468
443,469
443,470
443,471
443,472
443,473
443,474
443,475
443,476
443,477
443,478
443,479
443,480
443,481
443,482
443,483
443,484
443,485
443,486
443,487
443,488
443,489
443,490
443,491
443,492
443,493
443,494
443,495
443,496
443,497
443,498
443,499
443,500
443,501
443,502
443,503
443,504
443,505
443,506
443,507
443,508
443,509
443,510
443,511
443,512
443,513
443,514
443,515
443,516
443,517
443,518
443,519
443,520
443,521
443,522
443,523
443,524
443,525
443,526
443,527
443,528
443,529
443,530
443,531
443,532
443,533
443,534
443,535
443,536
443,537
443,538
443,539
443,540
443,541
443,542
443,543
443,544
443,545
443,546
443,547
443,548
443,549
443,550
443,551
443,552
443,553
443,554
443,555
443,556
443,557
443,558
443,559
443,560
443,561
443,562
443,563
443,564
443,565
443,566
443,567
443,568
443,569
443,570
443,571
443,572
443,573
443,574
443,575
443,576
443,577
443,578
443,579
443,580
443,581
443,582
443,583
443,584
443,585
443,586
443,587
443,588
443,589
443,590
443,591
443,592
443,593
38,779
38,780
38,781
38,782
38,783
38,784
38,785
38,786
38,787
38,788
38,789
38,790
38,791
38,792
38,793
38,794
38,795
38,796
38,797
38,798
38,799
38,800
38,801
38,802
38,803
38,804
38,805
38,806
38,807
38,808
38,809
38,810
38,811
38,812
38,813
38,814
38,815
38,816
38,817
38,818
38,819
38,820
38,821
38,822
38,823
38,824
38,825
38,826
38,827
38,828
38,829
38,830
38,831
38,832
38,833
38,834
38,835
38,836
38,837
38,838
38,839
38,840
38,841
38,842
38,843
38,844
38,845
38,846
38,847
38,848
38,849
38,850
38,851
38,852
38,853
38,854
38,855
38,856
38,857
38,858
38,859
38,860
38,861
38,862
38,863
38,864
38,865
38,866
38,867
38,868
38,869
38,870
38,871
38,872
38,873
38,874
38,875
38,876
38,877
38,878
38,879
38,880
38,881
38,882
38,883
38,884
38,885
38,886
38,887
38,888
38,889
38,890
38,891
38,892
38,893
38,894
38,895
38,896
38,897
38,898
38,899
38,900
38,901
38,902
38,903
38,904
38,905
38,906
39,779
39,780
39,781
39,782
39,783
39,784
39,785
39,786
39,787
39,788
39,789
39,790
39,791
39,792
39,793
39,794
39,795
39,796
39,797
39,798
39,799
39,800
39,801
39,802
39,803
39,804
39,805
39,806
39,807
39,808
39,809
39,810
39,811
39,812
39,813
39,814
39,815
39,816
39,817
39,818
39,819
39,820
39,821
39,822
39,823
39,824
39,825
39,826
39,827
39,828
39,829
39,830
39,831
39,832
39,833
39,834
39,835
39,836
39,837
39,838
39,839
39,840
39,841
39,842
39,843
39,844
39,845
39,846
39,847
39,848
39,849
39,850
39,851
39,852
39,853
39,854
39,855
39,856
39,857
39,858
39,859
39,860
39,861
39,862
39,863
39,864
39,865
39,866
39,867
39,868
39,869
39,870
39,871
39,872
39,873
39,874
39,875
39,876
39,877
39,878
39,879
39,880
39,881
39,882
39,883
39,884
39,885
39,886
39,887
39,888
39,889
39,890
39,891
39,892
39,893
39,894
39,895
39,896
39,897
39,898
39,899
39,900
39,901
39,902
39,903
39,904
39,905
39,906
652,703
652,704
652,705
652,706
652,707
652,708
652,709
652,710
652,711
652,712
652,713
652,714
652,715
652,716
652,717
652,718
652,719
652,720
652,721
652,722
652,723
652,724
652,725
652,726
652,727
652,728
652,729
652,730
652,731
652,732
652,733
652,734
652,735
652,736
652,737
652,738
652,739
652,740
652,741
652,742
652,743
652,744
652,745
652,746
652,747
652,748
652,749
652,750
652,751
652,752
652,753
652,754
652,755
652,756
652,757
652,758
652,759
652,760
652,761
652,762
652,763
652,764
652,765
652,766
652,767
652,768
652,769
652,770
652,771
652,772
652,773
652,774
652,775
652,776
652,777
652,778
652,779
652,780
652,781
652,782
652,783
652,784
652,785
652,786
652,787
652,788
652,789
652,790
652,791
652,792
652,793
652,794
652,795
652,796
652,797
652,798
652,799
652,800
652,801
652,802
652,803
652,804
652,805
652,806
652,807
652,808
652,809
652,810
652,811
652,812
652,813
652,814
652,815
652,816
652,817
652,818
652,819
652,820
652,821
652,822
652,823
652,824
652,825
652,826
652,827
652,828
652,829
652,830
653,703
653,704
653,705
653,706
653,707
653,708
653,709
653,710
653,711
653,712
653,713
653,714
653,715
653,716
653,717
653,718
653,719
653,720
653,721
653,722
653,723
653,724
653,725
653,726
653,727
653,728
653,729
653,730
653,731
653,732
653,733
653,734
653,735
653,736
653,737
653,738
653,739
653,740
653,741
653,742
653,743
653,744
653,745
653,746
653,747
653,748
653,749
653,750
653,751
653,752
653,753
653,754
653,755
653,756
653,757
653,758
653,759
653,760
653,761
653,762
653,763
653,764
653,765
653,766
653,767
653,768
653,769
653,770
653,771
653,772
653,773
653,774
653,775
653,776
653,777
653,778
653,779
653,780
653,781
653,782
653,783
653,784
653,785
653,786
653,787
653,788
653,789
653,790
653,791
653,792
653,793
653,794
653,795
653,796
653,797
653,798
653,799
653,800
653,801
653,802
653,803
653,804
653,805
653,806
653,807
653,808
653,809
653,810
653,811
653,812
653,813
653,814
653,815
653,816
653,817
653,818
653,819
653,820
653,821
653,822
653,823
653,824
653,825
653,826
653,827
653,828
653,829
653,830
14,26
14,27
14,28
14,29
14,30
14,31
14,32
14,33
14,34
14,35
14,36
14,37
14,38
14,39
14,40
14,41
14,42
14,43
14,44
14,45
14,46
14,47
14,48
14,49
14,50
14,51
14,52
14,53
14,54
14,55
14,56
14,57
14,58
14,59
14,60
14,61
14,62
14,63
14,64
14,65
14,66
14,67
14,68
14,69
14,70
14,71
14,72
14,73
14,74
14,75
14,76
14,77
14,78
14,79
14,80
14,81
14,82
14,83
14,84
14,85
14,86
14,87
14,88
14,89
14,90
14,91
14,92
14,93
14,94
14,95
14,96
14,97
14,98
14,99
14,100
14,101
14,102
14,103
14,104
14,105
14,106
14,107
14,108
14,109
14,110
14,111
14,112
14,113
14,114
14,115
14,116
14,117
14,118
14,119
14,120
14,121
14,122
14,123
14,124
14,125
14,126
14,127
14,128
14,129
14,130
14,131
14,132
14,133
14,134
14,135
14,136
14,137
14,138
14,139
14,140
14,141
14,142
14,143
14,144
14,145
14,146
14,147
14,148
14,149
14,150
14,151
14,152
14,153
15,26
15,27
15,28
15,29
15,30
15,31
15,32
15,33
15,34
15,35
15,36
15,37
15,38
15,39
15,40
15,41
15,42
15,43
15,44
15,45
15,46
15,47
15,48
15,49
15,50
15,51
15,52
15,53
15,54
15,55
15,56
15,57
15,58
15,59
15,60
15,61
15,62
15,63
15,64
15,65
15,66
15,67
15,68
15,69
15,70
15,71
15,72
15,73
15,74
15,75
15,76
15,77
15,78
15,79
15,80
15,81
15,82
15,83
15,84
15,85
15,86
15,87
15,88
15,89
15,90
15,91
15,92
15,93
15,94
15,95
15,96
15,97
15,98
15,99
15,100
15,101
15,102
15,103
15,104
15,105
15,106
15,107
15,108
15,109
15,110
15,111
15,112
15,113
15,114
15,115
15,116
15,117
15,118
15,119
15,120
15,121
15,122
15,123
15,124
15,125
15,126
15,127
15,128
15,129
15,130
15,131
15,132
15,133
15,134
15,135
15,136
15,137
15,138
15,139
15,140
15,141
15,142
15,143
15,144
15,145
15,146
15,147
15,148
15,149
15,150
15,151
15,152
15,153
939,585
939,586
939,587
939,588
939,589
939,590
939,591
939,592
939,593
939,594
939,595
939,596
939,597
939,598
939,599
939,600
939,601
939,602
939,603
939,604
939,605
939,606
939,607
939,608
939,609
939,610
939,611
939,612
939,613
939,614
939,615
939,616
939,617
939,618
939,619
939,620
939,621
939,622
939,623
939,624
939,625
939,626
939,627
939,628
939,629
939,630
939,631
939,632
939,633
939,634
939,635
939,636
939,637
939,638
939,639
939,640
939,641
939,642
939,643
939,644
939,645
939,646
939,647
939,648
939,649
939,650
939,651
939,652
939,653
939,654
939,655
939,656
939,657
939,658
939,659
939,660
939,661
939,662
939,663
939,664
939,665
939,666
939,667
939,668
939,669
939,670
939,671
939,672
939,673
939,674
939,675
939,676
939,677
939,678
939,679
939,680
939,681
939,682
939,683
939,684
939,685
939,686
939,687
939,688
939,689
939,690
939,691
939,692
939,693
939,694
939,695
939,696
939,697
939,698
939,699
939,700
939,701
939,702
939,703
939,704
939,705
939,706
939,707
939,708
939,709
939,710
939,711
939,712
940,585
940,586
940,587
940,588
940,589
940,590
940,591
940,592
940,593
940,594
940,595
940,596
940,597
940,598
940,599
940,600
940,601
940,602
940,603
940,604
940,605
940,606
940,607
940,608
940,609
940,610
940,611
940,612
940,613
940,614
940,615
940,616
940,617
940,618
940,619
940,620
940,621
940,622
940,623
940,624
940,625
940,626
940,627
940,628
940,629
940,630
940,631
940,632
940,633
940,634
940,635
940,636
940,637
940,638
940,639
940,640
940,641
940,642
940,643
940,644
940,645
940,646
940,647
940,648
940,649
940,650
940,651
940,652
940,653
940,654
940,655
940,656
940,657
940,658
940,659
940,660
940,661
940,662
940,663
940,664
940,665
940,666
940,667
940,668
940,669
940,670
940,671
940,672
940,673
940,674
940,675
940,676
940,677
940,678
940,679
940,680
940,681
940,682
940,683
940,684
940,685
940,686
940,687
940,688
940,689
940,690
940,691
940,692
940,693
940,694
940,695
940,696
940,697
940,698
940,699
940,700
940,701
940,702
940,703
940,704
940,705
940,706
940,707
940,708
940,709
940,710
940,711
940,712
210,758
210,759
210,760
210,761
210,762
210,763
210,764
210,765
210,766
210,767
210,768
210,769
210,770
210,771
210,772
210,773
210,774
210,775
210,776
210,777
210,778
210,779
210,780
210,781
210,782
210,783
210,784
210,785
210,786
210,787
210,788
210,789
210,790
210,791
210,792
210,793
210,794
210,795
210,796
210,797
210,798
210,799
210,800
210,801
210,802
210,803
210,804
210,805
210,806
210,807
210,808
210,809
210,810
210,811
210,812
210,813
210,814
210,815
210,816
210,817
210,818
210,819
210,820
210,821
210,822
210,823
210,824
210,825
210,826
210,827
210,828
210,829
210,830
210,831
210,832
210,833
210,834
210,835
210,836
210,837
210,838
210,839
210,840
210,841
210,842
210,843
210,844
210,845
210,846
210,847
210,848
210,849
210,850
210,851
210,852
210,853
210,854
210,855
210,856
210,857
210,858
210,859
210,860
210,861
210,862
210,863
210,864
210,865
210,866
210,867
210,868
210,869
210,870
210,871
210,872
210,873
210,874
210,875
210,876
210,877
210,878
210,879
210,880
210,881
210,882
210,883
210,884
210,885
211,758
211,759
211,760
211,761
211,762
211,763
211,764
211,765
211,766
211,767
211,768
211,769
211,770
211,771
211,772
211,773
211,774
211,775
211,776
211,777
211,778
211,779
211,780
211,781
211,782
211,783
211,784
211,785
211,786
211,787
211,788
211,789
211,790
211,791
211,792
211,793
211,794
211,795
211,796
211,797
211,798
211,799
211,800
211,801
211,802
211,803
211,804
211,805
211,806
211,807
211,808
211,809
211,810
211,811
211,812
211,813
211,814
211,815
211,816
211,817
211,818
211,819
211,820
211,821
211,822
211,823
211,824
211,825
211,826
211,827
211,828
211,829
211,830
211,831
211,832
211,833
211,834
211,835
211,836
211,837
211,838
211,839
211,840
211,841
211,842
211,843
211,844
211,845
211,846
211,847
211,848
211,849
211,850
211,851
211,852
211,853
211,854
211,855
211,856
211,857
211,858
211,859
211,860
211,861
211,862
211,863
211,864
211,865
211,866
211,867
211,868
211,869
211,870
211,871
211,872
211,873
211,874
211,875
211,876
211,877
211,878
211,879
211,880
211,881
211,882
211,883
211,884
211,885
787,209
787,210
787,211
787,212
787,213
787,214
787,215
787,216
787,217
787,218
787,219
787,220
787,221
787,222
787,223
787,224
787,225
787,226
787,227
787,228
787,229
787,230
787,231
787,232
787,233
787,234
787,235
787,236
787,237
787,238
787,239
787,240
787,241
787,242
787,243
787,244
787,245
787,246
787,247
787,248
787,249
787,250
787,251
787,252
787,253
787,254
787,255
787,256
787,257
787,258
787,259
787,260
787,261
787,262
787,263
787,264
787,265
787,266
787,267
787,268
787,269
787,270
787,271
787,272
787,273
787,274
787,275
787,276
787,277
787,278
787,279
787,280
787,281
787,282
787,283
787,284
787,285
787,286
787,287
787,288
787,289
787,290
787,291
787,292
787,293
787,294
787,295
787,296
787,297
787,298
787,299
787,300
787,301
787,302
787,303
787,304
787,305
787,306
787,307
787,308
787,309
787,310
787,311
787,312
787,313
787,314
787,315
787,316
787,317
787,318
787,319
787,320
787,321
787,322
787,323
787,324
787,325
787,326
787,327
787,328
787,329
787,330
787,331
787,332
787,333
787,334
787,335
787,336
788,209
788,210
788,211
788,212
788,213
788,214
788,215
788,216
788,217
788,218
788,219
788,220
788,221
788,222
788,223
788,224
788,225
788,226
788,227
788,228
788,229
788,230
788,231
788,232
788,233
788,234
788,235
788,236
788,237
788,238
788,239
788,240
788,241
788,242
788,243
788,244
788,245
788,246
788,247
788,248
788,249
788,250
788,251
788,252
788,253
788,254
788,255
788,256
788,257
788,258
788,259
788,260
788,261
788,262
788,263
788,264
788,265
788,266
788,267
788,268
788,269
788,270
788,271
788,272
788,273
788,274
788,275
788,276
788,277
788,278
788,279
788,280
788,281
788,282
788,283
788,284
788,285
788,286
788,287
788,288
788,289
788,290
788,291
788,292
788,293
788,294
788,295
788,296
788,297
788,298
788,299
788,300
788,301
788,302
788,303
788,304
788,305
788,306
788,307
788,308
788,309
788,310
788,311
788,312
788,313
788,314
788,315
788,316
788,317
788,318
788,319
788,320
788,321
788,322
788,323
788,324
788,325
788,326
788,327
788,328
788,329
788,330
788,331
788,332
788,333
788,334
788,335
788,336
794,191
794,192
794,193
794,194
794,195
794,196
794,197
794,198
794,199
794,200
794,201
794,202
794,203
794,204
794,205
794,206
794,207
794,208
794,209
794,210
794,211
794,212
794,213
794,214
794,215
794,216
794,217
794,218
794,219
794,220
794,221
794,222
794,223
794,224
794,225
794,226
794,227
794,228
794,229
794,230
794,231
794,232
794,233
794,234
794,235
794,236
794,237
794,238
794,239
794,240
794,241
794,242
794,243
794,244
794,245
794,246
794,247
794,248
794,249
794,250
794,251
794,252
794,253
794,254
794,255
794,256
794,257
794,258
794,259
794,260
794,261
794,262
794,263
794,264
794,265
794,266
794,267
794,268
794,269
794,270
794,271
794,272
794,273
794,274
794,275
794,276
794,277
794,278
794,279
794,280
794,281
794,282
794,283
794,284
794,285
794,286
794,287
794,288
794,289
794,290
794,291
794,292
794,293
794,294
794,295
794,296
794,297
794,298
794,299
794,300
794,301
794,302
794,303
794,304
794,305
794,306
794,307
794,308
794,309
794,310
794,311
794,312
794,313
794,314
794,315
794,316
794,317
794,318
795,191
795,192
795,193
795,194
795,195
795,196
795,197
795,198
795,199
795,200
795,201
795,202
795,203
795,204
795,205
795,206
795,207
795,208
795,209
795,210
795,211
795,212
795,213
795,214
795,215
795,216
795,217
795,218
795,219
795,220
795,221
795,222
795,223
795,224
795,225
795,226
795,227
795,228
795,229
795,230
795,231
795,232
795,233
795,234
795,235
795,236
795,237
795,238
795,239
795,240
795,241
795,242
795,243
795,244
795,245
795,246
795,247
795,248
795,249
795,250
795,251
795,252
795,253
795,254
795,255
795,256
795,257
795,258
795,259
795,260
795,261
795,262
795,263
795,264
795,265
795,266
795,267
795,268
795,269
795,270
795,271
795,272
795,273
795,274
795,275
795,276
795,277
795,278
795,279
795,280
795,281
795,282
795,283
795,284
795,285
795,286
795,287
795,288
795,289
795,290
795,291
795,292
795,293
795,294
795,295
795,296
795,297
795,298
795,299
795,300
795,301
795,302
795,303
795,304
795,305
795,306
795,307
795,308
795,309
795,310
795,311
795,312
795,313
795,314
795,315
795,316
795,317
795,318
350,760
350,761
350,762
350,763
350,764
350,765
350,766
350,767
350,768
350,769
350,770
350,771
350,772
350,773
350,774
350,775
350,776
350,777
350,778
350,779
350,780
350,781
350,782
350,783
350,784
350,785
350,786
350,787
350,788
350,789
350,790
350,791
350,792
350,793
350,794
350,795
350,796
350,797
350,798
350,799
350,800
350,801
350,802
350,803
350,804
350,805
350,806
350,807
350,808
350,809
350,810
350,811
350,812
350,813
350,814
350,815
350,816
350,817
350,818
350,819
350,820
350,821
350,822
350,823
350,824
350,825
350,826
350,827
350,828
350,829
350,830
350,831
350,832
350,833
350,834
350,835
350,836
350,837
350,838
350,839
350,840
350,841
350,842
350,843
350,844
350,845
350,846
350,847
350,848
350,849
350,850
350,851
350,852
350,853
350,854
350,855
350,856
350,857
350,858
350,859
350,860
350,861
350,862
350,863
350,864
350,865
350,866
350,867
350,868
350,869
350,870
350,871
350,872
350,873
350,874
350,875
350,876
350,877
350,878
350,879
350,880
350,881
350,882
350,883
350,884
350,885
350,886
350,887
351,760
351,761
351,762
351,763
351,764
351,765
351,766
351,767
351,768
351,769
351,770
351,771
351,772
351,773
351,774
351,775
351,776
351,777
351,778
351,779
351,780
351,781
351,782
351,783
351,784
351,785
351,786
351,787
351,788
351,789
351,790
351,791
351,792
351,793
351,794
351,795
351,796
351,797
351,798
351,799
351,800
351,801
351,802
351,803
351,804
351,805
351,806
351,807
351,808
351,809
351,810
351,811
351,812
351,813
351,814
351,815
351,816
351,817
351,818
351,819
351,820
351,821
351,822
351,823
351,824
351,825
351,826
351,827
351,828
351,829
351,830
351,831
351,832
351,833
351,834
351,835
351,836
351,837
351,838
351,839
351,840
351,841
351,842
351,843
351,844
351,845
351,846
351,847
351,848
351,849
351,850
351,851
351,852
351,853
351,854
351,855
351,856
351,857
351,858
351,859
351,860
351,861
351,862
351,863
351,864
351,865
351,866
351,867
351,868
351,869
351,870
351,871
351,872
351,873
351,874
351,875
351,876
351,877
351,878
351,879
351,880
351,881
351,882
351,883
351,884
351,885
351,886
351,887
968,534
968,535
968,536
968,537
968,538
968,539
968,540
968,541
968,542
968,543
968,544
968,545
968,546
968,547
968,548
968,549
968,550
968,551
968,552
968,553
968,554
968,555
968,556
968,557
968,558
968,559
968,560
968,561
968,562
968,563
968,564
968,565
968,566
968,567
968,568
968,569
968,570
968,571
968,572
968,573
968,574
968,575
968,576
968,577
968,578
968,579
968,580
968,581
968,582
968,583
968,584
968,585
968,586
968,587
968,588
968,589
968,590
968,591
968,592
968,593
968,594
968,595
968,596
968,597
968,598
968,599
968,600
968,601
968,602
968,603
968,604
968,605
968,606
968,607
968,608
968,609
968,610
968,611
968,612
968,613
968,614
968,615
968,616
968,617
968,618
968,619
968,620
968,621
968,622
968,623
968,624
968,625
968,626
968,627
968,628
968,629
968,630
968,631
968,632
968,633
968,634
968,635
968,636
968,637
968,638
968,639
968,640
968,641
968,642
968,643
968,644
968,645
968,646
968,647
968,648
968,649
968,650
968,651
968,652
968,653
968,654
968,655
968,656
968,657
968,658
968,659
968,660
968,661
969,534
969,535
969,536
969,537
969,538
969,539
969,540
969,541
969,542
969,543
969,544
969,545
969,546
969,547
969,548
969,549
969,550
969,551
969,552
969,553
969,554
969,555
969,556
969,557
969,558
969,559
969,560
969,561
969,562
969,563
969,564
969,565
969,566
969,567
969,568
969,569
969,570
969,571
969,572
969,573
969,574
969,575
969,576
969,577
969,578
969,579
969,580
969,581
969,582
969,583
969,584
969,585
969,586
969,587
969,588
969,589
969,590
969,591
969,592
969,593
969,594
969,595
969,596
969,597
969,598
969,599
969,600
969,601
969,602
969,603
969,604
969,605
969,606
969,607
969,608
969,609
969,610
969,611
969,612
969,613
969,614
969,615
969,616
969,617
969,618
969,619
969,620
969,621
969,622
969,623
969,624
969,625
969,626
969,627
969,628
969,629
969,630
969,631
969,632
969,633
969,634
969,635
969,636
969,637
969,638
969,639
969,640
969,641
969,642
969,643
969,644
969,645
969,646
969,647
969,648
969,649
969,650
969,651
969,652
969,653
969,654
969,655
969,656
969,657
969,658
969,659
969,660
969,661
111,774
111,775
111,776
111,777
111,778
111,779
111,780
111,781
111,782
111,783
111,784
111,785
111,786
111,787
111,788
111,789
111,790
111,791
111,792
111,793
111,794
111,795
111,796
111,797
111,798
111,799
111,800
111,801
111,802
111,803
111,804
111,805
111,806
111,807
111,808
111,809
111,810
111,811
111,812
111,813
111,814
111,815
111,816
111,817
111,818
111,819
111,820
111,821
111,822
111,823
111,824
111,825
111,826
111,827
111,828
111,829
111,830
111,831
111,832
111,833
111,834
111,835
111,836
111,837
111,838
111,839
111,840
111,841
111,842
111,843
111,844
111,845
111,846
111,847
111,848
111,849
111,850
111,851
111,852
111,853
111,854
111,855
111,856
111,857
111,858
111,859
111,860
111,861
111,862
111,863
111,864
111,865
111,866
111,867
111,868
111,869
111,870
111,871
111,872
111,873
111,874
111,875
111,876
111,877
111,878
111,879
111,880
111,881
111,882
111,883
111,884
111,885
111,886
111,887
111,888
111,889
111,890
111,891
111,892
111,893
111,894
111,895
111,896
111,897
111,898
111,899
111,900
111,901
112,774
112,775
112,776
112,777
112,778
112,779
112,780
112,781
112,782
112,783
112,784
112,785
112,786
112,787
112,788
112,789
112,790
112,791
112,792
112,793
112,794
112,795
112,796
112,797
112,798
112,799
112,800
112,801
112,802
112,803
112,804
112,805
112,806
112,807
112,808
112,809
112,810
112,811
112,812
112,813
112,814
112,815
112,816
112,817
112,818
112,819
112,820
112,821
112,822
112,823
112,824
112,825
112,826
112,827
112,828
112,829
112,830
112,831
112,832
112,833
112,834
112,835
112,836
112,837
112,838
112,839
112,840
112,841
112,842
112,843
112,844
112,845
112,846
112,847
112,848
112,849
112,850
112,851
112,852
112,853
112,854
112,855
112,856
112,857
112,858
112,859
112,860
112,861
112,862
112,863
112,864
112,865
112,866
112,867
112,868
112,869
112,870
112,871
112,872
112,873
112,874
112,875
112,876
112,877
112,878
112,879
112,880
112,881
112,882
112,883
112,884
112,885
112,886
112,887
112,888
112,889
112,890
112,891
112,892
112,893
112,894
112,895
112,896
112,897
112,898
112,899
112,900
112,901
613,588
613,589
613,590
613,591
613,592
613,593
613,594
613,595
613,596
613,597
613,598
613,599
613,600
613,601
613,602
613,603
613,604
613,605
613,606
613,607
613,608
613,609
613,610
613,611
613,612
613,613
613,614
613,615
613,616
613,617
613,618
613,619
613,620
613,621
613,622
613,623
613,624
613,625
613,626
613,627
613,628
613,629
613,630
613,631
613,632
613,633
613,634
613,635
613,636
613,637
613,638
613,639
613,640
613,641
613,642
613,643
613,644
613,645
613,646
613,647
613,648
613,649
613,650
613,651
613,652
613,653
613,654
613,655
613,656
613,657
613,658
613,659
613,660
613,661
613,662
613,663
613,664
613,665
613,666
613,667
613,668
613,669
613,670
613,671
613,672
613,673
613,674
613,675
613,676
613,677
613,678
613,679
613,680
613,681
613,682
613,683
613,684
613,685
613,686
613,687
613,688
613,689
613,690
613,691
613,692
613,693
613,694
613,695
613,696
613,697
613,698
613,699
613,700
613,701
613,702
613,703
613,704
613,705
613,706
613,707
613,708
613,709
613,710
613,711
613,712
613,713
613,714
613,715
614,588
614,589
614,590
614,591
614,592
614,593
614,594
614,595
614,596
614,597
614,598
614,599
614,600
614,601
614,602
614,603
614,604
614,605
614,606
614,607
614,608
614,609
614,610
614,611
614,612
614,613
614,614
614,615
614,616
614,617
614,618
614,619
614,620
614,621
614,622
614,623
614,624
614,625
614,626
614,627
614,628
614,629
614,630
614,631
614,632
614,633
614,634
614,635
614,636
614,637
614,638
614,639
614,640
614,641
614,642
614,643
614,644
614,645
614,646
614,647
614,648
614,649
614,650
614,651
614,652
614,653
614,654
614,655
614,656
614,657
614,658
614,659
614,660
614,661
614,662
614,663
614,664
614,665
614,666
614,667
614,668
614,669
614,670
614,671
614,672
614,673
614,674
614,675
614,676
614,677
614,678
614,679
614,680
614,681
614,682
614,683
614,684
614,685
614,686
614,687
614,688
614,689
614,690
614,691
614,692
614,693
614,694
614,695
614,696
614,697
614,698
614,699
614,700
614,701
614,702
614,703
614,704
614,705
614,706
614,707
614,708
614,709
614,710
614,711
614,712
614,713
614,714
614,715